2 0.00 0.00 0.00
22 0.00 0.00 0.00
42 0.00 0.00 0.00
62 0.00 0.00 0.00
82 0.00 0.00 0.00
102 0.00 0.00 0.00
122 0.00 0.00 0.00
142 0.01 0.01 0.00
162 0.01 0.01 0.00
182 0.02 0.02 0.00
202 0.03 0.03 0.00
222 0.04 0.04 0.00
242 0.05 0.05 0.00
262 0.07 0.07 0.00
282 0.09 0.09 0.00
302 0.11 0.11 0.00
322 0.14 0.13 0.00
342 0.16 0.16 0.00
362 0.19 0.19 0.00
382 0.23 0.22 0.00
402 0.29 0.28 0.00
422 0.31 0.31 0.00
442 0.36 0.36 0.00
462 0.41 0.41 0.00
482 0.47 0.47 0.00
502 0.53 0.53 0.00
522 0.62 0.62 0.00
542 0.73 0.72 0.00
562 0.77 0.77 0.00
582 0.83 0.82 0.00
602 0.93 0.93 0.00
622 1.01 1.01 0.00
642 1.13 1.12 0.00
662 1.23 1.23 0.00
682 1.40 1.40 0.00
702 1.48 1.47 0.00
722 1.62 1.61 0.00
742 1.77 1.77 0.00
762 2.34 2.34 0.00
782 2.49 2.48 0.00
802 2.46 2.45 0.00
822 2.44 2.43 0.00
842 2.63 2.63 0.00
862 2.86 2.85 0.00
882 3.18 3.17 0.00
902 3.27 3.27 0.00
922 3.54 3.53 0.00
942 3.98 3.98 0.00
962 5.73 5.72 0.00
