2 0.00 0.00 0.00
22 0.00 0.00 0.00
42 0.00 0.00 0.00
62 0.00 0.00 0.00
82 0.00 0.00 0.00
102 0.00 0.00 0.00
122 0.00 0.00 0.00
142 0.00 0.00 0.00
162 0.00 0.00 0.00
182 0.00 0.00 0.00
202 0.00 0.00 0.00
222 0.00 0.00 0.00
242 0.00 0.00 0.00
262 0.01 0.01 0.00
282 0.01 0.01 0.00
302 0.01 0.01 0.00
322 0.02 0.02 0.00
342 0.02 0.02 0.00
362 0.02 0.02 0.00
382 0.04 0.04 0.00
402 0.03 0.03 0.00
422 0.04 0.04 0.00
442 0.05 0.04 0.00
462 0.05 0.05 0.00
482 0.06 0.06 0.00
502 0.07 0.07 0.00
522 0.08 0.08 0.00
542 0.11 0.11 0.00
562 0.14 0.13 0.00
582 0.14 0.13 0.00
602 0.13 0.13 0.00
622 0.17 0.17 0.00
642 0.17 0.17 0.00
662 0.19 0.19 0.00
682 0.20 0.20 0.00
702 0.27 0.27 0.00
722 0.26 0.25 0.00
742 0.28 0.28 0.00
762 0.35 0.35 0.00
782 0.38 0.38 0.00
802 0.38 0.38 0.00
822 0.40 0.40 0.00
842 0.44 0.43 0.00
862 0.51 0.51 0.00
882 0.50 0.50 0.00
902 0.54 0.54 0.00
922 0.57 0.57 0.00
942 0.71 0.71 0.00
962 1.18 1.18 0.00
