0;0.862848;0.050176;1.78307
1;0.428576;0.025376;1.36618
2;0.071616;0.008192;0.069504
3;0.356192;0.020672;0.709344
4;1.00454;0.060416;3.81187
5;0.849472;0.050176;0.881376
6;0.452768;0.026624;0.4576
7;0.4312;0.024576;0.436064
8;0.356672;0.02048;0.362592
9;0.355456;0.02048;0.362848
10;0.418944;0.023552;0.416544
11;0.46128;0.027392;0.456608
12;0.419232;0.023296;0.42016
13;0.071584;0.008192;0.06944
14;0.837568;0.049152;0.829088
15;0.45232;0.026624;0.458272
16;0.839232;0.049152;0.838336
17;0.419552;0.024576;0.424896
18;0.071552;0.008192;0.069472
19;0.420096;0.025344;0.43344
20;0.355392;0.02048;0.362432
21;0.355744;0.02048;0.362112
22;0.841312;0.050176;0.859264
23;0.841216;0.050176;0.863552
24;0.356448;0.020704;0.363904
25;0.410144;0.023328;0.415936
26;0.35616;0.02048;0.363648
27;0.431648;0.0256;0.436928
28;0.45232;0.026624;0.457856
29;1.11558;0.06144;0.998368
30;0.356416;0.02128;0.363456
31;0.410656;0.02432;0.416352
32;0.452224;0.026624;0.462368
33;0.451808;0.026624;0.456704
34;0.419872;0.024576;0.424928
35;0.43104;0.0256;0.441664
36;0.45184;0.026624;0.457536
37;0.431072;0.0256;0.436608
38;0.45248;0.026624;0.466272
39;0.430944;0.0256;0.441696
40;0.83872;0.049152;0.838688
41;0.35536;0.02048;0.362336
42;0.996256;0.06144;0.992832
43;0.452352;0.026624;0.457504
44;0.841216;0.050176;0.873248
45;0.839648;0.049152;0.829536
46;0.452096;0.026624;0.456672
47;0.46144;0.026624;0.448992
48;0.996416;0.06144;0.983808
49;0.440352;0.024576;0.43648
50;0.411168;0.024352;0.416864
51;0.43104;0.024576;0.436512
52;0.411552;0.02432;0.417056
53;0.356448;0.020704;0.363648
54;0.411392;0.022528;0.418016
55;0.431072;0.024576;0.436544
56;0.411136;0.024576;0.421088
57;0.45264;0.026624;0.448448
58;0.35536;0.02048;0.362368
59;0.357184;0.02048;0.363744
60;0.430624;0.0256;0.436672
61;0.99632;0.06144;1.00218
62;0.411584;0.02432;0.418464
63;0.411424;0.024512;0.421952
64;0.460832;0.026624;0.461856
65;0.452096;0.026624;0.447392
66;0.431488;0.0256;0.43712
67;0.40992;0.023328;0.42016
68;0.355808;0.02048;0.362688
69;0.461152;0.027424;0.457696
70;0.840064;0.049344;0.849888
71;0.411392;0.024352;0.417952
72;0.410752;0.023552;0.416416
73;0.452448;0.026624;0.457664
74;0.071616;0.008192;0.069504
75;0.43136;0.026368;0.436992
76;0.847616;0.050176;0.839008
77;0.452288;0.026624;0.462496
78;0.411392;0.023552;0.42096
79;0.07168;0.008192;0.069472
80;0.410208;0.023808;0.421664
81;0.431424;0.024576;0.428576
82;0.995616;0.062464;0.989184
83;0.356608;0.02048;0.363104
84;0.358016;0.02048;0.363744
85;0.356544;0.02048;0.363424
86;0.99648;0.06144;0.997472
87;0.431392;0.0256;0.441152
88;0.995904;0.06144;0.99872
89;0.839264;0.049152;0.851744
90;0.432;0.024576;0.44288
91;0.453248;0.026624;0.456704
92;0.411872;0.022528;0.418976
93;0.411872;0.023584;0.4192
94;0.419392;0.024576;0.424864
95;0.452288;0.026624;0.457952
96;0.411296;0.02432;0.427168
97;0.419392;0.024576;0.424928
98;0.412;0.023296;0.418208
99;0.431136;0.0256;0.436576
100;0.431776;0.0264;0.436544
101;0.461472;0.026624;0.56352
102;0.995584;0.06144;0.993696
103;0.419264;0.024576;0.425024
104;0.071584;0.008192;0.0696
105;0.356192;0.020672;0.362656
106;1.00291;0.06144;0.99824
107;0.996064;0.060416;1.00787
108;0.355936;0.02048;0.362848
109;0.355424;0.02048;0.36272
110;0.452736;0.026624;0.457888
111;0.430944;0.024576;0.436512
112;0.071584;0.008192;0.069504
113;0.451104;0.026624;0.457216
114;0.419488;0.023328;0.416064
115;0.43136;0.0256;0.43664
116;0.431616;0.0256;0.442688
117;0.431296;0.024576;0.440704
118;0.996288;0.06144;0.993184
119;0.450208;0.029984;0.4576
120;0.43152;0.0256;0.436832
121;0.355552;0.02048;0.362368
122;0.43136;0.0256;0.436736
123;0.452384;0.026624;0.456928
124;0.462144;0.026624;0.449248
125;0.452928;0.026624;0.4568
126;0.43088;0.0256;0.442208
127;0.836224;0.053248;0.86528
128;0.452576;0.026624;0.456704
129;0.451744;0.026624;0.45824
130;0.409952;0.022784;0.415712
131;0.071616;0.008192;0.069568
132;0.411968;0.023552;0.422592
133;0.356256;0.02048;0.362848
134;0.410368;0.022656;0.416128
135;0.849824;0.050176;0.864256
136;0.452576;0.026624;0.457184
137;0.452544;0.026624;0.462656
138;0.848256;0.049152;0.833408
139;0.431936;0.024576;0.436096
140;0.838912;0.049248;0.838112
141;0.419552;0.024576;0.429952
142;0.41904;0.023328;0.414944
143;0.419616;0.024576;0.42496
144;0.419296;0.024576;0.424608
145;0.83904;0.049152;0.837664
146;0.419584;0.024576;0.430208
147;0.356448;0.02048;0.362464
148;0.41008;0.023328;0.415936
149;0.440032;0.024576;0.437248
150;0.411552;0.022816;0.41824
151;0.071648;0.008192;0.069728
152;0.996672;0.06144;0.993152
153;0.996512;0.06144;0.992032
154;0.452416;0.026624;0.462208
155;0.840576;0.050176;0.86496
156;0.410944;0.023552;0.418048
157;0.84864;0.049152;0.838624
158;0.071904;0.008192;0.069632
159;0.840192;0.050176;0.86768
160;0.071552;0.008192;0.069536
161;0.8416;0.050176;0.867936
162;1.00067;0.06144;0.997824
163;0.4528;0.026624;0.456768
164;0.356192;0.02048;0.36336
165;0.431552;0.0256;0.442144
166;0.356544;0.021504;0.372384
167;0.99648;0.06144;0.99744
168;0.356416;0.02048;0.362912
169;0.452096;0.027424;0.457216
170;0.452256;0.026624;0.457696
171;0.356384;0.02048;0.362912
172;0.410688;0.02432;0.416608
173;0.410464;0.023392;0.407392
174;0.995616;0.06144;1.00214
175;0.452512;0.026624;0.45696
176;0.431776;0.0256;0.436576
177;0.411584;0.022528;0.423104
178;0.430752;0.024576;0.436768
179;0.843136;0.052224;0.843008
180;0.836448;0.049152;0.843712
181;0.35616;0.02048;0.363712
182;0.071584;0.008192;0.06944
183;0.410336;0.022528;0.416384
184;0.41936;0.023328;0.415648
185;0.071744;0.008992;0.069504
186;0.431168;0.0256;0.441664
187;0.431392;0.024576;0.43632
188;0.356288;0.021504;0.372352
189;0.839808;0.050176;0.862176
190;0.45248;0.026624;0.461888
191;0.431392;0.024576;0.436704
192;0.432064;0.024576;0.436448
193;0.838432;0.049152;0.838432
194;0.071552;0.008192;0.069472
195;0.452064;0.026624;0.456704
196;0.35616;0.020736;0.363104
197;0.410176;0.023296;0.416544
198;0.841984;0.050176;0.864384
199;0.431072;0.024576;0.435648
200;0.355456;0.02048;0.3624
201;0.419296;0.024576;0.439168
202;0.419072;0.024576;0.438688
203;0.451872;0.026624;0.457856
204;0.453056;0.026624;0.457216
205;0.84192;0.050176;0.868576
206;0.374368;0.02048;0.362368
207;0.35648;0.02048;0.362624
208;0.841472;0.050176;0.864672
209;0.841344;0.050176;0.868032
210;0.411072;0.024352;0.417536
211;1.11866;0.06144;1.08358
212;0.452416;0.026624;0.448128
213;0.365504;0.021312;0.362944
214;0.410912;0.022528;0.40944
215;0.432064;0.024576;0.436768
216;0.419808;0.024576;0.425472
217;0.840864;0.050176;0.872544
218;0.995744;0.06144;1.00186
219;0.997312;0.06144;0.997952
220;0.841728;0.050176;0.872896
221;0.451776;0.026624;0.456768
222;0.838304;0.049152;0.852896
223;0.431168;0.024576;0.436864
224;0.071616;0.008192;0.069504
225;0.838848;0.049152;0.838912
226;0.431872;0.024576;0.44064
227;0.99552;0.06144;0.992352
228;0.452672;0.027424;0.4704
229;0.412288;0.022528;0.431648
230;0.428288;0.024576;0.424896
231;0.410208;0.022528;0.415872
232;0.355488;0.02048;0.362464
233;0.356704;0.02048;0.362944
234;0.44016;0.0256;0.441664
235;0.355808;0.02048;0.362336
236;0.995936;0.06224;1.00739
237;0.411552;0.022528;0.423104
238;0.447104;0.022528;0.425184
239;0.440768;0.0256;0.427872
240;0.408448;0.023552;0.408544
241;0.419584;0.024576;0.416736
242;0.356;0.02048;0.35296
243;0.840704;0.050176;0.859008
244;0.071616;0.008192;0.069472
245;0.409248;0.022528;0.406112
246;0.419424;0.024576;0.416
247;0.452288;0.026624;0.448192
248;0.453504;0.026624;0.448
249;0.452544;0.026624;0.457888
250;0.356832;0.02048;0.363744
251;0.452512;0.026624;0.447456
252;0.356096;0.02048;0.353184
253;0.84112;0.050176;0.859072
254;0.840832;0.050176;0.858528
255;0.355712;0.02048;0.354112
256;0.416512;0.024576;0.416096
257;0.452448;0.026624;0.447648
258;0.356544;0.02048;0.35392
259;0.452192;0.026624;0.457216
260;0.40112;0.023552;0.415712
261;0.452544;0.026624;0.448352
262;0.356736;0.02128;0.362176
263;0.35568;0.021248;0.35312
264;0.842112;0.050176;0.849568
265;0.410048;0.023328;0.406528
266;0.409952;0.022528;0.40624
267;0.412032;0.022528;0.418144
268;0.356256;0.02048;0.353376
269;0.431456;0.024576;0.427648
270;0.411424;0.023328;0.408832
271;0.838528;0.049152;0.828832
272;0.411968;0.023552;0.417952
273;0.431616;0.0256;0.432416
274;0.410432;0.023552;0.406592
275;0.431296;0.0256;0.427584
276;0.995968;0.061216;0.9848
277;0.996;0.06144;0.984832
278;0.452672;0.026624;0.457792
279;0.84064;0.050176;0.867712
280;0.411712;0.023552;0.41824
281;0.431104;0.0256;0.427552
282;0.841088;0.050176;0.849696
283;0.410912;0.023552;0.407616
284;0.43136;0.0256;0.427904
285;0.411968;0.023328;0.409056
286;0.35584;0.02048;0.362624
287;0.071584;0.008192;0.069504
288;0.443456;0.026624;0.447936
289;0.357056;0.02048;0.353888
290;0.452576;0.026624;0.447936
291;0.402848;0.023296;0.408352
292;0.423008;0.024576;0.427072
293;0.071584;0.008192;0.069472
294;0.35584;0.02048;0.354176
295;0.838688;0.049152;0.830496
296;0.356128;0.02128;0.354208
297;0.452992;0.026624;0.458144
298;0.411424;0.023328;0.409312
299;0.409952;0.023328;0.415744
300;0.356032;0.02048;0.353696
301;0.452448;0.026624;0.448864
302;0.411904;0.023552;0.409376
303;0.431008;0.025344;0.426432
304;0.430848;0.0256;0.428288
305;0.453344;0.026624;0.447456
306;0.452736;0.026624;0.44864
307;0.356832;0.02048;0.353216
308;0.4312;0.024576;0.426848
309;0.071616;0.008192;0.069472
310;0.071328;0.008192;0.06912
311;0.410368;0.023584;0.430656
312;0.452512;0.026624;0.490048
313;0.411488;0.023328;0.40928
314;0.365632;0.021504;0.353696
315;1.0336;0.06144;0.983712
316;0.452032;0.026624;0.448064
317;0.35632;0.02048;0.353568
318;0.841248;0.050176;0.859264
319;0.461792;0.026624;0.44816
320;1.01059;0.06144;0.983616
321;1.00061;0.06144;1.0391
322;0.431008;0.025344;0.427712
323;0.41056;0.022528;0.406496
324;0.366016;0.02048;0.354016
325;0.452096;0.026624;0.447456
326;0.461472;0.026624;0.448928
327;0.411648;0.022528;0.450848
328;0.452512;0.026624;0.43952
329;0.356832;0.02048;0.390944
330;0.453248;0.026624;0.452544
331;0.43104;0.024576;0.427296
332;0.461376;0.026624;0.4664
333;0.411072;0.023552;0.44928
334;0.452704;0.026624;0.447488
335;1.00522;0.06144;0.983744
336;0.841152;0.050176;0.859328
337;0.43152;0.0256;0.427488
338;0.45232;0.026624;0.447872
339;0.471008;0.026624;0.480768
340;0.452736;0.026624;0.447584
341;0.432448;0.0256;0.427712
342;0.35888;0.02048;0.35408
343;0.366144;0.021504;0.372512
344;0.452736;0.026624;0.471136
345;0.805984;0.049152;0.859488
346;0.84928;0.050176;0.909216
347;0.356896;0.02048;0.362368
348;0.45008;0.024576;0.424832
349;0.483168;0.026624;0.45616
350;0.483232;0.026624;0.4584
351;0.387104;0.021504;0.363328
352;0.461952;0.0256;0.43552
353;0.474656;0.026624;0.457408
354;0.43248;0.023552;0.41488
355;0.447136;0.024576;0.425696
356;0.976032;0.06144;0.992448
357;0.369536;0.024576;0.439616
358;0.442304;0.022528;0.418592
359;1.01584;0.06144;0.998304
360;0.373952;0.022528;0.414848
361;0.36496;0.024576;0.424768
362;0.448192;0.026624;0.456736
363;0.452928;0.0256;0.428256
364;0.386528;0.02048;0.362368
365;0.387008;0.02048;0.363392
366;0.972512;0.050176;0.874496
367;0.497632;0.026624;0.456672
368;0.431776;0.02336;0.406528
369;0.405856;0.02048;0.362656
370;0.84032;0.049952;0.837536
371;0.44256;0.023296;0.417472
372;0.833184;0.050176;0.863968
373;0.418176;0.024576;0.44304
374;1.00848;0.049184;0.840096
375;0.432448;0.024352;0.420512
376;0.562336;0.026624;0.457376
377;0.965216;0.050176;0.886528
378;0.45264;0.024576;0.458336
379;0.534304;0.026624;0.457632
380;0.474848;0.02432;0.421088
381;0.434048;0.023328;0.442176
382;0.378144;0.021504;0.354464
383;0.432544;0.023552;0.421088
384;0.40096;0.022688;0.415232
385;0.407104;0.023552;0.439616
386;1.00614;0.049152;0.837632
387;0.462112;0.024576;0.436896
388;0.441344;0.024576;0.414592
389;0.975968;0.049152;0.840128
390;0.514176;0.026624;0.457216
391;0.96416;0.050176;0.869024
392;0.460832;0.022528;0.422016
393;1.15235;0.06144;1.02378
394;0.377408;0.02048;0.362368
395;0.456384;0.0256;0.4376
396;0.432416;0.022528;0.418848
397;0.386592;0.02048;0.35328
398;0.483392;0.026624;0.480608
399;0.973728;0.050176;0.873632
400;1.11354;0.060416;1.00288
401;0.071584;0.008192;0.06976
402;0.385568;0.02048;0.362048
403;0.428544;0.0256;0.441632
404;0.451008;0.0256;0.427648
405;1.128;0.06144;1.00326
406;0.462112;0.025376;0.436416
407;0.474816;0.026624;0.45168
408;0.874208;0.050176;0.867968
409;0.377568;0.02048;0.361792
410;0.525408;0.026624;0.461888
411;0.473888;0.027392;0.4568
412;0.071648;0.008192;0.069472
413;0.487456;0.026624;0.489536
414;0.38736;0.02048;0.362624
415;0.477344;0.026624;0.46288
416;0.462016;0.0256;0.468736
417;0.510048;0.024576;0.457856
418;0.34736;0.02048;0.371616
419;0.411136;0.024576;0.429376
420;0.38656;0.02048;0.37104
421;0.997472;0.050176;0.919808
422;0.423296;0.024576;0.478464
423;0.38736;0.02048;0.372
424;0.45088;0.024352;0.42064
425;0.441248;0.023328;0.420384
426;0.431424;0.023328;0.422048
427;0.384128;0.023296;0.441696
428;1.06022;0.049312;0.860832
429;0.461984;0.024576;0.458048
430;0.071584;0.008192;0.069472
431;0.461344;0.024576;0.439616
432;0.483296;0.026624;0.49008
433;0.512384;0.023328;0.449184
434;0.071712;0.008192;0.069472
435;0.386528;0.02048;0.363648
436;0.483072;0.026624;0.460384
437;0.395904;0.02128;0.371072
438;0.480896;0.026624;0.462848
439;0.440928;0.023552;0.448832
440;0.553056;0.026624;0.461888
441;0.38688;0.02048;0.362912
442;0.492288;0.026624;0.460608
443;0.976544;0.049152;0.889728
444;0.440992;0.023328;0.44784
445;0.493952;0.023296;0.4496
446;0.450304;0.024576;0.42992
447;0.071616;0.008192;0.06944
448;0.386368;0.020576;0.372224
449;0.462272;0.024576;0.478816
450;0.450272;0.024576;0.457536
451;1.05699;0.06144;0.994208
452;0.071584;0.008192;0.069472
453;0.431616;0.02336;0.405696
454;0.071584;0.008192;0.069536
455;0.431648;0.024576;0.41456
456;0.473664;0.027424;0.456544
457;0.464;0.024576;0.428352
458;0.429792;0.023552;0.408128
459;0.37776;0.02048;0.35328
460;0.43072;0.023552;0.408736
461;0.424544;0.026624;0.448352
462;0.475168;0.022528;0.431264
463;0.4856;0.0256;0.427296
464;0.4528;0.024576;0.426496
465;0.476832;0.026624;0.44832
466;0.832672;0.050176;0.867776
467;0.431904;0.022528;0.407008
468;0.47392;0.027392;0.457152
469;0.522784;0.026624;0.457664
470;0.89568;0.049344;0.839296
471;0.890912;0.050976;0.848896
472;0.480288;0.0264;0.436544
473;0.43888;0.024576;0.416704
474;0.369568;0.021504;0.353888
475;0.376192;0.0256;0.427328
476;0.431776;0.023552;0.405344
477;0.925568;0.049152;0.837792
478;0.48048;0.026624;0.448224
479;0.93808;0.049312;0.838912
480;0.071616;0.008192;0.069472
481;0.430752;0.023328;0.406528
482;0.432224;0.024576;0.414688
483;0.423072;0.022528;0.406624
484;0.425312;0.026624;0.4576
485;1.12762;0.06144;0.994624
486;0.431808;0.023552;0.40704
487;0.431744;0.022528;0.406368
488;0.837536;0.050176;0.868832
489;0.47632;0.026624;0.448256
490;0.452928;0.024576;0.427488
491;0.895616;0.050176;0.83984
492;0.874688;0.050176;0.86944
493;0.377408;0.02048;0.352832
494;0.992736;0.06144;0.994144
495;0.364608;0.023552;0.4152
496;0.893536;0.050176;0.87344
497;0.378144;0.02048;0.363488
498;0.891104;0.04928;0.838976
499;0.473856;0.026624;0.456928
500;0.473248;0.026624;0.448256
501;0.474016;0.026624;0.447552
502;0.37824;0.02048;0.363104
503;1.14701;0.06144;0.985216
504;0.337792;0.02048;0.35264
505;1.0535;0.06144;0.994624
506;0.071616;0.008192;0.069568
507;0.440096;0.024576;0.423904
508;0.373888;0.023552;0.407552
509;0.883104;0.049216;0.83936
510;1.09411;0.06144;0.99408
511;0.473824;0.026624;0.447584
512;0.452672;0.0264;0.441184
513;0.87056;0.050176;0.868576
514;0.452768;0.0256;0.435904
515;0.377472;0.02048;0.35296
516;0.071616;0.008192;0.069472
517;0.305248;0.02048;0.362272
518;0.37744;0.02048;0.352672
519;0.071616;0.008992;0.06944
520;0.396064;0.026624;0.448064
521;0.431808;0.022528;0.41504
522;0.452928;0.0256;0.427584
523;0.886976;0.049152;0.847776
524;0.328992;0.02128;0.371904
525;0.378112;0.021376;0.35344
526;0.893888;0.050176;0.859584
527;0.07168;0.008192;0.069472
528;0.450816;0.024576;0.42816
529;0.319904;0.02048;0.3624
530;0.47392;0.026624;0.44752
531;0.465216;0.026624;0.448224
532;0.452384;0.0256;0.44064
533;0.3976;0.024576;0.424928
534;0.452992;0.024576;0.426976
535;0.378176;0.020736;0.353312
536;0.95536;0.050176;0.838688
537;0.474112;0.026368;0.465856
538;0.378176;0.02048;0.372288
539;0.423712;0.023552;0.406816
540;0.474048;0.026624;0.449568
541;0.38624;0.0256;0.426848
542;0.43184;0.023552;0.405696
543;1.01702;0.06144;0.994272
544;0.89376;0.050176;0.873696
545;0.405344;0.02048;0.352704
546;0.515904;0.026624;0.447488
547;0.46496;0.026624;0.457152
548;0.55264;0.026624;0.446944
549;0.4528;0.0256;0.436608
550;1.04042;0.06144;0.998368
551;0.441056;0.024576;0.414656
552;0.391168;0.026656;0.457856
553;0.496448;0.026624;0.456992
554;0.45296;0.0264;0.436768
555;0.3696;0.020576;0.35344
556;0.071616;0.008192;0.069472
557;0.409024;0.023552;0.409248
558;0.378176;0.021504;0.3544
559;0.47392;0.026624;0.44736
560;0.452608;0.024576;0.415552
561;0.449312;0.026624;0.446912
562;0.431488;0.022528;0.409696
563;0.473888;0.026624;0.447552
564;0.465568;0.026624;0.448416
565;0.50672;0.026624;0.457408
566;0.431808;0.023328;0.40656
567;0.440864;0.024576;0.41488
568;0.453024;0.024576;0.427392
569;0.415968;0.026624;0.447456
570;0.431872;0.022528;0.40656
571;0.369312;0.021504;0.353856
572;0.071616;0.008192;0.069536
573;0.439968;0.023328;0.41552
574;0.968512;0.050176;0.882912
575;0.297216;0.02048;0.36352
576;0.473888;0.026624;0.460352
577;0.3784;0.020576;0.362592
578;0.450208;0.024576;0.429984
579;0.93552;0.049152;0.945152
580;0.947168;0.049152;0.86752
581;0.450144;0.024576;0.423904
582;0.436512;0.0264;0.460352
583;0.30608;0.021248;0.37232
584;0.525184;0.026624;0.47056
585;0.441056;0.023584;0.43856
586;0.525088;0.026816;0.470048
587;0.412608;0.024576;0.44336
588;0.506816;0.026624;0.470112
589;0.442624;0.023328;0.440736
590;0.530304;0.023328;0.414912
591;0.462464;0.024576;0.436512
592;0.438144;0.023328;0.41584
593;0.071776;0.008192;0.06992
594;0.337344;0.02048;0.352608
595;0.4504;0.022816;0.415488
596;0.46224;0.0256;0.449888
597;0.387456;0.02048;0.363104
598;1.05232;0.050176;0.869344
599;0.525152;0.026624;0.470048
600;0.996544;0.04944;0.894272
601;0.390048;0.023296;0.423136
602;0.071648;0.008192;0.069472
603;0.433824;0.026624;0.457344
604;1.13789;0.061216;1.05405
605;0.43456;0.026624;0.447648
606;0.305088;0.02048;0.362144
607;0.433568;0.020736;0.362912
608;0.071648;0.008192;0.069472
609;0.430688;0.023328;0.415392
610;0.952128;0.050176;0.848768
611;0.431488;0.022528;0.415936
612;0.461632;0.024576;0.439904
613;0.071616;0.008192;0.069728
614;0.33648;0.02048;0.362368
615;0.957568;0.049344;0.85088
616;0.4624;0.0256;0.435584
617;0.47408;0.026624;0.467072
618;0.377856;0.02048;0.37184
619;0.442368;0.023328;0.417056
620;0.071616;0.008192;0.069504
621;0.9688;0.04992;0.87216
622;0.458528;0.026624;0.487968
623;1.1;0.06224;0.999296
624;0.453184;0.0256;0.441664
625;1.05293;0.050176;0.8736
626;0.441152;0.022656;0.438624
627;0.45792;0.024576;0.425792
628;0.071648;0.00896;0.069632
629;0.446528;0.023296;0.44144
630;0.482784;0.026624;0.488256
631;0.432576;0.024576;0.449248
632;1.13584;0.06144;0.994752
633;1.02595;0.050176;0.87392
634;0.450112;0.024576;0.42448
635;0.442624;0.023328;0.4224
636;0.525536;0.026624;0.466176
637;0.377408;0.02048;0.35264
638;1.11382;0.06144;0.99424
639;1.12982;0.061408;0.996032
640;0.826304;0.050176;0.877696
641;0.386624;0.02048;0.362496
642;0.462176;0.0256;0.441696
643;0.453664;0.024576;0.435776
644;0.461344;0.0256;0.437024
645;0.379712;0.022528;0.4176
646;0.504096;0.0256;0.45088
647;0.338912;0.021504;0.372384
648;0.07168;0.008192;0.069792
649;0.46112;0.025376;0.436416
650;0.38736;0.021504;0.354624
651;0.48272;0.0264;0.457088
652;0.395456;0.026624;0.46288
653;1.06746;0.06144;1.01174
654;0.48304;0.026624;0.460352
655;0.462368;0.024576;0.436352
656;1.06691;0.062208;1.01709
657;0.481408;0.024608;0.429408
658;0.407552;0.023552;0.425632
659;0.441664;0.024352;0.429824
660;0.44096;0.024576;0.415648
661;0.452544;0.024576;0.427008
662;0.884096;0.050176;0.869472
663;0.452928;0.025376;0.4368
664;0.377376;0.02048;0.362208
665;0.43312;0.023296;0.417376
666;0.071616;0.008192;0.069472
667;0.401984;0.02048;0.363072
668;0.43168;0.022528;0.405472
669;0.474304;0.026624;0.44864
670;0.377632;0.02048;0.352672
671;0.910208;0.049152;0.84
672;0.296352;0.02048;0.35328
673;1.06592;0.060416;0.993504
674;0.472704;0.026624;0.448352
675;0.474624;0.026624;0.457216
676;0.403744;0.024576;0.42736
677;0.488192;0.026624;0.463104
678;0.416832;0.026624;0.457312
679;0.071616;0.008192;0.069504
680;0.931232;0.050176;0.868672
681;0.383168;0.024576;0.416256
682;0.809184;0.050176;0.86784
683;0.45296;0.024576;0.427744
684;1.00544;0.04928;0.839584
685;0.366624;0.02432;0.416832
686;0.453184;0.025344;0.427456
687;0.43328;0.023552;0.408928
688;0.071616;0.008192;0.069472
689;0.430656;0.023328;0.415328
690;0.474272;0.026624;0.457344
691;0.453376;0.024576;0.425984
692;0.432576;0.023552;0.407808
693;0.473728;0.024576;0.428896
694;0.375264;0.023552;0.409664
695;0.40512;0.021248;0.353408
696;0.461632;0.024576;0.426496
697;0.071616;0.008192;0.069472
698;0.376544;0.02048;0.353184
699;0.432256;0.022528;0.405888
700;0.474048;0.026624;0.457216
701;0.473888;0.026624;0.456448
702;0.462752;0.0256;0.460064
703;0.413088;0.025376;0.449184
704;0.386688;0.024352;0.449568
705;0.90768;0.050176;0.902848
706;0.071584;0.008192;0.069472
707;1.02506;0.049152;0.882592
708;0.462688;0.0264;0.469888
709;0.392064;0.023488;0.420384
710;0.425504;0.02432;0.447808
711;0.071616;0.008192;0.069504
712;0.491392;0.026624;0.490496
713;0.473056;0.026624;0.490336
714;0.442624;0.023296;0.422592
715;0.492288;0.027424;0.461888
716;0.483392;0.026624;0.471936
717;0.4112;0.024576;0.457088
718;0.387392;0.02048;0.362528
719;0.386624;0.02048;0.361824
720;0.441024;0.023328;0.420896
721;0.540832;0.024576;0.448832
722;1.07414;0.050176;0.909568
723;0.441856;0.023808;0.44976
724;0.493856;0.024384;0.440352
725;0.439424;0.026624;0.490496
726;0.901856;0.04992;0.869696
727;0.378272;0.020736;0.362656
728;0.071584;0.008192;0.069504
729;0.430784;0.023328;0.407232
730;0.429568;0.026624;0.447232
731;0.464672;0.024576;0.416288
732;0.466368;0.022528;0.409024
733;0.809344;0.050176;0.867456
734;0.43184;0.022528;0.406784
735;0.4136;0.0256;0.426656
736;0.474304;0.026624;0.44912
737;1.03117;0.06144;0.995424
738;0.379776;0.023552;0.417792
739;0.396928;0.026624;0.458112
740;0.881888;0.049152;0.83984
741;0.440832;0.024576;0.414688
742;0.479072;0.026624;0.448128
743;0.432864;0.023552;0.415392
744;0.441312;0.024576;0.415552
745;0.329088;0.02048;0.35328
746;0.483392;0.026624;0.456832
747;0.432256;0.023552;0.40816
748;0.88512;0.050176;0.859904
749;0.311328;0.02048;0.353408
750;0.379552;0.021504;0.353504
751;0.47392;0.026624;0.456704
752;0.378176;0.02048;0.353888
753;0.88144;0.050048;0.838464
754;0.337824;0.021312;0.362912
755;0.441248;0.024576;0.415776
756;0.071584;0.008192;0.069472
757;0.473664;0.026624;0.45744
758;0.883168;0.050176;0.839776
759;0.454816;0.0256;0.427712
760;0.385728;0.025376;0.427456
761;0.474272;0.026624;0.447968
762;1.06272;0.06144;0.993888
763;0.45296;0.024576;0.42816
764;0.4728;0.026624;0.447488
765;0.461952;0.0256;0.436544
766;0.473824;0.026624;0.45648
767;1.06618;0.06144;1.00893
768;0.827936;0.050176;0.877728
769;0.466048;0.02432;0.436192
770;0.07168;0.008192;0.0696
771;0.439936;0.024576;0.425312
772;0.43264;0.023712;0.425248
773;0.825952;0.050176;0.877088
774;0.44192;0.024352;0.425984
775;0.07168;0.008192;0.069472
776;0.439968;0.02432;0.423968
777;0.489536;0.026624;0.490336
778;0.450176;0.023456;0.447424
779;0.996128;0.049152;0.931968
780;0.492224;0.026624;0.50832
781;1.06838;0.050144;0.955584
782;1.31398;0.06144;1.0879
783;0.395808;0.02048;0.371072
784;0.388608;0.023552;0.450624
785;1.19802;0.06144;1.11638
786;1.00483;0.049344;0.924832
787;0.483072;0.026624;0.488768
788;1.16544;0.06144;1.05267
789;0.448544;0.024352;0.45008
790;1.16467;0.06144;1.06774
791;0.483424;0.026624;0.469664
792;1.17923;0.06144;1.1167
793;1.31107;0.060416;1.09555
794;0.444192;0.026624;0.508928
795;0.071584;0.008192;0.069568
796;0.071168;0.008192;0.069024
797;1.0647;0.049152;0.925696
798;0.456;0.024352;0.45776
799;0.459584;0.024576;0.467072
800;0.432288;0.02048;0.380224
801;0.432928;0.026624;0.498496
802;0.44256;0.020768;0.372352
803;0.456576;0.023296;0.4696
804;0.40448;0.021248;0.371904
805;0.46448;0.023328;0.447776
806;0.501632;0.022528;0.457504
807;0.071712;0.008192;0.069568
808;0.539776;0.024576;0.469248
809;0.450336;0.023296;0.446752
810;0.366176;0.02048;0.371072
811;0.497408;0.026624;0.499488
812;1.04173;0.050976;0.964992
813;0.496576;0.026624;0.490304
814;0.451744;0.023552;0.4504
815;0.395776;0.02048;0.371136
816;0.495104;0.026624;0.49952
817;0.396608;0.02048;0.381568
818;1.00624;0.050176;0.966144
819;0.456864;0.02336;0.450688
820;0.486176;0.026624;0.497664
821;0.458592;0.026624;0.499744
822;0.988672;0.050176;0.946816
823;1.18883;0.06144;1.09552
824;0.396512;0.02048;0.37184
825;0.071584;0.008192;0.069472
826;0.450688;0.023296;0.451744
827;0.497664;0.026624;0.498016
828;1.22381;0.06144;1.1231
829;0.486464;0.026624;0.509312
830;0.396704;0.020736;0.390816
831;0.497376;0.026624;0.508256
832;0.071648;0.00832;0.069472
833;0.299968;0.02128;0.38224
834;0.446016;0.024352;0.4864
835;0.4736;0.023296;0.46656
836;0.356608;0.02048;0.380288
837;0.382016;0.022528;0.468096
838;0.071616;0.008192;0.069504
839;0.312704;0.020544;0.381664
840;0.071584;0.008192;0.069472
841;0.494304;0.026624;0.522208
842;0.456704;0.022528;0.468608
843;0.484576;0.024576;0.479072
844;0.948544;0.050176;0.96592
845;0.433056;0.026624;0.50704
846;0.497472;0.026624;0.517632
847;0.459904;0.02432;0.467936
848;1.26186;0.06144;1.12557
849;0.071584;0.008192;0.069472
850;0.933984;0.050176;0.936128
851;0.49504;0.0256;0.486688
852;0.455712;0.024576;0.468
853;0.464416;0.024576;0.474976
854;0.319968;0.020544;0.380512
855;0.431968;0.026624;0.518624
856;0.476352;0.024576;0.478816
857;1.10083;0.049184;0.92624
858;0.482848;0.024576;0.485504
859;0.480416;0.024576;0.485632
860;0.419008;0.0256;0.488032
861;0.455936;0.023552;0.467072
862;0.456736;0.023328;0.46944
863;0.40064;0.024576;0.466336
864;0.494496;0.027392;0.517152
865;0.391008;0.022528;0.475968
866;0.45664;0.023552;0.469952
867;0.329312;0.02048;0.380288
868;0.071616;0.008192;0.069472
869;0.389888;0.024576;0.475968
870;0.435808;0.02432;0.4584
871;1.06531;0.050176;0.983104
872;0.456768;0.022528;0.487712
873;0.516128;0.026624;0.499392
874;0.992608;0.050176;0.983296
875;0.433152;0.026624;0.519104
876;0.47632;0.0256;0.478368
877;0.482816;0.024576;0.476224
878;0.455872;0.023552;0.457888
879;0.480576;0.0256;0.488512
880;0.464832;0.0256;0.487008
881;0.552992;0.026624;0.518528
882;0.391872;0.024352;0.4584
883;0.482688;0.0256;0.506496
884;0.484512;0.024576;0.476768
885;0.436352;0.022528;0.461344
886;0.392256;0.023488;0.486368
887;0.455264;0.022528;0.46592
888;0.497824;0.026624;0.498528
889;0.476288;0.0256;0.497216
890;0.418304;0.024576;0.474464
891;0.503072;0.023296;0.47824
892;0.483296;0.024576;0.48448
893;0.945632;0.049152;0.95456
894;0.495168;0.024576;0.470048
895;0.416352;0.024576;0.467072
896;0.449888;0.026624;0.508928
897;0.936384;0.049216;0.963264
898;0.47632;0.0256;0.486688
899;0.071584;0.008192;0.069504
900;0.474048;0.02432;0.459712
901;0.39664;0.02048;0.381056
902;1.16378;0.06144;1.11347
903;0.468832;0.024576;0.46768
904;0.456128;0.024352;0.467616
905;0.426688;0.023552;0.46848
906;0.497344;0.026624;0.497984
907;1.2311;0.061216;1.12342
908;0.503648;0.02672;0.499712
909;0.39664;0.02048;0.390464
910;0.476288;0.024576;0.477376
911;0.52128;0.023552;0.477728
912;0.071616;0.008192;0.069472
913;0.967136;0.049152;0.963424
914;1.02362;0.050176;0.975072
915;0.453504;0.023328;0.457152
916;0.473984;0.02432;0.475616
917;0.464448;0.024576;0.476256
918;1.13238;0.06144;1.12835
919;1.18202;0.06144;1.13261
920;0.4568;0.023296;0.486848
921;0.49744;0.026624;0.508928
922;0.456736;0.02432;0.45872
923;0.365792;0.02048;0.380512
924;0.391584;0.024352;0.459392
925;0.31376;0.02048;0.380448
926;1.15878;0.06144;1.12259
927;0.071712;0.008192;0.069504
928;0.414592;0.024576;0.494752
929;0.93984;0.050176;0.999904
930;0.531584;0.0256;0.496224
931;0.497344;0.026624;0.499104
932;0.302464;0.021504;0.381696
933;0.450656;0.026624;0.489984
934;0.405024;0.02128;0.380032
935;0.405984;0.025376;0.47632
936;0.31408;0.021504;0.381568
937;0.455232;0.022528;0.45712
938;0.5016;0.026624;0.498944
939;0.071584;0.008192;0.069472
940;0.94592;0.050176;0.990528
941;0.935296;0.049152;0.936992
942;0.505984;0.026624;0.499104
943;1.15616;0.06144;1.13293
944;0.347904;0.02048;0.381248
945;0.484576;0.024576;0.477792
946;0.313632;0.02048;0.380992
947;0.344128;0.02048;0.390944
948;0.515776;0.026624;0.508736
949;1.04701;0.049152;0.94464
950;0.32128;0.02128;0.39024
951;0.413824;0.02128;0.381344
952;0.395712;0.02048;0.380928
953;0.946528;0.050176;0.96576
954;0.456832;0.023328;0.459264
955;0.945632;0.049312;0.945792
956;0.442144;0.027424;0.5256
957;0.411776;0.0256;0.487744
958;0.318944;0.02048;0.38048
959;0.497408;0.026624;0.470624
960;0.48304;0.026624;0.469536
961;0.462048;0.0256;0.441632
962;0.417504;0.026624;0.47088
963;0.483136;0.026624;0.466336
964;0.483328;0.026624;0.470656
965;0.392352;0.023488;0.459776
966;0.957152;0.050176;0.957568
967;0.313888;0.020768;0.372416
968;0.396544;0.021504;0.380992
969;1.14134;0.06144;1.12285
970;0.445536;0.024576;0.477824
971;0.319712;0.02048;0.380832
972;0.419264;0.0256;0.488
973;0.347232;0.02048;0.371904
974;0.956544;0.049152;0.954016
975;0.4424;0.026624;0.488608
976;0.525568;0.026624;0.526848
977;0.381472;0.022816;0.484896
978;0.38896;0.023296;0.47872
979;0.40752;0.024576;0.475456
980;0.41632;0.024576;0.467712
981;0.419264;0.0256;0.488032
982;0.398912;0.023552;0.467712
983;0.419552;0.0256;0.486688
984;0.388416;0.024576;0.482336
985;0.982432;0.050176;0.974272
986;1.15011;0.06144;1.12374
987;0.442496;0.026624;0.490336
988;0.456736;0.022528;0.469632
989;0.399168;0.024576;0.46608
990;0.4976;0.026624;0.489312
991;0.4712;0.0256;0.4784
992;0.071776;0.008192;0.069472
993;1.02058;0.050176;0.946496
994;0.396512;0.02048;0.381056
995;0.984096;0.049152;0.999584
996;0.505856;0.027392;0.4984
997;0.96848;0.050176;0.91472
998;0.319744;0.02048;0.371648
999;0.465568;0.023552;0.449888
1000;0.961632;0.049152;0.8528
1001;0.948096;0.049152;0.849056
1002;0.95888;0.050176;0.897184
1003;0.400768;0.024576;0.424352
1004;0.42816;0.025344;0.470624
1005;0.483424;0.026624;0.45696
1006;1.00736;0.050176;0.883168
1007;0.426176;0.0256;0.437056
1008;0.473696;0.024576;0.438432
1009;1.13805;0.06144;1.06038
1010;0.387296;0.02048;0.36208
1011;0.442528;0.023552;0.432832
1012;0.484064;0.024352;0.434208
1013;0.47792;0.022528;0.415712
1014;0.474112;0.026624;0.465856
1015;0.44544;0.026624;0.457984
1016;0.482752;0.027424;0.465824
1017;0.994336;0.049152;0.887168
1018;0.955936;0.049248;0.852768
1019;0.92192;0.050176;0.887392
1020;0.450208;0.024576;0.42992
1021;0.435168;0.026624;0.457664
1022;0.396064;0.02048;0.362176
1023;0.40576;0.021504;0.37184
1024;0.475328;0.022528;0.442304
1025;0.395744;0.02048;0.36272
1026;0.94544;0.050976;0.874464
1027;0.461984;0.024576;0.430944
1028;0.071616;0.008192;0.069472
1029;0.404;0.02048;0.371648
1030;0.37792;0.02048;0.361952
1031;0.4408;0.022656;0.420352
1032;0.386624;0.02048;0.361792
1033;0.071616;0.008192;0.069472
1034;0.929984;0.049152;0.851552
1035;0.456672;0.024352;0.429856
1036;0.42832;0.024576;0.43728
1037;0.497216;0.026624;0.460864
1038;0.453472;0.0256;0.4416
1039;0.44096;0.022528;0.415488
1040;0.474912;0.026624;0.462336
1041;1.12768;0.06144;1.00365
1042;0.483136;0.026624;0.461568
1043;0.38656;0.02048;0.362368
1044;0.37744;0.02048;0.352608
1045;0.902368;0.049152;0.847904
1046;0.483232;0.026624;0.46688
1047;0.461952;0.0256;0.444736
1048;1.18698;0.06144;1.00454
1049;1.13181;0.06144;0.999328
1050;0.482848;0.026624;0.46704
1051;0.38688;0.02048;0.361952
1052;0.369408;0.023328;0.41536
1053;0.525152;0.026624;0.490816
1054;0.470944;0.024576;0.435616
1055;0.882848;0.049152;0.848736
1056;0.388864;0.02432;0.417152
1057;0.473856;0.026624;0.460928
1058;0.453216;0.025344;0.442912
1059;0.450144;0.024576;0.415712
1060;0.475744;0.026624;0.47104
1061;0.387392;0.021504;0.3632
1062;0.952256;0.050176;0.874144
1063;0.403712;0.0256;0.435552
1064;0.386592;0.02048;0.361792
1065;0.401504;0.02432;0.42624
1066;0.48336;0.026624;0.480608
1067;0.38736;0.021504;0.363104
1068;0.071616;0.008192;0.069504
1069;0.444288;0.026624;0.471072
1070;0.439968;0.024576;0.422112
1071;1.09715;0.050176;0.883552
1072;1.18598;0.06144;1.04163
1073;0.404448;0.0256;0.4416
1074;0.433664;0.024352;0.450048
1075;0.473856;0.026624;0.456704
1076;0.479456;0.026624;0.4904
1077;0.071616;0.008192;0.06944
1078;0.386016;0.02048;0.361824
1079;0.377472;0.02048;0.35312
1080;0.425856;0.024352;0.420896
1081;0.448352;0.026624;0.456768
1082;0.440512;0.022528;0.423552
1083;0.532352;0.027424;0.456736
1084;1.14624;0.06144;1.07696
1085;0.462336;0.0256;0.469248
1086;0.384096;0.023552;0.420864
1087;0.482976;0.026624;0.457088
1088;0.44128;0.023552;0.418656
1089;0.071744;0.008192;0.069472
1090;0.47472;0.026624;0.460416
1091;0.481024;0.026624;0.458656
1092;1.12874;0.06144;1.03117
1093;0.38704;0.02048;0.362624
1094;0.071616;0.008192;0.069472
1095;0.49408;0.024576;0.45056
1096;0.440832;0.023328;0.424224
1097;0.88704;0.049248;0.849056
1098;0.959328;0.050176;0.948896
1099;0.441824;0.023552;0.423008
1100;0.447456;0.023328;0.440736
1101;0.405984;0.021504;0.362592
1102;0.426592;0.02432;0.421888
1103;0.483072;0.027424;0.447392
1104;0.376768;0.02048;0.363808
1105;0.473664;0.026624;0.457728
1106;0.399168;0.02432;0.41632
1107;0.424064;0.024576;0.44272
1108;0.302112;0.02048;0.372128
1109;0.3208;0.02048;0.363456
1110;0.071712;0.008192;0.069472
1111;0.377216;0.020544;0.362592
1112;0.43104;0.024352;0.459264
1113;0.386656;0.02048;0.361856
1114;0.375776;0.021504;0.363488
1115;0.395168;0.024576;0.435392
1116;0.474112;0.026624;0.466464
1117;0.483104;0.026624;0.480672
1118;0.38736;0.021504;0.363488
1119;1.16848;0.06144;1.00387
1120;0.38736;0.02048;0.362592
1121;0.38736;0.02048;0.362592
1122;0.462112;0.0256;0.436512
1123;0.440096;0.026624;0.45648
1124;0.512256;0.025376;0.451936
1125;0.958496;0.050176;0.89376
1126;0.071616;0.008192;0.069472
1127;0.377504;0.021504;0.363104
1128;0.442848;0.023328;0.422528
1129;0.462496;0.025376;0.43504
1130;0.484416;0.023552;0.432096
1131;1.15629;0.06144;1.01821
1132;0.450304;0.024576;0.424192
1133;0.396288;0.02048;0.363424
1134;0.497056;0.026624;0.472096
1135;0.461952;0.025632;0.435872
1136;0.43872;0.023552;0.41584
1137;1.13293;0.06144;0.998112
1138;0.487488;0.026624;0.489824
1139;0.954368;0.050176;0.937856
1140;0.440992;0.024576;0.424768
1141;0.998912;0.049152;0.849216
1142;0.413728;0.023552;0.449056
1143;0.432608;0.023552;0.420608
1144;0.98624;0.050176;0.864832
1145;0.48272;0.026624;0.45664
1146;0.959904;0.050176;0.946944
1147;1.12429;0.06144;0.999712
1148;0.425024;0.026624;0.457056
1149;0.384768;0.02048;0.362976
1150;1.0121;0.050176;0.901504
1151;0.956672;0.049152;0.848736
1152;0.956;0.049152;0.839392
1153;0.440896;0.023296;0.415744
1154;0.386016;0.02048;0.3624
1155;0.071616;0.008192;0.069568
1156;0.418016;0.024576;0.44064
1157;0.441184;0.023328;0.416064
1158;0.442624;0.023552;0.415392
1159;0.442688;0.022528;0.422624
1160;0.444928;0.026624;0.457472
1161;0.449632;0.026624;0.4576
1162;0.378208;0.024384;0.362496
1163;0.387456;0.021504;0.363168
1164;0.39264;0.023712;0.416
1165;0.387424;0.021504;0.363168
1166;0.4832;0.026624;0.457408
1167;0.482176;0.026624;0.457312
1168;0.483296;0.026624;0.466624
1169;0.387744;0.020576;0.372288
1170;0.503904;0.024576;0.435296
1171;0.071616;0.008992;0.069504
1172;0.473504;0.026624;0.456704
1173;0.941088;0.050176;0.883712
1174;0.333664;0.020736;0.372864
1175;0.955808;0.049152;0.839552
1176;0.462112;0.024576;0.440896
1177;0.483072;0.026624;0.456352
1178;0.45024;0.024576;0.425024
1179;0.376128;0.020736;0.362592
1180;0.95744;0.049152;0.853568
1181;0.388608;0.02048;0.363168
1182;0.483072;0.026624;0.479776
1183;0.441888;0.024576;0.424864
1184;0.4424;0.023328;0.41712
1185;0.488224;0.026624;0.457664
1186;0.45024;0.024576;0.424736
1187;0.95952;0.050176;0.869792
1188;0.450304;0.024576;0.429472
1189;1.13277;0.06144;1.0497
1190;0.071584;0.008192;0.069472
1191;0.071168;0.008192;0.069024
1192;0.470656;0.026624;0.45696
1193;0.44176;0.023552;0.416864
1194;0.462272;0.0256;0.441568
1195;0.43264;0.023552;0.425824
1196;0.453376;0.0256;0.435552
1197;0.386624;0.02048;0.362336
1198;0.483904;0.027424;0.461824
1199;0.483008;0.027392;0.479936
1200;0.441888;0.02368;0.416416
1201;0.48112;0.026624;0.457696
1202;0.506976;0.026624;0.461504
1203;0.071616;0.008192;0.069472
1204;0.451904;0.0256;0.436832
1205;0.453536;0.0256;0.436416
1206;0.432576;0.02272;0.420096
1207;1.14198;0.06144;1.00368
1208;0.474496;0.026624;0.47008
1209;0.436096;0.026624;0.458048
1210;0.373664;0.023328;0.419904
1211;0.442112;0.024576;0.42512
1212;0.440928;0.023328;0.420416
1213;0.50672;0.026624;0.490752
1214;0.93184;0.049152;0.85232
1215;0.52512;0.026624;0.480288
1216;1.14573;0.06144;1.01242
1217;0.946688;0.049152;0.848608
1218;1.10381;0.06144;1.0169
1219;0.4832;0.026624;0.462848
1220;0.425728;0.026624;0.457056
1221;0.957824;0.050176;0.877824
1222;0.483584;0.029696;0.45792
1223;0.974048;0.049952;0.85776
1224;0.465216;0.02432;0.449248
1225;0.433728;0.023424;0.418016
1226;0.439936;0.023296;0.418432
1227;0.416192;0.024352;0.42
1228;0.93872;0.049152;0.89088
1229;0.474528;0.026624;0.448352
1230;0.47408;0.026624;0.45712
1231;0.33008;0.021504;0.363488
1232;0.387776;0.02048;0.371872
1233;0.486272;0.024576;0.441152
1234;0.404032;0.025376;0.426816
1235;0.378816;0.020736;0.353344
1236;0.473984;0.026624;0.456672
1237;0.44256;0.023328;0.423072
1238;0.450112;0.024576;0.423872
1239;0.433152;0.024576;0.408096
1240;0.501632;0.026624;0.45648
1241;0.47504;0.026624;0.448288
1242;0.071616;0.008192;0.069472
1243;0.949792;0.050176;0.891904
1244;0.471456;0.0256;0.436832
1245;0.33008;0.02048;0.362752
1246;0.43376;0.02272;0.409184
1247;0.473984;0.026624;0.461888
1248;0.483072;0.026624;0.456128
1249;0.483392;0.026624;0.461344
1250;0.441632;0.023552;0.415552
1251;0.378368;0.02048;0.361888
1252;0.483232;0.027424;0.466112
1253;0.985376;0.049152;0.880736
1254;0.396608;0.02048;0.362272
1255;0.071584;0.008192;0.069472
1256;0.47952;0.024576;0.441152
1257;0.947136;0.049152;0.839616
1258;0.483072;0.026624;0.456704
1259;0.950592;0.050176;0.929536
1260;0.387424;0.021504;0.363136
1261;0.447584;0.022528;0.422528
1262;0.483328;0.026624;0.45216
1263;0.311232;0.02048;0.362656
1264;0.071648;0.008192;0.069472
1265;0.460608;0.026368;0.436576
1266;0.377504;0.02048;0.362592
1267;0.909728;0.050176;0.872128
1268;0.887104;0.050176;0.85712
1269;0.893696;0.050176;0.838304
1270;0.417152;0.02432;0.416544
1271;0.448992;0.026624;0.45648
1272;0.471328;0.0256;0.428352
1273;0.463264;0.0256;0.436896
1274;0.952192;0.049952;0.83952
1275;0.37888;0.02048;0.363168
1276;0.948992;0.050176;0.900832
1277;0.458048;0.024576;0.436512
1278;0.410784;0.025376;0.42448
1279;0.482976;0.026624;0.457664
1280;0.47456;0.026624;0.460352
1281;0.439392;0.024352;0.417248
1282;0.387328;0.02048;0.353952
1283;0.387712;0.021504;0.362656
1284;0.483136;0.026624;0.472224
1285;0.387456;0.020736;0.363168
1286;0.439712;0.023552;0.417728
1287;0.38736;0.02048;0.36272
1288;0.95664;0.049152;0.848192
1289;0.949536;0.050176;0.896448
1290;0.071648;0.008192;0.069568
1291;0.501344;0.024416;0.417184
1292;0.432384;0.023328;0.419072
1293;0.465408;0.022528;0.441344
1294;0.459168;0.026624;0.461856
1295;0.958272;0.050176;0.897728
1296;0.435232;0.027392;0.466208
1297;0.462144;0.024576;0.444256
1298;0.485728;0.024576;0.461056
1299;0.483104;0.026624;0.45664
1300;0.378304;0.02048;0.353984
1301;0.462464;0.024576;0.436672
1302;0.958848;0.050176;0.883872
1303;0.470656;0.024576;0.45008
1304;0.4832;0.026624;0.448448
1305;0.423488;0.02048;0.361824
1306;0.461984;0.0256;0.439648
1307;0.450464;0.024576;0.4248
1308;0.432992;0.023552;0.430304
1309;0.39472;0.024576;0.44112
1310;0.960768;0.049376;0.879968
1311;0.507616;0.026624;0.479648
1312;1.02784;0.049152;0.916864
1313;0.422688;0.023552;0.43632
1314;0.450112;0.025344;0.424992
1315;0.450304;0.024576;0.415616
1316;0.071616;0.008192;0.069472
1317;0.392224;0.023552;0.418944
1318;0.432544;0.023552;0.415552
1319;1.23898;0.06144;0.995616
1320;0.483264;0.026624;0.46288
1321;1.14022;0.061472;0.995104
1322;0.07168;0.008192;0.06976
1323;0.44064;0.024576;0.447328
1324;0.4488;0.024576;0.425376
1325;0.433568;0.023552;0.409408
1326;0.47392;0.026624;0.460832
1327;0.071648;0.008192;0.069728
1328;0.902432;0.050176;0.871648
1329;0.45008;0.024576;0.424416
1330;1.13213;0.06144;0.994784
1331;1.13168;0.06144;0.999424
1332;0.450208;0.024576;0.43024
1333;1.16643;0.06144;1.0167
1334;0.461984;0.024576;0.439584
1335;0.483168;0.026624;0.44864
1336;0.450176;0.024576;0.429408
1337;0.071712;0.008192;0.069472
1338;0.384896;0.024576;0.427648
1339;0.07168;0.008992;0.069504
1340;0.447712;0.024576;0.420704
1341;1.17402;0.06144;0.99472
1342;0.473728;0.024576;0.449184
1343;0.410272;0.024576;0.427168
1344;1.16662;0.06144;0.994816
1345;0.444928;0.026624;0.462656
1346;0.453504;0.024576;0.436064
1347;0.462144;0.024576;0.42752
1348;0.433472;0.023328;0.418048
1349;0.483264;0.026624;0.457856
1350;0.448032;0.023328;0.415616
1351;0.483232;0.026624;0.456672
1352;1.16061;0.06144;1.01741
1353;0.393504;0.02048;0.362848
1354;0.997728;0.050176;0.88256
1355;0.40512;0.02048;0.37152
1356;0.443072;0.023296;0.41792
1357;0.386816;0.02048;0.363104
1358;0.375808;0.024576;0.466944
1359;1.14096;0.06224;1.02131
1360;0.44992;0.024576;0.425056
1361;0.441696;0.024576;0.434048
1362;0.37808;0.02048;0.371872
1363;0.387488;0.02048;0.35504
1364;0.48288;0.027424;0.456928
1365;0.47408;0.026624;0.471136
1366;0.483136;0.026624;0.447008
1367;0.432544;0.023328;0.415232
1368;0.357184;0.02048;0.363168
1369;0.452768;0.0256;0.450784
1370;0.462208;0.024576;0.432448
1371;0.440576;0.022528;0.405504
1372;0.324608;0.02048;0.372128
1373;0.440896;0.022528;0.407392
1374;0.483392;0.027424;0.461376
1375;0.453664;0.024576;0.416992
1376;0.408832;0.02432;0.435872
1377;0.442624;0.022528;0.409344
1378;0.44176;0.024512;0.42064
1379;0.953184;0.049344;0.856352
1380;0.525152;0.026624;0.470784
1381;0.41568;0.026624;0.456992
1382;0.814624;0.049376;0.84704
1383;0.071616;0.008192;0.0696
1384;0.895648;0.050176;0.858016
1385;0.514848;0.027392;0.466112
1386;0.071584;0.008192;0.069472
1387;0.385536;0.02048;0.362112
1388;0.483296;0.026624;0.456896
1389;0.48032;0.026624;0.458432
1390;0.522048;0.026624;0.448544
1391;0.442496;0.023552;0.419008
1392;0.462432;0.0256;0.435584
1393;0.441056;0.024576;0.41632
1394;0.483136;0.026624;0.457216
1395;0.405536;0.02048;0.36288
1396;0.906944;0.049248;0.85232
1397;0.483424;0.026624;0.457632
1398;0.403584;0.02432;0.426304
1399;0.44256;0.023488;0.423072
1400;0.4736;0.028672;0.456864
1401;0.483264;0.026624;0.4576
1402;0.071584;0.008192;0.069472
1403;0.071168;0.008192;0.069024
1404;0.95936;0.049152;0.839424
1405;0.071648;0.008192;0.069504
1406;0.514848;0.026624;0.457728
1407;0.452832;0.0256;0.436032
1408;1.14166;0.060416;1.00851
1409;0.46208;0.0256;0.436544
1410;0.290048;0.021504;0.35456
1411;0.48032;0.026624;0.457312
1412;0.46224;0.0256;0.427904
1413;0.462432;0.024576;0.427136
1414;0.441056;0.022528;0.406816
1415;0.483648;0.026624;0.456448
1416;0.441056;0.022528;0.415808
1417;0.461728;0.0256;0.42688
1418;0.488608;0.026624;0.462368
1419;0.531616;0.026624;0.448896
1420;0.071584;0.008192;0.069664
1421;0.435232;0.024576;0.416832
1422;0.35872;0.024576;0.417056
1423;0.406304;0.026624;0.457024
1424;0.465152;0.024352;0.422144
1425;0.474432;0.023552;0.425152
1426;0.071616;0.008192;0.069472
1427;0.48208;0.026624;0.45664
1428;0.379104;0.024576;0.436416
1429;1.07168;0.060416;0.993664
1430;0.948448;0.049152;0.837568
1431;0.48304;0.026624;0.456576
1432;0.473984;0.026624;0.457408
1433;0.440864;0.024576;0.415104
1434;0.46208;0.0256;0.436448
1435;0.294208;0.02048;0.361952
1436;0.441984;0.024352;0.415456
1437;0.441664;0.024352;0.416512
1438;0.449856;0.024576;0.424384
1439;0.475168;0.022528;0.422464
1440;0.885728;0.049152;0.837536
1441;0.483072;0.026624;0.448544
1442;0.461856;0.026368;0.436576
1443;0.462016;0.0256;0.435584
1444;0.347424;0.02048;0.362336
1445;0.483232;0.026624;0.462912
1446;0.442432;0.023328;0.408864
1447;0.441344;0.023328;0.407552
1448;0.992544;0.06144;1.00714
1449;0.461856;0.0256;0.436032
1450;0.348416;0.020736;0.363072
1451;0.071648;0.008192;0.069472
1452;0.426208;0.026624;0.456928
1453;0.474816;0.026624;0.45712
1454;0.448096;0.024576;0.42464
1455;1.03411;0.060416;0.994688
1456;0.386624;0.02048;0.353664
1457;0.81984;0.050176;0.900064
1458;0.483296;0.026624;0.457664
1459;0.41408;0.02048;0.363776
1460;0.406304;0.026624;0.456736
1461;0.441824;0.023552;0.416736
1462;0.442304;0.0256;0.436896
1463;0.329344;0.021504;0.361856
1464;0.941248;0.04944;0.843296
1465;1.14816;0.06144;0.995136
1466;0.480064;0.026624;0.462656
1467;0.474496;0.026624;0.447712
1468;0.385504;0.024576;0.42704
1469;0.440896;0.023296;0.406464
1470;0.432672;0.024576;0.442688
1471;0.38704;0.02048;0.361824
1472;0.46016;0.0256;0.4368
1473;0.432672;0.02384;0.416896
1474;0.483264;0.026624;0.447456
1475;0.817376;0.050176;0.887296
1476;0.071584;0.008192;0.069472
1477;0.36384;0.023808;0.416096
1478;0.896192;0.050176;0.871456
1479;0.483232;0.026624;0.457632
1480;1.16451;0.06144;0.994144
1481;0.402816;0.023296;0.42784
1482;0.071648;0.008192;0.069472
1483;0.873952;0.049152;0.837792
1484;0.435744;0.027424;0.466528
1485;0.473184;0.0256;0.43808
1486;0.071616;0.008192;0.06944
1487;0.385632;0.02128;0.361856
1488;0.071584;0.008192;0.069472
1489;0.071136;0.008192;0.068992
1490;0.386304;0.020544;0.362688
1491;0.071616;0.008192;0.069504
1492;0.452896;0.024576;0.441152
1493;0.933984;0.049376;0.852256
1494;0.071584;0.008192;0.069472
1495;0.29488;0.02048;0.362368
1496;0.296384;0.02048;0.36368
1497;1.18102;0.06144;0.993664
1498;0.904384;0.050176;0.885888
1499;0.306112;0.02048;0.362496
1500;0.457984;0.026624;0.447424
1501;0.89408;0.049216;0.837632
1502;0.990016;0.06144;0.99904
1503;0.447232;0.022656;0.415552
1504;0.904448;0.049952;0.872128
1505;0.38656;0.021504;0.36256
1506;0.4832;0.026624;0.457216
1507;0.447168;0.024576;0.4168
1508;0.071584;0.008192;0.069472
1509;0.506208;0.026624;0.448288
1510;0.071584;0.008256;0.069504
1511;0.48336;0.026624;0.457696
1512;0.450176;0.024576;0.424576
1513;1.07638;0.06144;0.993792
1514;0.950912;0.050176;0.83968
1515;0.474112;0.026624;0.457152
1516;0.44;0.023552;0.409696
1517;0.365024;0.024576;0.415968
1518;0.387392;0.02048;0.353952
1519;0.958304;0.049312;0.83808
1520;0.386464;0.02048;0.361824
1521;0.483392;0.026624;0.456544
1522;0.483264;0.026624;0.456864
1523;0.406304;0.026624;0.45712
1524;0.483584;0.026624;0.457152
1525;0.895776;0.049152;0.8448
1526;0.386592;0.02048;0.361824
1527;1.0633;0.06144;0.994912
1528;0.905472;0.050176;0.868032
1529;0.45216;0.024576;0.42464
1530;0.387392;0.02048;0.353952
1531;1.02528;0.06144;0.990208
1532;0.387136;0.021504;0.363136
1533;0.329472;0.021504;0.363104
1534;0.462176;0.025344;0.436448
1535;0.465088;0.022528;0.42256
1536;0.911392;0.050176;0.88704
1537;0.51584;0.026624;0.472064
1538;0.386624;0.02048;0.361824
1539;0.96704;0.050176;0.8648
1540;0.434944;0.026624;0.45744
1541;0.46256;0.0256;0.442208
1542;0.483424;0.026624;0.45728
1543;0.386624;0.02048;0.362144
1544;0.459296;0.024576;0.4368
1545;0.384736;0.020608;0.363808
1546;0.908864;0.050176;0.862464
1547;0.886848;0.050176;0.838816
1548;0.474464;0.026624;0.462912
1549;1.06749;0.06144;0.99904
1550;0.440704;0.023552;0.406656
1551;0.387104;0.02048;0.362912
1552;0.899456;0.050176;0.868832
1553;0.483104;0.026624;0.456672
1554;0.483296;0.026624;0.448288
1555;1.06282;0.06144;0.994496
1556;0.961056;0.050176;0.869344
1557;0.071552;0.008192;0.069504
1558;0.411872;0.02432;0.431136
1559;0.44288;0.022528;0.421888
1560;0.431872;0.023328;0.406624
1561;1.06701;0.06144;0.993376
1562;0.467168;0.024576;0.440096
1563;0.389536;0.023328;0.418688
1564;0.46;0.0256;0.436096
1565;0.462112;0.0256;0.437056
1566;0.462176;0.024576;0.435904
1567;0.483424;0.026624;0.462752
1568;0.462464;0.0256;0.4264
1569;0.462304;0.025344;0.436224
1570;0.433696;0.024576;0.440704
1571;0.389664;0.02048;0.363008
1572;0.462432;0.0256;0.43664
1573;0.387488;0.02048;0.35392
1574;0.386816;0.020544;0.361856
1575;0.450176;0.024576;0.429184
1576;1.05306;0.06144;0.995104
1577;0.462048;0.024576;0.427008
1578;0.483136;0.026624;0.456128
1579;0.4624;0.025344;0.427168
1580;0.071584;0.008192;0.069504
1581;0.440256;0.022528;0.406976
1582;0.951936;0.04992;0.883648
1583;0.51584;0.026624;0.46192
1584;0.071616;0.008192;0.069504
1585;0.459264;0.0256;0.427296
1586;0.441824;0.024576;0.417184
1587;1.02227;0.049152;0.85824
1588;0.349536;0.024576;0.420608
1589;1.07584;0.06144;0.998784
1590;0.9672;0.049152;0.83968
1591;0.479392;0.027392;0.470944
1592;0.483072;0.026624;0.448064
1593;0.441216;0.022624;0.41216
1594;0.46208;0.0256;0.427776
1595;0.483232;0.026624;0.448576
1596;0.483296;0.026624;0.45664
1597;0.483232;0.026624;0.462336
1598;0.386528;0.02048;0.361888
1599;0.483168;0.026624;0.456672
1600;0.483072;0.026624;0.457632
1601;0.454944;0.023552;0.417888
1602;0.494816;0.024576;0.436704
1603;0.483104;0.026624;0.447744
1604;0.515872;0.026624;0.471808
1605;0.419904;0.023552;0.408512
1606;0.897152;0.050176;0.865664
1607;0.441792;0.023552;0.41696
1608;0.48624;0.026624;0.448256
1609;0.450496;0.024576;0.424928
1610;0.463648;0.02272;0.415104
1611;0.315328;0.02048;0.36368
1612;0.405888;0.021504;0.3632
1613;1.07126;0.062208;0.99488
1614;1.15987;0.06144;1.01299
1615;0.434048;0.023552;0.418176
1616;0.483104;0.026624;0.446848
1617;0.441856;0.02432;0.416544
1618;0.333056;0.02048;0.362528
1619;0.450048;0.024576;0.423872
1620;0.432544;0.023296;0.415904
1621;0.462112;0.024576;0.436608
1622;0.467264;0.0264;0.44144
1623;0.909248;0.050176;0.867488
1624;0.452064;0.024576;0.425536
1625;0.405728;0.02048;0.36272
1626;0.46208;0.0256;0.4368
1627;0.387584;0.020704;0.362624
1628;0.473856;0.026624;0.447424
1629;1.00067;0.049152;0.891168
1630;0.38672;0.021504;0.36256
1631;0.441888;0.02432;0.416448
1632;0.892672;0.049152;0.838048
1633;0.071616;0.008192;0.069472
1634;0.355104;0.023552;0.415776
1635;0.071616;0.008192;0.069472
1636;0.482176;0.026624;0.457664
1637;0.38656;0.0256;0.436192
1638;0.474048;0.026624;0.457472
1639;0.071584;0.008192;0.069536
1640;0.440768;0.02384;0.431392
1641;0.483392;0.023328;0.417088
1642;0.439904;0.026624;0.449696
1643;0.4024;0.024448;0.42112
1644;0.4832;0.026624;0.448768
1645;0.483296;0.026624;0.456096
1646;0.48288;0.024576;0.42992
1647;0.420416;0.026624;0.45696
1648;1.06422;0.06144;0.992864
1649;0.447584;0.023552;0.423648
1650;0.071616;0.008192;0.069504
1651;0.431968;0.023328;0.408992
1652;0.483136;0.027424;0.456128
1653;0.442528;0.023328;0.41808
1654;0.91184;0.049152;0.83776
1655;0.432608;0.023584;0.41472
1656;0.417536;0.02432;0.4088
1657;0.353312;0.02048;0.362784
1658;0.937472;0.049152;0.869056
1659;0.431712;0.023328;0.419808
1660;0.5016;0.0256;0.441632
1661;0.483072;0.026624;0.456832
1662;0.438752;0.023296;0.41632
1663;0.504352;0.026624;0.447424
1664;0.453376;0.024576;0.436288
1665;0.459264;0.024576;0.42752
1666;0.47424;0.026624;0.457728
1667;0.432896;0.02368;0.416032
1668;0.994112;0.050176;0.840032
1669;0.898112;0.049152;0.839968
1670;0.442624;0.022528;0.42304
1671;0.432608;0.02432;0.421664
1672;0.402464;0.023552;0.416
1673;0.473888;0.026624;0.460864
1674;0.434048;0.02432;0.408896
1675;0.440864;0.023328;0.414752
1676;0.071616;0.008192;0.069664
1677;0.472576;0.0264;0.456448
1678;0.997056;0.04992;0.850208
1679;0.071648;0.008192;0.069504
1680;0.936448;0.049248;0.857568
1681;1.02458;0.050176;0.884096
1682;0.38656;0.02048;0.362368
1683;0.941824;0.050176;0.889536
1684;0.434432;0.023296;0.422624
1685;0.45056;0.024576;0.4248
1686;0.989984;0.050176;0.848384
1687;0.38656;0.02048;0.361824
1688;0.441568;0.024576;0.414656
1689;1.16314;0.06144;1.02362
1690;0.438656;0.024576;0.417312
1691;0.96608;0.049952;0.839488
1692;0.483104;0.026624;0.460896
1693;0.482944;0.024576;0.448896
1694;0.461952;0.0256;0.436704
1695;0.45296;0.024576;0.427136
1696;0.483168;0.026624;0.47936
1697;0.416864;0.026624;0.462656
1698;0.958784;0.050176;0.884416
1699;0.93808;0.049152;0.852704
1700;0.44048;0.023296;0.406304
1701;0.433536;0.024352;0.418848
1702;0.438048;0.022528;0.406656
1703;0.483264;0.026624;0.461376
1704;0.071616;0.008192;0.069472
1705;0.480448;0.026624;0.46256
1706;0.432672;0.023552;0.414528
1707;0.483392;0.026624;0.457632
1708;0.38736;0.021504;0.363072
1709;0.38736;0.020544;0.354368
1710;0.383872;0.02256;0.415616
1711;0.462816;0.023296;0.451168
1712;0.071648;0.008192;0.069472
1713;0.449184;0.024576;0.416256
1714;0.453248;0.0256;0.436064
1715;0.482592;0.026624;0.462912
1716;0.395936;0.02048;0.362944
1717;0.434688;0.026624;0.457536
1718;0.483296;0.026624;0.4576
1719;0.515136;0.027424;0.461376
1720;0.452064;0.023552;0.418464
1721;0.440992;0.024352;0.439584
1722;0.432512;0.023296;0.40656
1723;0.432704;0.023552;0.415968
1724;0.386624;0.02048;0.361792
1725;0.071616;0.008192;0.069472
1726;0.964736;0.049152;0.849248
1727;0.432288;0.024352;0.406432
1728;0.400448;0.024576;0.428384
1729;0.40912;0.024576;0.427008
1730;0.431552;0.02432;0.447744
1731;0.938816;0.049152;0.848896
1732;0.402048;0.024576;0.422624
1733;0.378112;0.02048;0.363392
1734;0.445248;0.026624;0.490496
1735;0.433024;0.023712;0.416
1736;0.441792;0.024576;0.431136
1737;0.38656;0.02048;0.362368
1738;0.377472;0.02048;0.362048
1739;0.441024;0.023328;0.415936
1740;0.939328;0.050176;0.86864
1741;0.071648;0.008192;0.069472
1742;0.480896;0.024576;0.429184
1743;0.450304;0.024576;0.424832
1744;0.510816;0.022752;0.419424
1745;0.483232;0.027424;0.461888
1746;0.071584;0.008192;0.069568
1747;1.10032;0.050176;0.839936
1748;0.987872;0.050176;0.882592
1749;0.386752;0.021504;0.353312
1750;0.940416;0.050176;0.927648
1751;0.361536;0.024576;0.4248
1752;0.94032;0.050176;0.864288
1753;0.48304;0.026624;0.456864
1754;0.483392;0.026624;0.457152
1755;0.441664;0.023552;0.44752
1756;0.462144;0.024576;0.436832
1757;0.474464;0.026624;0.456256
1758;0.371072;0.023552;0.410016
1759;0.432992;0.024576;0.416576
1760;0.45024;0.024576;0.424768
1761;0.412896;0.026624;0.457376
1762;0.449344;0.026624;0.458624
1763;1.12797;0.06144;1.01299
1764;0.462112;0.0256;0.459424
1765;0.400288;0.0256;0.436864
1766;0.480256;0.026624;0.447648
1767;1.22518;0.06144;0.999104
1768;0.387392;0.02048;0.3632
1769;0.441184;0.023296;0.416672
1770;0.473664;0.024576;0.428896
1771;0.474304;0.026624;0.490208
1772;0.483104;0.026624;0.447456
1773;0.949504;0.050176;0.878112
1774;0.315648;0.02048;0.362464
1775;0.408;0.023552;0.418976
1776;0.946272;0.049152;0.863936
1777;0.450048;0.024576;0.414912
1778;1.14544;0.06144;1.00333
1779;0.387232;0.02128;0.362784
1780;0.955936;0.049152;0.839552
1781;0.464416;0.024576;0.437216
1782;0.386656;0.02048;0.362592
1783;0.900064;0.049152;0.839392
1784;0.448;0.024576;0.415424
1785;0.440992;0.023328;0.415488
1786;0.071584;0.008192;0.06944
1787;0.450528;0.024576;0.448672
1788;1.09498;0.06144;0.994272
1789;0.423456;0.0256;0.436544
1790;0.48336;0.023328;0.424448
1791;0.385056;0.023552;0.41744
1792;0.386592;0.02048;0.3528
1793;0.990336;0.049152;0.871552
1794;0.462176;0.0256;0.43664
1795;0.386592;0.02048;0.35264
1796;0.450336;0.024576;0.424
1797;0.432;0.023296;0.40608
1798;0.473824;0.026624;0.456864
1799;0.942848;0.050176;0.868992
1800;0.462528;0.024576;0.43296
1801;0.441312;0.025376;0.420864
1802;0.474336;0.026624;0.457248
1803;0.438688;0.023552;0.406624
1804;0.450336;0.024576;0.457824
1805;0.071616;0.008192;0.069472
1806;0.482208;0.027424;0.457408
1807;1.23514;0.061472;1.03187
1808;0.4312;0.026624;0.462784
1809;0.071616;0.008192;0.069472
1810;0.071104;0.008192;0.069216
1811;0.482272;0.026624;0.457792
1812;0.071584;0.008192;0.069472
1813;0.377472;0.02048;0.363072
1814;0.453248;0.0256;0.42752
1815;0.38432;0.021248;0.363104
1816;0.439616;0.023296;0.415648
1817;0.45296;0.024576;0.42784
1818;0.473856;0.026624;0.44736
1819;1.16048;0.06144;0.994464
1820;0.937376;0.050176;0.8432
1821;0.387616;0.02048;0.354528
1822;0.071616;0.008192;0.069472
1823;0.432352;0.023552;0.417856
1824;0.441792;0.024352;0.422144
1825;0.924896;0.049152;0.838688
1826;0.387424;0.02048;0.35392
1827;0.547392;0.024576;0.427392
1828;0.94016;0.050176;0.901824
1829;0.483264;0.026368;0.457376
1830;0.438848;0.02432;0.440352
1831;0.940704;0.050176;0.868416
1832;0.496096;0.024576;0.445504
1833;0.071584;0.00896;0.069536
1834;0.473248;0.026624;0.457568
1835;0.48304;0.027424;0.451648
1836;0.437248;0.02432;0.421632
1837;0.490432;0.026624;0.45744
1838;0.071584;0.008192;0.069504
1839;1.01469;0.049152;0.864448
1840;1.11811;0.06144;0.999328
1841;0.9488;0.050176;0.878112
1842;0.440832;0.024576;0.414624
1843;0.4832;0.026624;0.46288
1844;0.466048;0.023552;0.42208
1845;0.334368;0.02048;0.362496
1846;0.474624;0.026624;0.45728
1847;0.453696;0.024576;0.426752
1848;0.441024;0.023552;0.439616
1849;0.473888;0.026624;0.460928
1850;0.38656;0.02048;0.36208
1851;0.506528;0.026624;0.470624
1852;1.10614;0.06144;0.994592
1853;1.11747;0.06144;1.02272
1854;0.442048;0.023296;0.416992
1855;0.489696;0.026624;0.471616
1856;0.483648;0.027424;0.461888
1857;0.450272;0.024576;0.44928
1858;0.462016;0.024576;0.425696
1859;0.379584;0.022528;0.448128
1860;0.452704;0.0256;0.427424
1861;0.386656;0.02048;0.3536
1862;0.071616;0.008192;0.069472
1863;0.411168;0.024576;0.42512
1864;0.453824;0.0256;0.427264
1865;0.44288;0.026624;0.479744
1866;0.4744;0.030496;0.458144
1867;0.48064;0.026624;0.448256
1868;0.396768;0.020736;0.363072
1869;0.945472;0.050176;0.887008
1870;1.11776;0.06144;1.00336
1871;0.401952;0.02048;0.362848
1872;0.07152;0.008192;0.06976
1873;0.432512;0.023552;0.407584
1874;0.378144;0.020736;0.353664
1875;0.376768;0.02048;0.35344
1876;0.503936;0.027424;0.467008
1877;0.440864;0.02272;0.406112
1878;0.4832;0.026624;0.472064
1879;0.388928;0.022528;0.408576
1880;0.393184;0.023296;0.417408
1881;0.30608;0.02048;0.36304
1882;0.47488;0.026624;0.479264
1883;0.071616;0.008192;0.069536
1884;0.441856;0.023552;0.417696
1885;0.462592;0.024576;0.440704
1886;0.433312;0.023328;0.4224
1887;0.474976;0.026624;0.448704
1888;0.3896;0.024576;0.43024
1889;0.47424;0.026624;0.457632
1890;0.452736;0.0256;0.42704
1891;0.452928;0.0256;0.437056
1892;0.440704;0.023328;0.409088
1893;0.44736;0.024576;0.448672
1894;0.483328;0.026624;0.446848
1895;0.4552;0.023296;0.438784
1896;0.391712;0.024576;0.426624
1897;1.1024;0.049152;0.839328
1898;0.465984;0.02272;0.422528
1899;0.443008;0.023488;0.408672
1900;0.942208;0.049952;0.86832
1901;0.483264;0.026624;0.456576
1902;0.378144;0.02048;0.362944
1903;0.378144;0.02048;0.353728
1904;0.378752;0.021504;0.363168
1905;0.947744;0.049248;0.83904
1906;0.071616;0.008192;0.069664
1907;0.376448;0.02048;0.352608
1908;0.409088;0.0256;0.461696
1909;1.04464;0.06144;0.99424
1910;0.50432;0.0256;1.24682
1911;0.95616;0.049152;2.90006
1912;0.42272;0.025376;0.479616
1913;0.071616;0.008192;0.06944
1914;0.43088;0.023296;0.414912
1915;0.452992;0.0256;0.431392
1916;0.441056;0.024576;0.425344
1917;0.431648;0.023296;0.420416
1918;0.431296;0.023296;0.415232
1919;0.452736;0.0256;0.426304
1920;0.432544;0.023552;0.416576
1921;0.433184;0.02432;0.417088
1922;0.440992;0.023328;0.406528
1923;0.473792;0.026624;0.456128
1924;0.452864;0.024576;0.428032
1925;1.1368;0.06144;1.56973
1926;0.474912;0.026624;1.23078
1927;0.40384;0.023328;0.415936
1928;0.378112;0.020672;0.363008
1929;1.15626;0.06144;3.63722
1930;0.424128;0.0256;1.2847
1931;0.471168;0.027392;0.609728
1932;0.44112;0.024576;0.456864
1933;0.38464;0.02048;0.363808
1934;0.453088;0.024576;0.43664
1935;0.954144;0.049152;3.05578
1936;0.474304;0.026624;0.480576
1937;1.02813;0.049152;0.847936
1938;0.474112;0.026624;0.457632
1939;0.453056;0.0256;0.435488
1940;0.492768;0.027424;0.457568
1941;0.377376;0.02048;0.352608
1942;0.975328;0.049152;0.844576
1943;0.474304;0.026624;0.457344
1944;0.938432;0.049152;0.843392
1945;0.378784;0.021504;0.35456
1946;0.474112;0.026624;0.480576
1947;0.433088;0.024352;0.415776
1948;1.13658;0.06144;1.61619
1949;0.483168;0.026624;1.24125
1950;0.071584;0.008192;0.069472
1951;0.473696;0.026624;0.481536
1952;0.377376;0.02048;0.352768
1953;0.071616;0.008192;0.069472
1954;0.391776;0.024576;0.44864
1955;0.4328;0.023328;0.422272
1956;0.438304;0.024576;0.425792
1957;0.483008;0.026624;0.448096
1958;0.432576;0.024576;0.421696
1959;0.483872;0.023552;0.449056
1960;0.392736;0.025344;0.43024
1961;0.421472;0.02128;0.371136
1962;0.409344;0.0256;0.436032
1963;0.387392;0.02048;0.362592
1964;0.441024;0.024576;0.430496
1965;0.41488;0.024576;0.44064
1966;0.462944;0.024576;0.427584
1967;0.878848;0.049152;3.00323
1968;0.538496;0.024576;0.426944
1969;0.46832;0.024576;0.429952
1970;0.441024;0.024576;0.428896
1971;0.071648;0.008192;0.069472
1972;0.441216;0.023328;0.417856
1973;0.07168;0.008192;0.069472
1974;0.536256;0.026624;0.4896
1975;0.93744;0.049152;0.848768
1976;0.474912;0.026624;0.448736
1977;0.377344;0.02048;0.361952
1978;0.428224;0.024576;0.45088
1979;0.387392;0.020736;0.362624
1980;0.432032;0.022528;0.407712
1981;0.48256;0.026624;0.45744
1982;0.441024;0.024576;0.415776
1983;0.441632;0.02432;0.415968
1984;0.38016;0.02048;0.35376
1985;0.473504;0.026624;0.4488
1986;0.377536;0.02048;0.361824
1987;0.441408;0.024576;0.423968
1988;0.9144;0.049312;0.853376
1989;0.450048;0.025344;0.425408
1990;0.94192;0.049152;0.866272
1991;0.071616;0.008192;0.069472
1992;0.377952;0.020736;0.362656
1993;0.453344;0.0256;0.436544
1994;0.433344;0.02432;0.418336
1995;0.939232;0.049408;0.84416
1996;0.378112;0.021504;0.363104
1997;1.13693;0.06144;1.57626
1998;0.455264;0.024576;1.19894
1999;0.47456;0.026624;0.456768
2000;0.44112;0.023456;0.415168
2001;0.999136;0.049344;2.68848
2002;0.378208;0.02048;0.353344
2003;1.19408;0.06144;1.54259
2004;0.403712;0.024352;1.15405
2005;0.4536;0.024576;0.43632
2006;0.071648;0.008192;0.069536
2007;0.4464;0.024352;0.440928
2008;0.386656;0.02048;0.354016
2009;0.48032;0.026624;0.45728
2010;1.13661;0.06144;3.54304
2011;0.462112;0.0256;1.23862
2012;0.4248;0.024576;0.424864
2013;0.483296;0.026624;0.456992
2014;0.483072;0.026624;0.461856
2015;0.900864;0.049376;2.85427
2016;0.38736;0.020736;0.371808
2017;0.483296;0.026624;0.462688
2018;1.03034;0.050176;0.898112
2019;0.442048;0.023328;0.417536
2020;0.442528;0.02432;0.432192
2021;0.4832;0.026624;0.456736
2022;0.3784;0.020736;0.363104
2023;0.506656;0.026624;0.457696
2024;0.071584;0.008192;0.069472
2025;0.505312;0.026624;0.481248
2026;0.464544;0.023552;0.415488
2027;0.474592;0.026624;0.481568
2028;0.983936;0.050176;0.855104
2029;0.435872;0.026624;0.461888
2030;0.938592;0.049152;0.843264
2031;0.947584;0.049152;0.874752
2032;0.463008;0.023552;0.416416
2033;0.07184;0.008192;0.069472
2034;0.431616;0.025376;0.425696
2035;0.453792;0.0256;0.435552
2036;0.46208;0.0256;0.427328
2037;0.399872;0.0256;0.427968
2038;1.24784;0.06144;1.81504
2039;0.44288;0.023328;1.19296
2040;0.452736;0.024576;0.426848
2041;0.483264;0.026624;0.457216
2042;1.00496;0.050176;2.97741
2043;0.387328;0.021344;0.363168
2044;0.387392;0.02048;0.363072
2045;0.483072;0.026624;0.460864
2046;0.37824;0.020736;0.35376
2047;0.439424;0.023296;0.418848
2048;0.462208;0.0256;0.426336
2049;0.344;0.02048;0.363552
2050;0.450208;0.024576;0.428896
2051;0.378688;0.02048;0.363392
2052;0.378176;0.02048;0.353888
2053;1.12762;0.06144;1.89658
2054;0.071616;0.008192;0.069472
2055;0.473984;0.023552;1.39386
2056;0.472096;0.026624;0.45696
2057;0.432544;0.023552;0.416704
2058;0.968;0.04992;3.03152
2059;0.987456;0.050176;0.839392
2060;0.415264;0.0256;0.440896
2061;1.11862;0.06144;1.63274
2062;0.462112;0.024576;1.21274
2063;0.96304;0.049216;2.67062
2064;0.464544;0.023328;0.415264
2065;0.43104;0.026624;0.449056
2066;1.12899;0.06144;1.0953
2067;0.44208;0.024352;1.19946
2068;0.398432;0.023552;0.417664
2069;0.387328;0.020736;0.363488
2070;0.949824;0.050176;3.12317
2071;0.483104;0.026624;0.470048
2072;0.4952;0.0256;0.441632
2073;0.949472;0.050176;0.965472
2074;0.495136;0.0256;0.449888
2075;0.453568;0.0256;0.436512
2076;0.071584;0.008192;0.069536
2077;0.376864;0.021312;0.35376
2078;0.45312;0.026368;0.440928
2079;1.17286;0.06144;1.04906
2080;0.297216;0.02048;0.929536
2081;0.377216;0.02048;0.362624
2082;0.441824;0.024352;0.466656
2083;0.386624;0.02048;0.353376
2084;0.993184;0.050176;2.76246
2085;0.383616;0.02048;0.36256
2086;0.482624;0.026624;0.448896
2087;0.500544;0.024352;0.417056
2088;0.441056;0.022528;0.406464
2089;0.453056;0.024576;0.43552
2090;0.071648;0.008192;0.069504
2091;0.468864;0.024576;0.423776
2092;0.43392;0.026624;0.48032
2093;0.43968;0.024352;0.430848
2094;0.378816;0.02048;0.362592
2095;0.452992;0.024576;0.431424
2096;0.483392;0.026624;0.456608
2097;0.44176;0.023552;0.422144
2098;0.454528;0.026624;0.490848
2099;0.483008;0.027424;0.471904
2100;0.47392;0.026624;0.457024
2101;0.071552;0.008192;0.069472
2102;0.439808;0.023328;0.415104
2103;0.453504;0.024576;0.42736
2104;0.971008;0.04992;0.848
2105;0.483328;0.0264;0.471616
2106;0.483168;0.026624;0.461824
2107;0.492128;0.024576;0.42384
2108;1.11373;0.06144;1.0689
2109;0.46224;0.025376;1.31325
2110;1.15024;0.06144;3.59011
2111;1.15949;0.06144;3.95651
2112;0.415776;0.02432;1.48579
2113;1.13382;0.06144;3.46061
2114;0.441312;0.024352;1.2728
2115;0.515808;0.026624;0.456064
2116;0.482592;0.026624;0.4576
2117;0.481024;0.026624;0.448416
2118;0.301056;0.020768;0.362272
2119;0.453952;0.024576;0.4272
2120;0.441664;0.024576;0.429216
2121;0.473984;0.026624;0.44848
2122;1.19344;0.06144;3.83782
2123;0.483008;0.026624;1.27728
2124;0.43184;0.023328;0.412128
2125;0.892864;0.050176;2.9864
2126;0.93936;0.050176;0.98448
2127;0.92784;0.049152;0.86496
2128;0.466848;0.026624;0.461856
2129;0.431808;0.023552;0.406528
2130;0.462048;0.024576;0.426976
2131;0.071712;0.008192;0.069472
2132;0.384768;0.023552;0.409344
2133;1.11773;0.06144;1.04586
2134;0.977568;0.050176;2.89174
2135;1.18502;0.06144;1.04534
2136;0.450176;0.024576;1.18973
2137;0.427936;0.024576;0.45904
2138;0.473952;0.026624;0.481504
2139;0.452704;0.024576;0.426912
2140;0.474624;0.026624;0.457344
2141;0.474336;0.026624;0.460864
2142;0.445824;0.024352;0.417024
2143;0.437984;0.022528;0.431232
2144;0.452896;0.024576;0.427712
2145;0.452864;0.024576;0.425856
2146;0.44256;0.023552;0.417664
2147;1.22573;0.06144;3.55091
2148;0.416992;0.026624;1.23987
2149;0.930368;0.049152;2.90957
2150;0.441248;0.024576;0.439488
2151;1.19318;0.06144;1.06387
2152;0.44032;0.026624;1.27798
2153;0.987584;0.049152;2.90131
2154;0.5128;0.026624;0.462912
2155;0.432448;0.024352;0.406336
2156;0.940224;0.050176;0.920192
2157;0.996864;0.050176;0.923328
2158;0.44256;0.023552;0.418496
2159;0.453056;0.024576;0.439872
2160;0.377088;0.02048;0.361888
2161;1.03046;0.06144;1.04957
2162;0.411104;0.023296;1.21786
2163;0.441728;0.02432;0.41648
2164;0.431808;0.022816;0.415648
2165;0.386592;0.02048;0.361792
2166;0.483424;0.026624;0.448
2167;0.431776;0.022528;0.429088
2168;0.461984;0.0256;0.450144
2169;1.13683;0.06144;3.2761
2170;0.071616;0.008192;0.06944
2171;0.937536;0.049312;3.04861
2172;0.071584;0.008192;0.069536
2173;0.378144;0.020544;0.363296
2174;0.071552;0.008192;0.069504
2175;0.93936;0.050176;0.84128
2176;0.378144;0.02048;0.36256
2177;0.37744;0.02048;0.36272
2178;0.376032;0.024352;0.4216
2179;0.462304;0.0256;0.43696
2180;0.450016;0.024576;0.424544
2181;0.441792;0.02432;0.416448
2182;0.473472;0.026752;0.447744
2183;0.329376;0.02048;0.361792
2184;1.11098;0.06144;1.04093
2185;0.414048;0.024576;1.16698
2186;0.473824;0.026624;0.462176
2187;0.941248;0.050176;2.69053
2188;0.431776;0.023328;0.406528
2189;0.453376;0.0256;0.435552
2190;0.483232;0.026624;0.462368
2191;0.49744;0.026624;0.461376
2192;0.071616;0.008192;0.069472
2193;0.385408;0.02128;0.361664
2194;0.388416;0.023552;0.415968
2195;0.378144;0.02048;0.362592
2196;0.93728;0.049152;0.839584
2197;0.432608;0.024352;0.416992
2198;0.461952;0.0256;0.440608
2199;0.450272;0.024576;0.448864
2200;0.47392;0.026624;0.446944
2201;0.519648;0.022528;0.405952
2202;0.472992;0.023328;0.423552
2203;0.431776;0.022528;0.414944
2204;0.432992;0.023552;0.41552
2205;0.482336;0.026368;0.462208
2206;0.378048;0.02048;0.363616
2207;0.41248;0.026624;0.447328
2208;0.433184;0.025344;0.416704
2209;0.450304;0.025376;0.424352
2210;0.3792;0.023552;0.421632
2211;0.48304;0.026624;0.447776
2212;0.930496;0.050176;0.8416
2213;0.440096;0.026624;0.457888
2214;0.450112;0.024576;0.447328
2215;0.071616;0.008192;0.069472
2216;0.481952;0.026624;0.45664
2217;0.384608;0.021504;0.362976
2218;0.432416;0.023296;0.415968
2219;0.439648;0.024352;0.416608
2220;0.476288;0.024576;0.44112
2221;0.35296;0.02048;0.364448
2222;0.434272;0.023552;0.422656
2223;0.9384;0.049152;0.84784
2224;0.937088;0.049152;0.844064
2225;0.502112;0.026624;0.44928
2226;0.301696;0.021504;0.36336
2227;0.4416;0.024576;0.425152
2228;0.483232;0.026624;0.457248
2229;0.483392;0.026624;0.4608
2230;0.391168;0.024576;0.427296
2231;0.492768;0.024352;0.416512
2232;0.534464;0.026624;0.457152
2233;0.071584;0.008192;0.069472
2234;0.974048;0.050176;0.8456
2235;0.971616;0.049152;0.83936
2236;0.450176;0.024576;0.424384
2237;0.071648;0.008192;0.069472
2238;0.383616;0.02048;0.363616
2239;1.12701;0.06144;1.0729
2240;0.91616;0.050176;2.77984
2241;0.958464;0.050976;0.970432
2242;0.474112;0.027392;0.45312
2243;0.995744;0.050176;0.970752
2244;0.920672;0.050176;0.87232
2245;0.465472;0.024576;0.427136
2246;1.27251;0.06144;1.05398
2247;0.488224;0.026624;1.3793
2248;0.4744;0.026624;0.456384
2249;0.441792;0.024352;0.421632
2250;0.447712;0.02432;0.425632
2251;1.14301;0.06144;3.43277
2252;0.450208;0.024576;1.18186
2253;1.15555;0.06224;3.47776
2254;0.461952;0.0256;1.25568
2255;0.441088;0.023552;0.415584
2256;1.1423;0.061216;3.50717
2257;0.538688;0.0256;1.25706
2258;1.14515;0.06144;3.53443
2259;0.968416;0.050176;2.95392
2260;0.453696;0.0256;0.427328
2261;0.433184;0.023552;0.407968
2262;0.07168;0.008192;0.069504
2263;1.10957;0.06144;1.04941
2264;0.483616;0.026624;1.16774
2265;0.94192;0.050176;2.62554
2266;0.452928;0.0256;0.436992
2267;0.377376;0.02048;0.3624
2268;0.949664;0.050176;0.833024
2269;0.452832;0.024576;0.426592
2270;0.474112;0.026624;0.461824
2271;0.07168;0.00896;0.06944
2272;0.473664;0.026624;0.461888
2273;0.453056;0.024576;0.426336
2274;0.431776;0.023552;0.40592
2275;0.474176;0.026624;0.447744
2276;0.474016;0.026624;0.457952
2277;0.45328;0.0256;0.42704
2278;0.378144;0.021504;0.353376
2279;0.473984;0.026624;0.457568
2280;0.940832;0.050176;0.831872
2281;1.15427;0.06144;1.03626
2282;0.437248;0.0256;1.22758
2283;0.071712;0.008192;0.06944
2284;0.431776;0.023328;0.406368
2285;0.931456;0.050176;2.5528
2286;0.474016;0.026624;0.454656
2287;0.441056;0.024576;0.414592
2288;1.10829;0.06144;1.02608
2289;0.434304;0.022528;1.11952
2290;0.473824;0.026624;0.447456
2291;0.452864;0.024576;0.4272
2292;0.071584;0.008192;0.069472
2293;0.377408;0.02048;0.353376
2294;0.441088;0.024576;0.4248
2295;0.442464;0.023488;0.408864
2296;0.378784;0.02048;0.362592
2297;0.474432;0.026624;0.448128
2298;0.441344;0.023712;0.406528
2299;0.473984;0.026624;0.448576
2300;0.377408;0.02048;0.362528
2301;0.473824;0.026624;0.447488
2302;0.433344;0.023424;0.418496
2303;0.452448;0.0256;0.426304
2304;0.473952;0.027424;0.458016
2305;0.473792;0.026624;0.456384
2306;0.932256;0.050176;2.50506
2307;0.452992;0.024576;0.428576
2308;0.48288;0.026624;0.447456
2309;0.440384;0.024576;0.424928
2310;0.939168;0.04928;0.829632
2311;0.474304;0.026624;0.45664
2312;0.44096;0.024576;0.424768
2313;0.473856;0.026624;0.447392
2314;0.462144;0.024576;0.436768
2315;0.938656;0.049152;0.829888
2316;0.431648;0.022528;0.415296
2317;0.432256;0.022528;0.41568
2318;0.377376;0.02048;0.361536
2319;0.932256;0.050176;0.843168
2320;0.431616;0.023328;0.414624
2321;0.452928;0.024576;0.436192
2322;0.473792;0.026624;0.456352
2323;0.377376;0.02048;0.361824
2324;0.453024;0.0256;0.436864
2325;0.94576;0.152576;0.9184
2326;0.071584;0.008192;0.069472
2327;0.432288;0.023296;0.4088
2328;0.440864;0.024576;0.415104
2329;0.930496;0.050176;0.832288
2330;1.10826;0.06144;1.03555
2331;0.459904;0.024576;1.11162
2332;1.16355;0.06144;3.11872
2333;0.450368;0.024576;1.14365
2334;0.940288;0.050176;2.93014
2335;0.450304;0.024576;0.42512
2336;0.937536;0.049152;0.839392
2337;0.377376;0.02064;0.36192
2338;0.43248;0.024352;0.415424
2339;1.12771;0.06144;1.06342
2340;0.474688;0.026624;1.16746
2341;0.474336;0.026624;0.456064
2342;0.432352;0.023648;0.416992
2343;0.4528;0.0256;0.43568
2344;0.386752;0.02128;0.361664
2345;0.432608;0.024576;0.407744
2346;0.071648;0.008192;0.069472
2347;0.440128;0.024576;0.415904
2348;0.071584;0.008192;0.069472
2349;0.47296;0.026624;0.457664
2350;1.064;0.050176;2.7545
2351;1.10938;0.06144;1.02643
2352;0.462048;0.024576;1.1087
2353;0.071616;0.008192;0.069472
2354;0.452032;0.024576;0.435104
2355;0.441088;0.024576;0.424832
2356;0.378208;0.021504;0.36256
2357;0.431808;0.022528;0.415296
2358;0.441024;0.024576;0.425664
2359;0.432288;0.022528;0.406464
2360;0.37744;0.02048;0.353248
2361;0.453024;0.0256;0.436512
2362;0.386592;0.02128;0.362528
2363;0.377408;0.02048;0.35264
2364;0.941376;0.050176;2.6431
2365;0.452992;0.0256;0.436096
2366;0.431776;0.023328;0.4064
2367;1.11843;0.06144;1.0265
2368;0.432448;0.025376;1.1353
2369;0.071648;0.008192;0.069472
2370;0.451744;0.0256;0.426528
2371;0.440352;0.024576;0.425376
2372;0.483104;0.026624;0.456896
2373;0.474048;0.026624;0.448224
2374;0.431712;0.023424;0.414496
2375;0.433344;0.023328;0.417824
2376;0.473664;0.026624;0.451168
2377;0.938112;0.049152;2.56989
2378;0.474496;0.026624;0.448768
2379;0.928672;0.049152;0.830208
2380;1.13488;0.06144;1.06224
2381;0.490112;0.02048;1.03891
2382;0.441472;0.024576;0.503424
2383;0.452864;0.024576;0.427328
2384;0.4336;0.023552;0.407904
2385;0.473984;0.026624;0.461792
2386;0.461856;0.024576;0.425824
2387;0.937312;0.050176;2.56054
2388;0.939392;0.050176;0.832704
2389;0.482912;0.026624;0.448416
2390;0.940128;0.050176;0.832224
2391;0.453344;0.024576;0.425728
2392;0.431776;0.022656;0.415712
2393;0.431648;0.022752;0.41504
2394;0.378144;0.02048;0.363072
2395;0.47392;0.027424;0.46272
2396;0.43328;0.023456;0.417152
2397;0.431232;0.022624;0.406912
2398;0.440544;0.023264;0.415008
2399;0.47392;0.026624;0.448256
2400;0.377824;0.02048;0.353248
2401;0.474272;0.026624;0.4472
2402;0.474848;0.026624;0.457824
2403;0.453376;0.0256;0.427616
2404;0.378144;0.02048;0.354464
2405;0.939776;0.050176;0.841088
2406;0.45008;0.025376;0.424832
2407;0.94096;0.050176;0.83264
2408;0.453088;0.024576;0.43536
2409;0.462176;0.023552;0.427904
2410;0.941408;0.050176;0.831872
2411;0.45296;0.024576;0.426144
2412;0.474048;0.026624;0.448224
2413;0.432448;0.02432;0.415904
2414;0.440992;0.024576;0.424256
2415;0.44208;0.023456;0.511328
2416;0.473952;0.026624;0.448032
2417;0.432416;0.02448;0.415968
2418;0.441216;0.024576;0.424512
2419;0.474176;0.026624;0.446944
2420;0.4528;0.0256;0.432416
2421;0.431296;0.023488;0.414976
2422;0.071584;0.008192;0.069472
2423;0.432192;0.023552;0.40848
2424;0.473824;0.026624;0.4576
2425;0.473824;0.026624;0.447936
2426;0.433344;0.024352;0.413696
2427;0.452768;0.0256;0.435712
2428;0.452928;0.024576;0.436288
2429;0.071616;0.008192;0.069472
2430;0.452064;0.0256;0.428288
2431;0.441696;0.024576;0.40736
2432;0.452896;0.024576;0.42704
2433;0.431712;0.023552;0.405856
2434;0.441024;0.024576;0.415936
2435;0.071616;0.008192;0.06944
2436;0.461536;0.024576;0.427328
2437;0.43312;0.023744;0.415744
2438;0.474016;0.026624;0.44912
2439;0.378112;0.021504;0.363456
2440;0.453504;0.024576;0.426784
2441;0.378176;0.02048;0.3624
2442;0.452576;0.024576;0.427072
2443;0.349344;0.022528;0.415072
2444;0.377504;0.02048;0.352768
2445;0.37792;0.02048;0.35392
2446;0.483232;0.026624;0.448128
2447;0.473888;0.026624;0.447424
2448;0.378752;0.021504;0.35408
2449;0.433472;0.022528;0.408832
2450;0.452736;0.0256;0.426816
2451;0.390624;0.026624;0.457856
2452;0.48336;0.026624;0.446624
2453;0.46208;0.0256;0.427296
2454;0.377408;0.02048;0.35264
2455;0.387488;0.02048;0.353696
2456;0.071584;0.008192;0.069472
2457;0.482304;0.026624;0.448576
2458;0.071616;0.008192;0.069504
2459;0.910432;0.04928;0.829152
2460;0.432384;0.022528;0.405984
2461;0.942624;0.049152;0.828288
2462;0.441152;0.024672;0.42384
2463;0.873888;0.050176;0.830912
2464;0.433184;0.024352;0.40768
2465;0.891104;0.050176;0.831712
2466;0.432064;0.022528;0.415232
2467;0.378208;0.020672;0.353888
2468;1.08003;0.06144;1.01818
2469;0.387456;0.021504;0.910784
2470;0.474368;0.026624;0.619744
2471;0.431584;0.022528;0.405952
2472;0.400128;0.026624;0.44832
2473;0.377952;0.02048;0.353184
2474;0.400192;0.026624;0.447328
2475;0.450208;0.024576;0.415872
2476;0.433472;0.023328;0.408928
2477;0.474048;0.026624;0.448384
2478;0.950304;0.050176;2.59734
2479;0.43264;0.02432;0.406752
2480;0.071616;0.008192;0.069472
2481;0.451936;0.024576;0.42608
2482;0.474624;0.026624;0.448384
2483;0.431648;0.023552;0.41504
2484;0.071552;0.008192;0.069472
2485;0.940128;0.050176;0.925856
2486;0.939904;0.050176;0.917664
2487;0.432096;0.023552;0.414464
2488;0.47392;0.026624;0.457184
2489;0.440864;0.024576;0.414592
2490;0.378144;0.02048;0.353888
2491;0.453056;0.024576;0.436608
2492;0.4528;0.0256;0.426336
2493;0.377536;0.020704;0.35392
2494;0.432768;0.02272;0.41792
2495;0.432512;0.024352;0.406784
2496;0.938688;0.050176;0.91968
