312;0.208192;0.02048;0.234176
313;0.278016;0.022528;0.274944
314;0.036096;0.008192;0.036864
315;0.26;0.022528;0.266112
316;0.286912;0.026624;0.303136
317;0.281056;0.0256;0.29344
318;0.254848;0.024576;0.283232
319;0.29664;0.026624;0.325376
320;0.261536;0.024576;0.273696
321;0.252;0.024576;0.27584
322;0.639936;0.050176;0.541056
323;0.760288;0.06144;0.630016
324;0.20032;0.021504;0.245216
325;0.281408;0.026624;0.293216
326;0.637888;0.049152;0.596768
327;0.211872;0.021504;0.243872
328;0.33456;0.023552;0.317472
329;0.036128;0.008224;0.036
330;0.261504;0.02336;0.276384
331;0.277024;0.026624;0.312576
332;0.270368;0.0256;0.285792
333;0.264192;0.024576;0.287136
334;0.286432;0.026624;0.304864
335;0.261984;0.023776;0.292128
336;0.27056;0.024576;0.293696
337;0.615008;0.050176;0.549792
338;0.74512;0.06144;0.643616
339;0.199936;0.021504;0.234144
340;0.314624;0.026624;0.313984
341;0.619616;0.049152;0.558912
342;0.206976;0.02048;0.243232
343;0.269664;0.022528;0.293056
344;0.036128;0.009216;0.035712
345;0.257184;0.023296;0.275872
346;0.296224;0.026624;0.303616
347;0.270912;0.0256;0.303328
348;0.266144;0.024576;0.295936
349;0.27616;0.026624;0.295328
350;0.261152;0.023552;0.282112
351;0.26176;0.024576;0.275296
352;0.64464;0.050176;0.53904
353;0.773312;0.06144;0.6456
354;0.270624;0.021504;0.269952
355;0.286304;0.026624;0.310304
356;0.617216;0.049152;0.56096
357;0.213056;0.021504;0.246976
358;0.270752;0.022528;0.292992
359;0.036096;0.008192;0.03568
360;0.252864;0.023552;0.266784
361;0.290592;0.026624;0.311584
362;0.26992;0.0256;0.283744
363;0.265696;0.024576;0.296512
364;0.286048;0.026656;0.285088
365;0.270016;0.023552;0.291712
366;0.271968;0.024672;0.27456
367;0.613792;0.050176;0.548768
368;0.771616;0.06144;0.643264
369;0.208384;0.02048;0.24672
370;0.29616;0.026624;0.283776
371;0.619584;0.049152;0.547584
372;0.208448;0.02064;0.24576
373;0.259776;0.022624;0.292832
374;0.036064;0.008192;0.035712
375;0.25232;0.023424;0.274112
376;0.286272;0.026688;0.293312
377;0.263136;0.0256;0.284768
378;0.255904;0.024576;0.268384
379;0.294624;0.026624;0.30432
380;0.270016;0.023552;0.273472
381;0.28048;0.02464;0.311616
382;0.786752;0.050176;0.53904
383;0.781792;0.06144;0.673696
384;0.207328;0.021504;0.234624
385;0.294592;0.026624;0.331424
386;0.619424;0.050176;0.548128
387;0.221856;0.021504;0.244928
388;0.260928;0.022528;0.273536
389;0.036128;0.008192;0.03568
390;0.251296;0.023296;0.27536
391;0.27776;0.026656;0.293312
392;0.270272;0.0256;0.2848
393;0.274368;0.024576;0.29424
394;0.2864;0.026624;0.307136
395;0.270304;0.023776;0.2776
396;0.27952;0.024576;0.303264
397;0.639648;0.050176;0.569152
398;0.753312;0.06144;0.661984
399;0.209312;0.021504;0.238944
400;0.28624;0.026624;0.32016
401;0.656992;0.049408;0.58448
402;0.207328;0.02048;0.24496
403;0.26112;0.022528;0.30128
404;0.036128;0.008448;0.035712
405;0.256032;0.023296;0.275392
406;0.295488;0.026624;0.33152
407;0.272288;0.0256;0.275232
408;0.256096;0.024576;0.287136
409;0.278464;0.026624;0.413376
410;0.256608;0.023712;0.291424
411;0.26992;0.024576;0.284256
412;0.637088;0.050176;0.575712
413;0.726432;0.06144;0.640864
414;0.208672;0.021504;0.245888
415;0.287008;0.026624;0.293248
416;0.638112;0.050176;0.57168
417;0.208064;0.021504;0.246304
418;0.250176;0.022528;0.265504
419;0.036128;0.008192;0.03568
420;0.25152;0.023552;0.274656
421;0.276064;0.026624;0.294464
422;0.280224;0.0256;0.311968
423;0.25584;0.024576;0.278688
424;0.268992;0.026624;0.294336
425;0.243328;0.024576;0.2648
426;0.270848;0.024576;0.3032
427;0.630784;0.050176;0.540128
428;0.744096;0.06144;0.641216
429;0.208384;0.021504;0.234112
430;0.277056;0.026624;0.302624
431;0.605184;0.049152;0.547616
432;0.198048;0.02048;0.246752
433;0.259552;0.023552;0.274432
434;0.036128;0.008192;0.035968
435;0.251232;0.023296;0.26736
436;0.36032;0.026624;0.335808
437;0.271296;0.0256;0.316
438;0.26528;0.024576;0.296512
439;0.294624;0.026624;0.319904
440;0.261568;0.023552;0.272704
441;0.272;0.024576;0.31216
442;0.648064;0.050176;0.57488
443;0.753856;0.06144;0.671296
444;0.19952;0.021504;0.2344
445;0.286272;0.026624;0.306432
446;0.633184;0.050176;0.538944
447;0.202528;0.021504;0.245216
448;0.268768;0.022528;0.31072
449;0.036096;0.008224;0.03568
450;0.251808;0.0256;0.274656
451;0.296416;0.026624;0.312096
452;0.28016;0.0256;0.293472
453;0.27424;0.024576;0.296352
454;0.28656;0.026624;0.29536
455;0.284768;0.023552;0.302528
456;0.270208;0.024576;0.28448
457;0.63088;0.050176;0.59488
458;0.773696;0.06144;0.641504
459;0.208896;0.021504;0.248576
460;0.281568;0.026624;0.283808
461;0.63792;0.049152;0.60064
462;0.259584;0.020544;0.278176
463;0.279168;0.022528;0.301216
464;0.03648;0.008224;0.035712
465;0.260864;0.023296;0.273856
466;0.288;0.026624;0.311776
467;0.280128;0.0256;0.283712
468;0.254816;0.024576;0.287136
469;0.29456;0.026624;0.313056
470;0.262176;0.024576;0.307488
471;0.279904;0.024576;0.293568
472;0.631328;0.050176;0.538912
473;0.755168;0.06144;0.631296
474;0.206336;0.021504;0.24592
475;0.286304;0.026624;0.2944
476;0.622432;0.050176;0.539488
477;0.207104;0.02048;0.23472
478;0.25968;0.022528;0.265376
479;0.036224;0.008192;0.03568
480;0.252096;0.023552;0.31152
481;0.278112;0.026624;0.293664
482;0.280256;0.0256;0.320608
483;0.256032;0.027488;0.305216
484;0.286432;0.026624;0.30688
485;0.26112;0.023552;0.292192
486;0.27024;0.024576;0.303296
487;0.613664;0.050176;0.547776
488;0.7736;0.060416;0.64304
489;0.374048;0.021504;0.245664
490;0.287328;0.026624;0.308992
491;0.625056;0.049248;0.5384
492;0.207264;0.02048;0.243744
493;0.251232;0.022816;0.273856
494;0.036352;0.008192;0.035712
495;0.260736;0.023296;0.27536
496;0.28624;0.026624;0.322848
497;0.270656;0.0256;0.290112
498;0.274368;0.024576;0.3056
499;0.27616;0.026624;0.295616
500;0.261472;0.024576;0.29184
501;0.270656;0.024576;0.27536
502;0.622176;0.050176;0.585952
503;0.767392;0.06144;0.662912
504;0.208736;0.021504;0.22496
505;0.27808;0.026624;0.2936
506;0.609728;0.049152;0.547648
507;0.207136;0.02048;0.254528
508;0.259456;0.023552;0.2736
509;0.036096;0.008192;0.036032
510;0.25264;0.02432;0.275072
511;0.287264;0.026624;0.3032
512;0.275328;0.0256;0.303232
513;0.257152;0.024576;0.277568
514;0.28672;0.026624;0.304224
515;0.27072;0.023552;0.274464
516;0.270944;0.024576;0.30272
517;0.786176;0.050176;0.592128
518;0.769312;0.06144;0.65888
519;0.207712;0.021504;0.225472
520;0.286848;0.026624;0.305344
521;0.648256;0.050176;0.570176
522;0.198656;0.02048;0.23424
523;0.270304;0.022688;0.292544
524;0.036064;0.008192;0.035936
525;0.26192;0.023296;0.274368
526;0.28624;0.026624;0.303424
527;0.279584;0.0256;0.3032
528;0.266336;0.024576;0.27792
529;0.304768;0.026624;0.31392
530;0.261152;0.023552;0.27808
531;0.270272;0.024576;0.284032
532;0.62176;0.050176;0.539648
533;0.765408;0.06144;0.66944
534;0.209024;0.021504;0.234624
535;0.286272;0.026624;0.293248
536;0.639104;0.050176;0.57888
537;0.208064;0.02048;0.234176
538;0.287584;0.022528;0.283264
539;0.036096;0.008448;0.035872
540;0.253024;0.023552;0.287648
541;0.276032;0.026624;0.293888
542;0.262144;0.0256;0.29264
543;0.265344;0.024576;0.414144
544;0.285408;0.026624;0.312896
545;0.260096;0.023776;0.292192
546;0.279552;0.024576;0.292896
547;0.62128;0.050176;0.548288
548;0.768736;0.06144;0.667968
549;0.2088;0.021504;0.246976
550;0.285248;0.026624;0.304
551;0.628352;0.049152;0.547136
552;0.207008;0.020608;0.233952
553;0.260288;0.022624;0.282944
554;0.036128;0.008224;0.035712
555;0.260608;0.023296;0.288992
556;0.286976;0.026688;0.29312
557;0.260704;0.0256;0.274304
558;0.253824;0.0256;0.277568
559;0.276896;0.026624;0.294336
560;0.252096;0.023552;0.264192
561;0.261472;0.024576;0.28448
562;0.621088;0.050176;0.549824
563;0.786688;0.06144;0.678368
564;0.20928;0.021504;0.234176
565;0.304672;0.026624;0.318656
566;0.622432;0.049152;0.558048
567;0.214144;0.02048;0.245088
568;0.278784;0.022528;0.311264
569;0.036096;0.008192;0.035712
570;0.400768;0.023392;0.274336
571;0.286304;0.026624;0.284448
572;0.270912;0.0256;0.302688
573;0.256;0.024576;0.305184
574;0.285952;0.026624;0.312928
575;0.253632;0.023552;0.27408
576;0.270944;0.024576;0.30224
577;0.6136;0.050176;0.538592
578;0.740288;0.06144;0.631456
579;0.199264;0.021504;0.234688
580;0.295392;0.026624;0.320704
581;0.62368;0.050176;0.589632
582;0.216224;0.020736;0.2352
583;0.268896;0.022656;0.29264
584;0.036128;0.008192;0.035776
585;0.251936;0.023296;0.285152
586;0.287264;0.026656;0.312576
587;0.270272;0.0256;0.293184
588;0.283872;0.024576;0.298432
589;0.294624;0.027648;0.3136
590;0.26112;0.023552;0.298976
591;0.261472;0.0256;0.283776
592;0.62416;0.050176;0.548608
593;0.744832;0.06144;0.66816
594;0.209056;0.021504;0.244704
595;0.29648;0.026624;0.329536
596;0.795136;0.049152;0.743488
597;0.208288;0.02048;0.246624
598;0.26928;0.022528;0.292256
599;0.036128;0.008192;0.035712
600;0.256128;0.023552;0.284384
601;0.286976;0.026624;0.308032
602;0.271392;0.0256;0.291616
603;0.265984;0.024576;0.296992
604;0.27616;0.026624;0.28512
605;0.270144;0.023552;0.291328
606;0.262144;0.024576;0.30272
607;0.632224;0.050176;0.568736
608;0.762496;0.06144;0.660192
609;0.208672;0.021504;0.261056
610;0.28768;0.02672;0.32544
611;0.600992;0.049152;0.578368
612;0.212768;0.020768;0.244416
613;0.269952;0.022592;0.302016
614;0.036096;0.008192;0.035712
615;0.250944;0.023296;0.275296
616;0.295744;0.027648;0.321824
617;0.279328;0.0256;0.311904
618;0.274944;0.024576;0.308576
619;0.295616;0.026624;0.312896
620;0.262176;0.023552;0.282976
621;0.279936;0.024576;0.303904
622;0.59504;0.050176;0.53856
623;0.792192;0.06144;0.650176
624;0.20928;0.021504;0.234624
625;0.749888;0.06144;0.672544
626;0.199296;0.021504;0.234592
627;0.296192;0.026624;0.325344
628;0.6216;0.050176;0.538944
629;0.20704;0.02048;0.246784
630;0.269312;0.022528;0.292768
631;0.036128;0.008192;0.03568
632;0.25104;0.023552;0.275328
633;0.286272;0.026624;0.30368
634;0.279456;0.0256;0.311072
635;0.2568;0.024576;0.277568
636;0.276896;0.026624;0.29568
637;0.261984;0.023552;0.283136
638;0.26144;0.024576;0.2848
639;0.60224;0.050176;0.547776
640;0.736352;0.06144;0.640992
641;0.214016;0.021504;0.23456
642;0.276032;0.026624;0.293856
643;0.601792;0.049152;0.549696
644;0.207872;0.02048;0.234016
645;0.26048;0.023552;0.273568
646;0.036128;0.008192;0.035712
647;0.260512;0.023296;0.27504
648;0.295456;0.026624;0.293312
649;0.284352;0.0256;0.30256
650;0.25648;0.024576;0.277568
651;0.276128;0.026624;0.285664
652;0.307328;0.023552;0.327968
653;0.261728;0.024576;0.284544
654;0.618848;0.050176;0.548896
655;0.78608;0.06144;0.716288
656;0.2088;0.021504;0.234176
657;0.286304;0.026624;0.293056
658;0.628352;0.049152;0.569856
659;0.207392;0.021504;0.233664
660;0.269088;0.022528;0.283424
661;0.036096;0.008192;0.03568
662;0.251456;0.023552;0.275392
663;0.29424;0.026624;0.32192
664;0.270848;0.0256;0.275776
665;0.265632;0.024576;0.304992
666;0.276192;0.026624;0.284928
667;0.261984;0.023552;0.28864
668;0.279488;0.024576;0.284512
669;0.613088;0.050176;0.53856
670;0.742112;0.06144;0.6496
671;0.204352;0.021504;0.245152
672;0.29648;0.026624;0.309728
673;0.637568;0.049152;0.597632
674;0.217248;0.02048;0.252736
675;0.269696;0.023552;0.283904
676;0.036128;0.008224;0.035648
677;0.261184;0.023296;0.275136
678;0.286976;0.026624;0.312256
679;0.332224;0.0256;0.357056
680;0.256352;0.024576;0.292928
681;0.286368;0.026624;0.312928
682;0.251616;0.023776;0.272896
683;0.262112;0.024576;0.28352
684;0.6456;0.050176;0.557536
685;0.79936;0.06144;0.685408
686;0.208736;0.02048;0.2424
687;0.278048;0.026624;0.294944
688;0.620512;0.049152;0.559936
689;0.211744;0.021504;0.248992
690;0.259744;0.023552;0.273536
691;0.036096;0.008192;0.03568
692;0.252;0.023552;0.27504
693;0.277024;0.026624;0.293472
694;0.270048;0.0256;0.30272
695;0.273696;0.024576;0.295456
696;0.276448;0.027648;0.294848
697;0.243104;0.024576;0.27376
698;0.28064;0.024576;0.293536
699;0.630848;0.050176;0.586688
700;0.76352;0.06144;0.649664
701;0.216928;0.021504;0.26112
702;0.29648;0.026624;0.302688
703;0.621728;0.050176;0.548128
704;0.206976;0.02048;0.234016
705;0.277888;0.02272;0.286816
706;0.036096;0.008192;0.03568
707;0.30848;0.02352;0.377696
708;0.286304;0.026624;0.311904
709;0.270848;0.0256;0.283456
710;0.265216;0.024576;0.301088
711;0.295392;0.026624;0.324384
712;0.251616;0.023616;0.267808
713;0.27024;0.024576;0.302432
714;0.594848;0.050176;0.577792
715;0.772384;0.06144;0.670688
716;0.207424;0.02048;0.23472
717;0.286976;0.026624;0.317152
718;0.62992;0.050176;0.538432
719;0.19824;0.02048;0.234144
720;0.272736;0.022528;0.29232
721;0.036096;0.008192;0.035712
722;0.260896;0.023392;0.279488
723;0.277696;0.026624;0.302592
724;0.270784;0.0256;0.313248
725;0.265728;0.024576;0.295328
726;0.28608;0.026624;0.313056
727;0.244576;0.023744;0.27328
728;0.27024;0.024576;0.283488
729;0.611488;0.050176;0.562144
730;0.792352;0.06144;0.650208
731;0.217664;0.021504;0.260384
732;0.28528;0.026624;0.294912
733;0.879968;0.049152;0.538432
734;0.207328;0.020768;0.234176
735;0.270304;0.02272;0.304096
736;0.036096;0.008192;0.03568
737;0.251296;0.023392;0.275328
738;0.276768;0.026624;0.293728
739;0.271264;0.0256;0.283808
740;0.247296;0.024576;0.277888
741;0.277152;0.026624;0.286144
742;0.252128;0.023552;0.264416
743;0.260704;0.024576;0.28416
744;0.612832;0.050176;0.548096
745;0.746816;0.06144;0.650304
746;0.209408;0.021504;0.234816
747;0.296192;0.026624;0.285568
748;0.628832;0.049152;0.561952
749;0.208512;0.02048;0.24448
750;0.259712;0.022528;0.273568
751;0.036224;0.008192;0.035776
752;0.250016;0.023552;0.296384
753;0.285984;0.026624;0.311904
754;0.279136;0.0256;0.283712
755;0.255872;0.024576;0.278144
756;0.269952;0.026752;0.285984
757;0.252192;0.023552;0.27408
758;0.262496;0.024576;0.275296
759;0.630112;0.05024;0.603104
760;0.916896;0.06144;0.640704
761;0.212288;0.021504;0.244736
762;0.296768;0.026624;0.313856
763;0.630432;0.050176;0.54784
764;0.207392;0.020544;0.234016
765;0.250848;0.022784;0.2744
766;0.036128;0.008224;0.035712
767;0.265728;0.02432;0.28528
768;0.286272;0.026624;0.30256
769;0.270624;0.0256;0.302176
770;0.255776;0.024576;0.291904
771;0.294592;0.026624;0.314144
772;0.258784;0.023808;0.28672
773;0.26176;0.024576;0.31248
774;0.621824;0.050176;0.577248
775;0.744352;0.06144;0.662528
776;0.213344;0.021504;0.245952
777;0.286912;0.026624;0.313856
778;0.647776;0.049152;0.59168
779;0.207712;0.02048;0.235168
780;0.279232;0.023552;0.292064
781;0.036128;0.008192;0.03568
782;0.251264;0.023552;0.274816
783;0.277056;0.026624;0.285152
784;0.261088;0.0256;0.283424
785;0.265952;0.024576;0.286784
786;0.276192;0.026624;0.284928
787;0.251904;0.023552;0.273056
788;0.270848;0.024576;0.283424
789;0.612576;0.050176;0.558208
790;0.729216;0.06144;0.64048
791;0.221504;0.021504;0.258336
792;0.295456;0.026624;0.316896
793;0.64688;0.050176;0.561056
794;0.22096;0.02048;0.257536
795;0.27008;0.02272;0.292768
796;0.036096;0.008192;0.03568
797;0.252096;0.023296;0.28784
798;0.277056;0.026624;0.294496
799;0.266464;0.0256;0.283648
800;0.266016;0.024576;0.299392
801;0.285376;0.026624;0.313024
802;0.251584;0.023552;0.272896
803;0.260704;0.024576;0.2848
804;0.620064;0.050176;0.5696
805;0.749888;0.06144;0.632672
806;0.20976;0.021504;0.238912
807;0.292064;0.026624;0.311712
808;0.61104;0.049152;0.571008
809;0.207008;0.02048;0.257824
810;0.269344;0.022528;0.274656
811;0.036128;0.008192;0.03568
812;0.260896;0.023552;0.275904
813;0.286176;0.026624;0.312096
814;0.279168;0.0256;0.283424
815;0.311424;0.024576;0.423232
816;0.268672;0.026624;0.294368
817;0.260992;0.023552;0.292448
818;0.27104;0.024576;0.2848
819;0.617824;0.050176;0.538528
820;0.766592;0.06144;0.640384
821;0.199424;0.02048;0.235008
822;0.28256;0.026624;0.293312
823;0.602176;0.050176;0.539424
824;0.198912;0.02064;0.234144
825;0.2784;0.022528;0.283424
826;0.036096;0.008448;0.03584
827;0.25232;0.023296;0.273888
828;0.295488;0.026624;0.321504
829;0.271232;0.0256;0.302368
830;0.265024;0.024576;0.314688
831;0.272288;0.026624;0.295648
832;0.270016;0.024576;0.291616
833;0.27024;0.024576;0.302528
834;0.64608;0.050176;0.540128
835;0.78352;0.06144;0.71216
836;0.216544;0.021504;0.243712
837;0.305728;0.026624;0.29456
838;0.620608;0.050176;0.559936
839;0.195808;0.020768;0.233632
840;0.25968;0.022528;0.273888
841;0.036096;0.009216;0.035712
842;0.298784;0.023296;0.3992
843;0.295456;0.026624;0.312384
844;0.270304;0.0256;0.320128
845;0.256128;0.024576;0.26944
846;0.27776;0.026624;0.3216
847;0.261152;0.023552;0.291648
848;0.266944;0.024576;0.304224
849;0.640384;0.050176;0.557056
850;0.7648;0.06144;0.652256
851;0.20896;0.021504;0.236032
852;0.29552;0.026624;0.319872
853;0.655936;0.049152;0.539168
854;0.216512;0.02048;0.24496
855;0.28736;0.023552;0.292288
856;0.036128;0.008192;0.035712
857;0.260512;0.023296;0.275872
858;0.295488;0.026624;0.30256
859;0.270336;0.0256;0.284416
860;0.256384;0.024576;0.287616
861;0.286048;0.026624;0.312896
862;0.251552;0.023552;0.274272
863;0.280736;0.024576;0.303328
864;0.648384;0.050176;0.581088
865;0.766528;0.06144;0.686656
866;0.208704;0.021504;0.25824
867;0.286304;0.026624;0.293856
868;0.804512;0.049152;0.573536
869;0.198176;0.02048;0.234208
870;0.255424;0.023552;0.282624
871;0.036096;0.008192;0.03568
872;0.261024;0.023552;0.285472
873;0.277056;0.026624;0.28416
874;0.28032;0.0256;0.30272
875;0.264992;0.024576;0.30464
876;0.27696;0.026816;0.294336
877;0.261184;0.023552;0.29328
878;0.280128;0.024576;0.303264
879;0.654304;0.050176;0.539552
880;0.749664;0.06144;0.673312
881;0.218016;0.021504;0.245632
882;0.285216;0.026624;0.303424
883;0.610624;0.04944;0.562976
884;0.216256;0.02048;0.25584
885;0.268928;0.022528;0.2928
886;0.036128;0.009216;0.03568
887;0.252672;0.023296;0.274368
888;0.285248;0.026624;0.320992
889;0.261088;0.0256;0.29296
890;0.255872;0.024576;0.296288
891;0.276192;0.026624;0.294368
892;0.270304;0.024576;0.293184
893;0.279776;0.024576;0.293088
894;0.63984;0.050176;0.59424
895;0.772704;0.06144;0.64048
896;0.274848;0.021504;0.271744
897;0.288032;0.026624;0.303424
898;0.629856;0.050176;0.53792
899;0.208032;0.02048;0.233696
900;0.257056;0.023552;0.274176
901;0.036128;0.008192;0.035712
902;0.252;0.023296;0.274496
903;0.29616;0.026624;0.302528
904;0.261408;0.0256;0.283424
905;0.256128;0.024576;0.277568
906;0.295584;0.026816;0.313088
907;0.261152;0.023552;0.27888
908;0.270912;0.024576;0.304288
909;0.64896;0.050176;0.575776
910;0.776992;0.06144;0.670432
911;0.208992;0.021504;0.234176
912;0.276704;0.026624;0.293248
913;0.62912;0.050176;0.602464
914;0.208;0.02064;0.243456
915;0.260736;0.022528;0.283264
916;0.036096;0.008224;0.03568
917;0.252;0.023296;0.27568
918;0.286816;0.026624;0.31168
919;0.270528;0.0256;0.292672
920;0.274528;0.024576;0.311008
921;0.286368;0.026624;0.307616
922;0.270336;0.023552;0.3024
923;0.280288;0.024576;0.312512
924;0.88432;0.050176;0.567232
925;0.767776;0.06144;0.650144
926;0.222528;0.021504;0.259168
927;0.277056;0.026624;0.302592
928;0.621536;0.050176;0.569152
929;0.208;0.02048;0.244416
930;0.259776;0.022528;0.27408
931;0.036096;0.008192;0.03568
932;0.26112;0.023552;0.275392
933;0.295648;0.026624;0.312064
934;0.28032;0.0256;0.31344
935;0.25584;0.024576;0.2776
936;0.2856;0.026688;0.318976
1250;0.036096;0.008192;0.035712
1251;0.270464;0.023296;0.275392
1252;0.296608;0.026624;0.294176
1253;0.321696;0.0256;0.340288
1254;0.265024;0.024576;0.310624
1255;0.276896;0.026624;0.28512
1256;0.251936;0.023552;0.27408
1257;0.270368;0.024576;0.29472
1258;0.603712;0.050176;0.558304
1259;0.792896;0.06144;0.677824
1260;0.213312;0.021504;0.241856
1261;0.277952;0.026656;0.316256
1262;0.610816;0.050176;0.567584
1263;0.22592;0.02048;0.244928
1264;0.269312;0.022528;0.283264
1265;0.036128;0.008192;0.03568
1266;0.260224;0.023296;0.275136
1267;0.283936;0.026624;0.293344
1268;0.261344;0.0256;0.283872
1269;0.26432;0.024576;0.305248
1270;0.276896;0.026624;0.295712
1271;0.251584;0.023808;0.273408
1272;0.289248;0.024576;0.304224
1273;0.64048;0.050176;0.604192
1274;0.764128;0.06144;0.640032
1275;0.21792;0.021504;0.245376
1276;0.277728;0.026624;0.315744
1277;0.637696;0.050176;0.561504
1278;0.354144;0.021504;0.296288
1279;0.278848;0.022528;0.29232
1280;0.036064;0.008192;0.03568
1281;0.251008;0.023392;0.275392
1282;0.286304;0.026624;0.304416
1283;0.261856;0.0256;0.311424
1284;0.266272;0.024576;0.2776
1285;0.285344;0.026624;0.31392
1286;0.2608;0.023552;0.298304
1287;0.270304;0.024576;0.284544
1288;0.63088;0.050176;0.619616
1289;0.768768;0.06144;0.69264
1290;0.207776;0.021504;0.245888
1291;0.278016;0.026624;0.316896
1292;0.598208;0.050176;0.537888
1293;0.207296;0.02048;0.235008
1294;0.260288;0.022528;0.282784
1295;0.036128;0.008192;0.035712
1296;0.25152;0.023552;0.2744
1297;0.28624;0.026752;0.293152
1298;0.261792;0.0256;0.282528
1299;0.25584;0.024576;0.305504
1300;0.276096;0.026624;0.284896
1301;0.27824;0.023648;0.291648
1302;0.270624;0.024576;0.284288
1303;0.631008;0.050176;0.6056
1304;0.781056;0.06144;0.64048
1305;0.210912;0.021504;0.259584
1306;0.297504;0.026624;0.308512
1307;0.642304;0.050176;0.539968
1308;0.207264;0.02048;0.246464
1309;0.268736;0.022528;0.283232
1310;0.036096;0.008192;0.035712
1311;0.25104;0.023296;0.274688
1312;0.291328;0.026656;0.312064
1313;0.271168;0.0256;0.3024
1314;0.256128;0.024576;0.277888
1315;0.287072;0.026624;0.294336
1316;0.251008;0.024576;0.273728
1317;0.270112;0.024576;0.302496
1318;0.621056;0.050176;0.557792
1319;0.758656;0.06144;0.64048
1320;0.209664;0.021504;0.245344
1321;0.286272;0.026624;0.317184
1322;0.629856;0.050176;0.540992
1323;0.21648;0.02048;0.234752
1324;0.269024;0.023552;0.292832
1325;0.036064;0.008192;0.03568
1326;0.253472;0.023296;0.275872
1327;0.285248;0.026624;0.294208
1328;0.279488;0.0256;0.302752
1329;0.25648;0.024576;0.277568
1330;0.285408;0.026624;0.319456
1331;0.26192;0.024576;0.299008
1332;0.261472;0.024576;0.284864
1333;0.828704;0.050176;0.720096
1334;0.767328;0.06144;0.662624
1335;0.208704;0.02048;0.246752
1336;0.300448;0.026624;0.332736
1337;0.629952;0.049152;0.540992
1338;0.20944;0.02048;0.23808
1339;0.26992;0.022528;0.2928
1340;0.036096;0.008192;0.03568
1341;0.251456;0.023296;0.274112
1342;0.277024;0.026624;0.293888
1343;0.270272;0.0256;0.321152
1344;0.266016;0.024576;0.305504
1345;0.276896;0.026624;0.285152
1346;0.252736;0.023552;0.272896
1347;0.271968;0.024576;0.274592
1348;0.62176;0.050464;0.603104
1349;0.776352;0.06144;0.64288
1350;0.214144;0.021504;0.256256
1351;0.277056;0.027648;0.295136
1352;0.6112;0.050176;0.566016
1353;0.213472;0.02048;0.24544
1354;0.2696;0.023552;0.304064
1355;0.036064;0.008192;0.03568
1356;0.251264;0.023552;0.275392
1357;0.277056;0.026624;0.283936
1358;0.270624;0.0256;0.299648
1359;0.25632;0.024576;0.2776
1360;0.27616;0.026624;0.295776
1361;0.307328;0.023552;0.34192
1362;0.270048;0.024576;0.293216
1363;0.671648;0.050176;0.628224
1364;0.735712;0.06144;0.67328
1365;0.208352;0.021504;0.25056
1366;0.277088;0.026624;0.294656
1367;0.61968;0.049152;0.578848
1368;0.207616;0.02048;0.234208
1369;0.261152;0.022528;0.283296
1370;0.03616;0.008192;0.03568
1371;0.252256;0.023296;0.266368
1372;0.277056;0.026624;0.28416
1373;0.261344;0.0256;0.283936
1374;0.283904;0.024576;0.2864
1375;0.29632;0.026624;0.313088
1376;0.2696;0.024576;0.315488
1377;0.270272;0.024576;0.284832
1378;0.59824;0.050176;0.577824
1379;0.726496;0.06144;0.64976
1380;0.207936;0.021504;0.235232
1381;0.277056;0.026624;0.294816
1382;0.610688;0.050176;0.538432
1383;0.198432;0.020512;0.224992
1384;0.259328;0.022528;0.2928
1385;0.036064;0.008192;0.03568
1386;0.250944;0.023296;0.28336
1387;0.287232;0.026624;0.302528
1388;0.271456;0.0256;0.293728
1389;0.26576;0.024576;0.305184
1390;0.300352;0.026624;0.316064
1391;0.2608;0.023552;0.291808
1392;0.271456;0.02464;0.30272
1393;0.621856;0.050176;0.604096
1394;0.763136;0.06144;0.653344
1395;0.20928;0.021504;0.234784
1396;0.285376;0.026624;0.313248
1397;0.618944;0.049152;0.597824
1398;0.203584;0.02048;0.246432
1399;0.261792;0.022528;0.283616
1400;0.036192;0.008192;0.03568
1401;0.251392;0.023296;0.27488
1402;0.278144;0.026624;0.293344
1403;0.270432;0.0256;0.29296
1404;0.26512;0.024576;0.295456
1405;0.295168;0.0256;0.31312
1406;0.261216;0.023552;0.28208
1407;0.280544;0.024576;0.303264
1408;0.631616;0.050176;0.55696
1409;0.74512;0.06144;0.659936
1410;0.208384;0.021504;0.234496
1411;0.29552;0.026624;0.336
1412;0.62816;0.049152;0.550176
1413;0.268128;0.02048;0.264672
1414;0.260672;0.022528;0.282752
1415;0.036128;0.008192;0.035712
1416;0.260544;0.023552;0.301952
1417;0.277056;0.026624;0.285184
1418;0.271008;0.0256;0.303232
1419;0.265056;0.024576;0.296736
1420;0.285344;0.026624;0.31376
1421;0.262816;0.023552;0.284256
1422;0.261984;0.024576;0.285056
1423;0.653408;0.050176;0.552448
1424;0.773248;0.06144;0.70352
1425;0.216992;0.021504;0.257472
1426;0.295488;0.026624;0.31696
1427;0.600512;0.049152;0.564832
1428;0.203104;0.02048;0.231616
1429;0.259712;0.022528;0.301632
1430;0.036096;0.008224;0.03568
1431;0.251424;0.023296;0.311072
1432;0.305376;0.026624;0.312896
1433;0.28016;0.0256;0.299584
1434;0.275328;0.024576;0.311648
1435;0.305184;0.026624;0.323808
1436;0.260832;0.023552;0.292192
1437;0.270912;0.024576;0.302144
1438;0.622272;0.050176;0.55664
1439;0.735456;0.06144;0.644064
1440;0.236384;0.021504;0.244896
1441;0.305376;0.026624;0.313216
1442;0.620352;0.049152;0.541472
1443;0.204288;0.02048;0.243904
1444;0.268896;0.023552;0.312736
1445;0.036192;0.008192;0.03568
1446;0.25152;0.023296;0.299776
1447;0.268608;0.026624;0.290048
1448;0.279712;0.0256;0.273664
1449;0.274592;0.024576;0.296192
1450;0.286048;0.026624;0.284576
1451;0.261088;0.024576;0.272384
1452;0.28016;0.024576;0.29168
1453;0.639936;0.050176;0.584608
1454;0.777696;0.06144;0.637824
1455;0.213248;0.021504;0.233792
1456;0.282112;0.026624;0.281696
1457;0.647808;0.050176;0.602912
1458;0.208288;0.02048;0.252864
1459;0.260416;0.022752;0.272416
1460;0.036096;0.008224;0.035712
1461;0.2512;0.023552;0.273312
1462;0.276;0.026624;0.299456
1463;0.270304;0.0256;0.299264
1464;0.274208;0.024576;0.286784
1465;0.290464;0.026624;0.312064
1466;0.244096;0.024576;0.290624
1467;0.261216;0.024576;0.28224
1468;0.612704;0.050176;0.741984
1469;0.74432;0.06144;0.645984
1470;0.217568;0.021504;0.234624
1471;0.28624;0.026624;0.29216
1472;0.605568;0.049152;0.533856
1473;0.20704;0.02048;0.241376
1474;0.269024;0.022528;0.28176
1475;0.036096;0.008192;0.035712
1476;0.256096;0.023552;0.280832
1477;0.27776;0.026624;0.283072
1478;0.261824;0.0256;0.301696
1479;0.27424;0.024576;0.302432
1480;0.295232;0.026624;0.322016
1481;0.25232;0.023552;0.280352
1482;0.270944;0.024576;0.311456
1483;0.635264;0.050176;0.564608
1484;0.763296;0.06144;0.657376
1485;0.208672;0.021504;0.244864
1486;0.304832;0.026624;0.314496
1487;0.64656;0.050176;0.543488
1488;0.230176;0.020672;0.243488
1489;0.2512;0.023552;0.300736
1490;0.036128;0.008192;0.03568
1491;0.251296;0.023456;0.27232
1492;0.286976;0.026624;0.310816
1493;0.271008;0.0256;0.290912
1494;0.264992;0.024576;0.283712
1495;0.350176;0.026624;0.354528
1496;0.252608;0.023552;0.268608
1497;0.262752;0.024576;0.298048
1498;0.639136;0.050176;0.560032
1499;0.726112;0.06144;0.643552
1500;0.217888;0.021504;0.245504
1501;0.295488;0.026624;0.320992
1502;0.61952;0.050176;0.5512
1503;0.207872;0.02048;0.232096
1504;0.259776;0.022528;0.272
1505;0.036256;0.008192;0.03568
1506;0.250944;0.023296;0.285472
1507;0.286944;0.026624;0.291136
1508;0.270208;0.0256;0.304224
1509;0.265344;0.024576;0.303968
1510;0.276768;0.026624;0.302656
1511;0.253728;0.024576;0.272736
1512;0.270112;0.024576;0.309216
1513;0.621888;0.050176;0.5344
1514;0.783168;0.06144;0.654784
1515;0.217696;0.02048;0.253568
1516;0.294464;0.026624;0.291008
1517;0.620064;0.049152;0.553248
1518;0.216928;0.02048;0.244192
1519;0.268576;0.022528;0.302496
1520;0.036064;0.008192;0.035712
1521;0.260096;0.023296;0.300672
1522;0.279808;0.026624;0.404768
1523;0.261856;0.0256;0.281344
1524;0.26576;0.024576;0.302048
1525;0.294528;0.026624;0.300512
1526;0.261792;0.024576;0.289088
1527;0.261344;0.024576;0.301152
1528;0.649056;0.050176;0.594848
1529;0.744608;0.06144;0.659936
1530;0.214336;0.021504;0.244704
1531;0.281824;0.026624;0.283488
1532;0.619648;0.050176;0.565856
1533;0.207296;0.02048;0.24336
1534;0.268896;0.022528;0.30096
1535;0.036096;0.008192;0.035712
1536;0.241696;0.023552;0.274624
1537;0.277728;0.026624;0.283648
1538;0.280032;0.0256;0.310432
1539;0.256096;0.024576;0.294784
1540;0.276896;0.026624;0.285664
1541;0.25248;0.024576;0.272896
1542;0.27024;0.024576;0.282912
1543;0.631328;0.050176;0.55696
1544;0.773024;0.06144;0.698304
1545;0.20832;0.021504;0.262912
1546;0.287968;0.026624;0.292224
1547;0.611264;0.049376;0.55584
1548;0.249696;0.020736;0.277184
1549;0.26048;0.022528;0.271488
1550;0.036064;0.008192;0.03568
1551;0.251616;0.023296;0.271488
1552;0.286944;0.026624;0.281024
1553;0.262368;0.0256;0.282368
1554;0.254752;0.024576;0.273824
1555;0.277152;0.026624;0.294464
1556;0.271168;0.024576;0.284928
1557;0.270912;0.024576;0.302176
1558;0.653472;0.0512;0.563104
1559;0.745568;0.06144;0.635808
1560;0.209728;0.021504;0.24144
1561;0.75616;0.06144;0.637536
1875;0.261376;0.024576;0.289568
1876;0.270688;0.024576;0.293248
1877;0.630112;0.050176;0.53808
1878;0.790048;0.06144;1.10275
1879;0.208512;0.021504;0.693792
1880;0.277056;0.026624;0.30896
1881;0.628192;0.050176;1.10928
1882;0.207232;0.02048;0.23008
1883;0.2592;0.022528;0.280224
1884;0.036128;0.008224;0.03568
1885;0.251008;0.022528;0.264064
1886;0.281856;0.026624;0.283072
1887;0.279936;0.0256;0.302688
1888;0.254912;0.024576;0.281408
1889;0.285344;0.026624;0.2936
1890;0.316416;0.024576;0.404736
1891;0.2768;0.024576;0.283808
1892;0.611648;0.050176;0.545696
1893;0.77184;0.06144;0.984864
1894;0.21744;0.021504;0.721856
1895;0.304672;0.026624;0.353984
1896;0.637152;0.050176;1.07962
1897;0.207104;0.02048;0.232576
1898;0.259936;0.023552;0.289408
1899;0.036096;0.008192;0.035712
1900;0.25184;0.023552;0.2728
1901;0.296192;0.026624;0.29264
1902;0.281184;0.0256;0.27216
1903;0.274944;0.024576;0.303488
1904;0.286368;0.026624;0.294112
1905;0.269856;0.023552;0.297568
1906;0.28;0.024576;0.272128
1907;0.612448;0.050176;0.547712
1908;0.744384;0.06144;1.05424
1909;0.22256;0.021504;0.739968
1910;0.294368;0.026624;0.338592
1911;0.638432;0.050176;1.16816
1912;0.199072;0.021504;0.233632
1913;0.260608;0.022528;0.29024
1914;0.036096;0.008224;0.035712
1915;0.268704;0.023296;0.276192
1916;0.295488;0.026848;0.306432
1917;0.270688;0.0256;0.272128
1918;0.256416;0.024576;0.285056
1919;0.286048;0.026624;0.309664
1920;0.251616;0.023552;0.270848
1921;0.260512;0.024576;0.273024
1922;0.65744;0.050176;0.574784
1923;0.808352;0.06144;1.01274
1924;0.20816;0.021504;0.703008
1925;0.305024;0.026624;0.333664
1926;0.61152;0.049344;1.02
1927;0.207072;0.02048;0.223424
1928;0.260288;0.023552;0.298912
1929;0.036096;0.008192;0.03568
1930;0.25184;0.023296;0.2728
1931;0.2944;0.026624;0.309504
1932;0.2792;0.0256;0.300096
1933;0.266112;0.024576;0.3048
1934;0.304512;0.026624;0.30096
1935;0.270336;0.023552;0.300832
1936;0.260544;0.024576;0.274208
1937;0.630112;0.050176;0.574752
1938;0.75456;0.06144;1.04989
1939;0.218784;0.021504;0.776928
1940;0.286272;0.026624;0.320992
1941;0.65744;0.049152;1.13958
1942;0.198624;0.02048;0.241824
1943;0.273312;0.022528;0.304736
1944;0.036064;0.008224;0.035744
1945;0.251104;0.02336;0.291488
1946;0.295392;0.026624;0.309792
1947;0.270816;0.0256;0.300096
1948;0.257088;0.024576;0.276576
1949;0.300608;0.026624;0.309952
1950;0.261312;0.024576;0.290048
1951;0.261536;0.024576;0.282176
1952;0.607072;0.050176;0.546016
1953;0.781824;0.060416;0.659392
1954;0.217888;0.021504;0.849056
1955;0.277696;0.026624;0.310752
1956;0.63952;0.049152;1.02765
1957;0.20704;0.02048;0.244256
1958;0.268416;0.022528;0.300256
1959;0.036128;0.008192;0.03568
1960;0.251872;0.023552;0.263552
1961;0.295136;0.026624;0.292288
1962;0.260896;0.0256;0.284032
1963;0.320576;0.024576;0.405984
1964;0.295456;0.026624;0.292256
1965;0.270368;0.023552;0.289568
1966;0.27936;0.024672;0.28352
1967;0.631168;0.050176;0.562048
1968;0.735136;0.06144;0.638976
1969;0.214336;0.021504;0.775104
1970;0.294752;0.026624;0.320192
1971;0.63792;0.049152;1.03914
1972;0.197632;0.02048;0.242656
1973;0.2688;0.022528;0.296352
1974;0.036128;0.008192;0.035712
1975;0.251072;0.023296;0.273056
1976;0.277024;0.026624;0.302656
1977;0.27968;0.0256;0.310336
1978;0.264896;0.024576;0.286784
1979;0.29456;0.026624;0.320224
1980;0.262304;0.024576;0.288032
1981;0.270752;0.024576;0.28208
1982;0.639008;0.050176;0.602016
1983;0.745728;0.06144;0.639424
1984;0.208544;0.021504;0.72768
1985;0.296608;0.026624;0.3376
1986;0.795936;0.050176;0.965888
1987;0.207808;0.021504;0.241824
1988;0.268768;0.022816;0.262816
1989;0.036224;0.008192;0.03568
1990;0.260704;0.023424;0.310432
1991;0.276736;0.026624;0.283584
1992;0.27136;0.0256;0.272736
1993;0.26224;0.024576;0.301088
1994;0.295296;0.026624;0.284864
1995;0.259936;0.023552;0.27184
1996;0.279968;0.024576;0.272736
1997;0.620576;0.0512;0.553376
1998;0.814624;0.06144;0.666112
1999;0.216416;0.021504;0.812992
2000;0.295136;0.026624;0.319136
2001;0.606752;0.049152;0.984896
2002;0.208288;0.02048;0.246752
2003;0.269472;0.022528;0.291264
2004;0.036224;0.008224;0.035712
2005;0.25216;0.023296;0.281792
2006;0.286848;0.026624;0.301824
2007;0.270112;0.0256;0.294976
2008;0.265888;0.024576;0.285568
2009;0.304928;0.026624;0.320704
2010;0.270368;0.024576;0.271424
2011;0.271456;0.024576;0.294528
2012;0.78816;0.113664;0.549664
2013;0.782336;0.06144;0.656832
2014;0.208576;0.021504;0.74816
2015;0.294464;0.026624;0.324768
2016;0.629024;0.050176;1.18864
2017;0.216032;0.02048;0.244704
2018;0.250368;0.022528;0.278624
2019;0.036096;0.008192;0.035744
2020;0.26928;0.023552;0.266176
2021;0.28528;0.028672;0.290432
2022;0.270048;0.0256;0.281504
2023;0.265888;0.024576;0.303456
2024;0.27616;0.026624;0.284096
2025;0.2504;0.023552;0.271712
2026;0.280032;0.024608;0.292096
2027;0.61136;0.050176;0.553888
2028;0.744704;0.06144;0.646624
2029;0.209568;0.021504;0.823936
2030;0.29616;0.026624;0.300928
2031;0.619936;0.050176;0.977664
2032;0.216352;0.02048;0.241312
2033;0.259936;0.023552;0.297696
2034;0.036128;0.008192;0.03568
2035;0.250816;0.023296;0.283872
2036;0.37056;0.026624;0.315776
2037;0.280384;0.0256;0.299072
2038;0.274496;0.024576;0.302944
2039;0.2864;0.026624;0.308768
2040;0.269952;0.023552;0.298432
2041;0.272288;0.024576;0.281952
2042;0.631488;0.050176;0.539552
2043;0.781664;0.06144;0.683968
2044;0.207808;0.02048;0.803584
2045;0.286976;0.026624;0.309696
2046;0.645088;0.049152;0.974976
2047;0.206752;0.020672;0.243328
2048;0.268416;0.022528;0.327744
2049;0.036192;0.008192;0.035712
2050;0.26224;0.023296;0.29872
2051;0.304448;0.026624;0.309184
2052;0.261504;0.0256;0.282368
2053;0.27456;0.024576;0.295328
2054;0.272096;0.026624;0.294112
2055;0.250496;0.023552;0.271168
2056;0.269792;0.024576;0.2896
2057;0.639424;0.050176;0.538528
2058;0.75024;0.06144;0.647136
2059;0.208544;0.021504;0.822208
2060;0.360544;0.026624;0.345536
2061;0.611296;0.050176;0.9768
2062;0.207136;0.02048;0.24432
2063;0.269248;0.022528;0.299104
2064;0.036096;0.008224;0.03568
2065;0.252256;0.023296;0.280256
2066;0.286944;0.026624;0.309504
2067;0.28;0.0256;0.291232
2068;0.27376;0.024576;0.276032
2069;0.294624;0.026624;0.311712
2070;0.27088;0.024576;0.296288
2071;0.269792;0.024576;0.29264
2072;0.615616;0.050176;0.547776
2073;0.764032;0.06144;0.658272
2074;0.208544;0.021504;0.941504
2075;0.287904;0.026624;0.301056
2076;0.656736;0.050176;1.00432
2077;0.2128;0.02048;0.243168
2078;0.260608;0.022752;0.280192
2079;0.036128;0.008224;0.03568
2080;0.262496;0.023552;0.292416
2081;0.277728;0.026624;0.284608
2082;0.288512;0.0256;0.31392
2083;0.265312;0.024576;0.295456
2084;0.295648;0.027648;0.311552
2085;0.25072;0.023552;0.262624
2086;0.400832;0.024576;0.30016
2087;0.621248;0.050176;0.53648
2088;0.772352;0.06144;0.668448
2089;0.218784;0.021504;0.876704
2090;0.2864;0.026784;0.353472
2091;0.639104;0.050176;1.06992
2092;0.207104;0.021504;0.240512
2093;0.264384;0.022528;0.280192
2094;0.036096;0.008192;0.03568
2095;0.261248;0.02336;0.274144
2096;0.28528;0.026624;0.31696
2097;0.27008;0.0256;0.299776
2098;0.26592;0.024576;0.302016
2099;0.294592;0.026624;0.310752
2100;0.262272;0.023552;0.289056
2101;0.279968;0.024576;0.298848
2102;0.6216;0.050208;0.537504
2103;0.758112;0.06144;0.663008
2104;0.217728;0.021504;0.849344
2105;0.286272;0.026624;0.318304
2106;0.656896;0.049152;1.55523
2107;0.207168;0.02048;0.243424
2108;0.251648;0.022784;0.27152
2109;0.036096;0.008192;0.035968
2110;0.25184;0.023424;0.296384
2111;0.28704;0.026624;0.309504
2112;0.325248;0.114688;0.30624
2113;0.26496;0.024576;0.275552
2114;0.304928;0.026624;0.312032
2115;0.26128;0.024576;0.29424
2116;0.26176;0.024576;0.28208
2117;0.640192;0.0512;0.57216
2118;0.772224;0.06144;0.664512
2119;0.208256;0.021504;0.738272
2120;0.312864;0.026624;0.359552
2121;0.619616;0.050176;1.58646
2122;0.198496;0.02048;0.231872
2123;0.25936;0.022528;0.308864
2124;0.036224;0.008192;0.03568
2125;0.261216;0.02432;0.29584
2126;0.287264;0.026624;0.301472
2127;0.269856;0.0256;0.292928
2128;0.265888;0.024576;0.293408
2129;0.295264;0.026624;0.313088
2130;0.251168;0.023552;0.26112
2131;0.269728;0.024576;0.298144
2132;0.621312;0.050176;0.547008
2133;0.79232;0.06144;0.676352
2134;0.217504;0.021504;0.809088
2135;0.460672;0.026624;0.425152
2136;0.657408;0.050176;1.38118
2137;0.197696;0.02048;0.239264
2138;0.26064;0.022656;0.299168
2139;0.036096;0.008192;0.035712
2140;0.256256;0.023552;0.27328
2141;0.287264;0.026624;0.308992
2142;0.260544;0.0256;0.274208
2143;0.256032;0.024576;0.28368
2144;0.294528;0.026624;0.309984
2145;0.26992;0.023552;0.29936
2146;0.280544;0.024576;0.309696
2147;0.621376;0.050176;0.536448
2148;0.771424;0.06144;0.656832
2149;0.209216;0.021504;0.832704
2150;0.304672;0.026624;0.34528
2151;0.647168;0.04944;1.6431
2152;0.225728;0.02048;0.267904
2153;0.251168;0.022528;0.279968
2154;0.036096;0.008192;0.035744
2155;0.251168;0.023296;0.264576
2156;0.28624;0.026624;0.302528
2157;0.27968;0.0256;0.301088
2158;0.264224;0.024576;0.276896
2159;0.285344;0.026624;0.303776
2160;0.380544;0.023552;0.319264
2161;0.280064;0.024576;0.291968
2162;0.63072;0.050176;0.582112
2163;0.791552;0.06144;0.672064
2164;0.208224;0.021504;0.758944
2165;0.287296;0.026624;0.334496
2166;0.6184;0.049152;1.19018
2167;0.198144;0.02048;0.2336
2168;0.250336;0.023552;0.272
2169;0.036128;0.008224;0.036064
2170;0.260032;0.023296;0.271808
2171;0.276032;0.026624;0.292288
2172;0.260864;0.0256;0.2824
2173;0.265056;0.024576;0.302944
2174;0.27616;0.026624;0.283072
2175;0.253376;0.024576;0.270336
2176;0.279296;0.024576;0.273216
2177;0.640384;0.050176;0.571264
2178;0.746816;0.06144;0.638944
2179;0.21744;0.021504;0.850368
2180;0.286976;0.026624;0.327136
2181;0.6464;0.050176;1.056
2182;0.249344;0.02048;0.276192
2183;0.25088;0.022528;0.263072
2184;0.036352;0.008192;0.035648
2185;0.2408;0.02432;0.262304
2186;0.036192;0.008192;0.035712
2500;0;0.251808;1.08647e-311
2501;5.56812e-309;0.296416;2.18054e-289
2502;6.98597e-309;0.28016;3.32724e-294
2503;0;0.27424;3.2887e-319
2504;0;0.28656;0
2505;8.38669e-317;0.284768;0
2506;0;0.270208;7.29112e-304
2507;4.87768e-241;0.63088;1.84137e-72
2508;2.18205e-289;0.773696;9.58743e-304
2509;5.68012e-299;0.208896;0
2510;1.27963e-321;0.281568;8.41907e-317
2511;5.47483e-312;0.63792;0
2512;0;0.259584;4.35652e+188
2513;2.82288e-289;0.279168;2.43707e-289
2514;5.38924e-289;0.03648;1.39964e-255
2515;2.43859e-289;0.260864;1.66827e-316
2516;5.49622e-312;0.288;0
2517;0;0.280128;4.90911e-294
2518;6.4987e-275;0.254816;1.27469e-321
2519;1.15711e-279;0.29456;0
2520;2.13864e-314;0.262176;0
2521;1.40705e-309;0.279904;0
2522;4.51156e-294;0.631328;0
2523;9.88131e-324;0.755168;0
2524;0;0.206336;9.1139e-304
2525;0;0.286304;6.37535e-314
2526;2.14699e-314;0.622432;2.18054e-289
2527;0;0.207104;1.28457e-321
2528;0;0.25968;0
2529;0;0.036224;5.09025e-294
2530;0;0.252096;5.51736e-312
2531;0;0.278112;0
2532;6.13907e-275;0.280256;7.29113e-304
2533;7.75047e-304;0.256032;5.38027e-299
2534;4.77831e-299;0.286432;2.9722e-212
2535;1.16321e-173;0.26112;3.13458e-294
2536;4.27728e-314;0.27024;3.2887e-319
2537;2.56584e-289;0.613664;0
2538;3.13151e-294;0.7736;0
2539;1.28457e-321;0.374048;0
2540;6.0326e-299;0.287328;3.13151e-294
2541;2.43707e-289;0.625056;2.69613e-289
2542;5.51736e-312;0.207264;1.27469e-321
2543;9.12103e-304;0.251232;9.12103e-304
2544;2.18054e-289;0.036352;0
2545;1.28457e-321;0.260736;9.1031e-174
2546;8.38669e-317;0.28624;3.91516e-294
2547;7.18187e-311;0.270656;1.63819e-311
2548;0;0.274368;2.49968e-316
2549;9.11924e-304;0.27616;5.37911e-299
2550;0;0.261472;0
2551;8.35393e-317;0.270656;5.07696e-299
2552;3.06609e-274;0.622176;4.94066e-324
2553;1.40705e-309;0.767392;9.57517e-304
2554;7.29112e-304;0.208736;0
2555;1.00263e+94;0.27808;0
2556;2.61361e-321;0.609728;7.29112e-304
2557;0;0.207136;6.44956e-314
2558;5.07695e-299;0.259456;2.52413e-284
2559;5.51777e-312;0.036096;1.27469e-321
2560;0;0.25264;2.15525e-314
2561;2.34423e-240;0.287264;8.41894e-317
2562;6.53926e-319;0.275328;1.59749e-284
2563;0;0.257152;7.41372e-236
2564;0;0.28672;2.18144e-311
2565;0;0.27072;1.27073e-279
2566;1.68747e-284;0.270944;1.46624e-255
2567;3.28865e-319;0.786176;2.05428e-289
2568;7.29112e-304;0.769312;7.75041e-304
2569;7.81978e-299;0.207712;4.6895e-241
2570;2.15525e-314;0.286848;1.31506e-124
2571;2.31084e-289;0.648256;6.41836e-236
2572;5.45378e-312;0.198656;7.75042e-304
2573;0;0.270304;0
2574;0;0.036064;0
2575;0;0.26192;0
2576;1.85091e-202;0.28624;0
2577;5.077e-299;0.279584;0
2578;3.2633e-319;0.266336;9.5946e-304
2579;0;0.304768;1.97626e-323
2580;0;0.261152;0
2581;0;0.270272;0
2582;0;0.62176;1.11979e-274
2583;8.20251e-304;0.765408;3.2508e-319
2584;3.92214e-294;0.209024;0
2585;4.94066e-324;0.286272;6.9754e-309
2586;1.40705e-309;0.639104;3.13151e-294
2587;0;0.208064;2.44058e-289
2588;0;0.287584;2.56734e-289
2589;0;0.036096;1.27963e-321
2590;0;0.253024;2.43707e-289
2591;0;0.276032;2.56584e-289
2592;1.50853e-187;0.262144;2.18054e-289
2593;5.97756e-299;0.265344;8.66536e-304
2594;2.18054e-289;0.285408;3.32723e-294
2595;5.67424e-299;0.260096;7.75406e-304
2596;8.61165e-169;0.279552;0
2597;5.44394e-270;0.62128;0
2598;1.41249e-309;0.768736;7.74683e-304
2599;2.43707e-289;0.2088;5.44676e-270
2600;1.27963e-321;0.285248;2.47033e-323
2601;2.46647e+116;0.628352;3.72403e-294
2602;8.41884e-317;0.207008;9.12103e-304
2603;0;0.260288;2.49968e-316
2604;0;0.036128;7.29292e-304
2605;8.66535e-304;0.260608;3.81419e-321
2606;0;0.286976;3.91516e-294
2607;0;0.260704;1.49015e-250
2608;0;0.253824;9.93908e+63
2609;2.69561e-289;0.276896;2.61422e-76
2610;4.97387e+194;0.252096;7.84449e+77
2611;9.49032e-270;0.261472;-6.89923e+42
2612;7.75397e-304;0.621088;1.00595e-250
2613;2.78138e-309;0.786688;2.82591e-289
2614;2.56735e-289;0.20928;2.18054e-289
2615;1.27963e-321;0.304672;9.12103e-304
2616;0;0.622432;8.66535e-304
2617;0;0.214144;2.18054e-289
2618;2.56684e-289;0.278784;5.48398e-294
2619;8.38669e-317;0.036096;1.41249e-309
2620;2.13449e-260;0.400768;3.31621e-59
2621;4.27718e-314;0.286304;5.43472e-323
2622;8.38209e-299;0.270912;0
2623;1.63819e-311;0.256;0
2624;2.31081e-289;0.285952;0
2625;3.32954e-294;0.253632;0
2626;3.81419e-321;0.270944;0
2627;0;0.6136;1.00431e-303
2628;1.63821e-311;0.740288;1.41246e-309
2629;0;0.199264;8.66535e-304
2630;7.29112e-304;0.295392;0
2631;5.38027e-299;0.62368;3.28865e-319
2632;1.95015e-207;0.216224;9.12103e-304
2633;8.32181e-317;0.268896;1.17628e-221
2634;2.56684e-289;0.036128;1.63819e-311
2635;2.15528e-314;0.251936;2.18054e-289
2636;3.91669e-294;0.287264;1.595e-202
2637;3.91669e-294;0.270272;5.14816e-321
2638;0;0.283872;0
2639;0;0.294624;0
2640;0;0.26112;5.07695e-299
2641;0;0.261472;8.66537e-304
2642;0;0.62416;0
2643;3.08897e-289;0.744832;2.14699e-314
2644;3.34858e-289;0.209056;7.29112e-304
2645;0;0.29648;5.67541e-299
2646;0;0.795136;7.58748e-275
2647;7.29112e-304;0.208288;5.97641e-299
2648;3.91516e-294;0.26928;8.66356e-304
2649;5.37677e-299;0.036128;0
2650;4.39519e-289;0.256128;1.09911e-52
2651;1.42433e-197;0.286976;5.38261e-299
2652;8.66186e-304;0.271392;7.29112e-304
2653;2.13861e-314;0.265984;1.39642e-309
2654;0;0.27616;8.38669e-317
2655;2.56584e-289;0.270144;1.97949e+40
2656;2.89622e-274;0.262144;2.43758e-289
2657;3.32723e-294;0.632224;1.27963e-321
2658;3.79936e-321;0.762496;2.15528e-314
2659;0;0.208672;9.12103e-304
2660;0;0.28768;5.47492e-312
2661;3.91745e-294;0.600992;1.01139e-173
2662;5.58463e-309;0.212768;2.56584e-289
2663;0;0.269952;1.27963e-321
2664;7.29112e-304;0.036096;0
2665;3.81419e-321;0.250944;0
2666;0;0.295744;2.18054e-289
2667;9.26383e-299;0.279328;1.40687e+151
2668;2.56534e-289;0.274944;1.39619e-309
2669;3.52451e-294;0.295616;7.29112e-304
2670;0;0.262176;3.2887e-319
2671;1.08648e-311;0.279936;0
2672;0;0.59504;1.0057e+194
2673;4.97067e-270;0.792192;3.91516e-294
2674;2.69653e-284;0.20928;9.92053e-280
2675;5.97524e-299;0.749888;5.87134e-316
2676;3.5268e-294;0.199296;0
2677;3.27605e-319;0.296192;1.32028e-245
2678;1.76627e-284;0.6216;2.54938e-321
2679;2.95048e-265;0.20704;0
2680;5.43256e-312;0.269312;0
2681;2.15528e-314;0.036128;0
2682;1.21244e-279;0.25104;0
2683;0;0.286272;0
2684;0;0.279456;3.91516e-294
2685;3.32723e-294;0.2568;1.06197e-313
2686;3.2887e-319;0.276896;2.43707e-289
2687;0;0.261984;4.94066e-324
2688;0;0.26144;0
2689;0;0.60224;3.25879e-265
2690;0;0.736352;6.41582e-314
2691;0;0.214016;3.32723e-294
2692;7.74682e-304;0.276032;2.43757e-289
2693;7.78282e-304;0.601792;3.52449e-294
2694;3.13151e-294;0.207872;7.94957e-198
2695;1.30778e-86;0.26048;2.56534e-289
2696;2.13045e-314;0.036128;1.27963e-321
2697;9.12103e-304;0.260512;0
2698;2.18054e-289;0.295456;0
2699;1.4822e-323;0.284352;0
2700;8.70845e-304;0.25648;3.13228e-294
2701;5.97639e-299;0.276128;9.58207e-304
2702;2.15525e-314;0.307328;0
2703;1.41246e-309;0.261728;1.41249e-309
2704;2.43707e-289;0.618848;0
2705;7.29112e-304;0.78608;1.16136e-149
2706;3.81419e-321;0.2088;9.12103e-304
2707;5.61786e-311;0.286304;5.51752e-312
2708;0;0.628352;8.41907e-317
2709;4.19376e-309;0.207392;2.79229e-309
2710;0;0.269088;0
2711;7.29112e-304;0.036096;1.40154e-309
2712;8.70843e-304;0.251456;0
2713;8.41907e-317;0.29424;7.47564e-299
2714;2.56684e-289;0.270848;0
2715;2.34056e+237;0.265632;0
2716;8.38901e-317;0.276192;3.32723e-294
2717;0;0.261984;5.47492e-312
2718;8.9702e-227;0.279488;2.86333e-284
2719;2.18012e-314;0.613088;0
2720;1.76561e-284;0.742112;2.4997e-316
2721;4.98284e-270;0.204352;9.76437e-319
2722;1.97626e-323;0.29648;3.52449e-294
2723;0;0.637568;3.54823e-91
2724;0;0.217248;6.27972e-299
2725;0;0.269696;1.32294e-303
2726;6.88096e-275;0.036128;3.85151e-289
2727;3.81419e-321;0.261184;2.18104e-289
2728;2.18054e-289;0.286976;5.37795e-299
2729;5.0608e-308;0.332224;1.82916e-76
2730;2.4997e-316;0.256352;3.20486e-236
2731;6.89227e-299;0.286368;6.58484e-246
2732;1.09498e-311;0.251616;2.95114e-289
2733;0;0.262112;1.26975e-321
2734;0;0.6456;0
2735;5.67541e-299;0.79936;0
2736;7.50215e-154;0.208736;0
2737;7.29291e-304;0.278048;0
2738;1.27469e-321;0.620512;5.09713e-294
2739;0;0.211744;2.52962e-321
2740;0;0.259744;0
2741;0;0.036096;0
2742;0;0.252;8.07857e-299
2743;6.86398e-275;0.277024;1.27469e-321
2744;2.80855e-309;0.270048;0
2745;0;0.273696;2.31734e-289
2746;2.4997e-316;0.276448;7.29112e-304
2747;0;0.243104;6.39681e-270
2748;0;0.28064;1.40701e-309
2749;0;0.630848;2.43757e-289
2750;0;0.76352;8.66536e-304
2751;0;0.216928;9.12105e-304
2752;8.96557e-207;0.29648;5.67893e-299
2753;2.30981e-289;0.621728;5.4963e-312
2754;2.56684e-289;0.206976;2.56684e-289
2755;5.67658e-299;0.277888;5.67663e-299
2756;1.8534e-81;0.036096;0
2757;2.44059e-289;0.30848;0
2758;5.4963e-312;0.286304;3.18686e-241
2759;3.91669e-294;0.270848;4.11778e-294
2760;0;0.265216;0
2761;9.83559e+97;0.295392;2.57035e-289
2762;6.40309e-321;0.251616;1.41249e-309
2763;0;0.27024;8.41907e-317
2764;0;0.594848;2.18054e-289
2765;1.63821e-311;0.772384;3.32723e-294
2766;0;0.207424;9.12103e-304
2767;0;0.286976;5.68009e-299
2768;0;0.62992;7.11315e-270
2769;1.41249e-309;0.19824;8.11569e+131
2770;2.14684e-154;0.272736;-3.76141e+129
2771;3.31268e-192;0.036096;2.54822e-245
2772;2.56684e-289;0.260896;2.82843e-289
2773;5.20821e-270;0.277696;9.11748e-304
2774;5.4963e-312;0.270784;2.43707e-289
2775;0;0.265728;7.75397e-304
2776;5.47483e-312;0.28608;1.63819e-311
2777;0;0.244576;2.43707e-289
2778;8.66536e-304;0.27024;1.93669e-284
2779;0;0.611488;5.51752e-312
2780;4.77831e-299;0.792352;-6.05519e-146
2781;5.4963e-312;0.217664;3.33993e-319
2782;3.09151e-289;0.28528;0
2783;5.51752e-312;0.879968;0
2784;3.72099e-294;0.207328;0
2785;2.56534e-289;0.270304;0
2786;1.27963e-321;0.036096;0
2787;0;0.251296;5.9869e-299
2788;5.4963e-312;0.276768;1.63821e-311
2789;0;0.271264;1.63819e-311
2790;2.18054e-289;0.247296;7.29112e-304
2791;2.30981e-289;0.277152;3.81419e-321
2792;1.15072e-202;0.252128;1.41246e-309
2793;3.28865e-319;0.260704;1.21444e-226
2794;8.66535e-304;0.612832;5.51736e-312
2795;8.38669e-317;0.746816;2.43708e-289
2796;8.66536e-304;0.209408;1.62597e-260
2797;8.66535e-304;0.296192;6.66663e-319
2798;0;0.628832;0
2799;0;0.208512;0
2800;0;0.259712;1.26409e-173
2801;0;0.036224;5.47484e-312
2802;7.29112e-304;0.250016;3.32723e-294
2803;2.69715e-289;0.285984;3.2887e-319
2804;1.0517e-303;0.279136;3.52448e-294
2805;0;0.255872;3.32877e-294
2806;0;0.269952;3.91976e-294
2807;2.18054e-289;0.252192;3.52373e-294
2808;9.12103e-304;0.262496;4.94066e-324
2809;1.26592e-255;0.630112;2.56584e-289
2810;1.38007e-298;0.916896;2.18447e-129
2811;1.5131e-284;0.212288;3.3303e-294
3125;0;0.27856;1.76693e-284
3126;7.29112e-304;0.599104;5.67892e-299
3127;9.11924e-304;0.726912;2.14693e-314
3128;5.51744e-312;0.207456;0
3129;2.69661e-289;0.294496;9.57518e-111
3130;3.47548e-298;0.585056;6.99684e-309
3131;5.43472e-323;0.212448;1.41249e-309
3132;9.37396e-280;0.26896;1.42936e-284
3133;8.56815e-270;0.036064;9.12104e-304
3134;4.30231e-314;0.25152;0
3135;1.63819e-311;0.296608;7.22078e-275
3136;1.19925e-298;0.28016;1.09082e-311
3137;3.52601e-294;0.257536;2.56584e-289
3138;4.94066e-324;0.28608;4.94066e-324
3139;0;0.33072;2.78677e-309
3140;0;0.269984;1.27469e-321
3141;2.56584e-289;0.630368;1.24091e+16
3142;3.72944e-294;0.735872;5.4963e-312
3143;0;0.208832;0
3144;9.12103e-304;0.285248;0
3145;0;0.628768;0
3146;2.05227e-289;0.216736;5.97721e-58
3147;8.65826e-304;0.26352;9.58564e-304
3148;5.51752e-312;0.036096;0
3149;5.58467e-309;0.260352;9.12103e-304
3150;7.29112e-304;0.295456;0
3151;8.35381e-317;0.262144;0
3152;0;0.265152;5.88413e-172
3153;1.41251e-309;0.27616;7.29649e-304
3154;5.68515e-270;0.250208;3.81419e-321
3155;8.66178e-304;0.270976;1.40171e-309
3156;4.03446e-270;0.612768;0
3157;2.13568e-260;0.745984;7.29112e-304
3158;6.57954e-299;0.21472;5.45461e-312
3159;1.21242e-279;0.286272;0
3160;4.1884e-309;0.611456;0
3161;4.77831e-299;0.198752;0
3162;5.60073e-309;0.28736;0
3163;0;0.036064;5.579e-309
3164;0;0.251744;3.13458e-294
3165;5.4963e-312;0.277056;1.11424e-311
3166;0;0.269888;1.41246e-309
3167;0;0.255872;0
3168;0;0.277184;7.29112e-304
3169;0;0.260832;3.2887e-319
3170;0;0.279808;5.97756e-299
3171;0;0.600288;5.07696e-299
3172;0;0.758624;5.51752e-312
3173;7.00099;0.1992;2.13864e-314
3174;1.10202e-279;0.296064;7.53151e-198
3175;3.27343e-265;0.660512;5.4963e-312
3176;1.26481e-321;0.206944;0
3177;2.15525e-314;0.26912;0
3178;1.41249e-309;0.036192;0
3179;1.68155e-284;0.261312;0
3180;2.81971e-309;0.27776;1.04553e-269
3181;3.9144e-294;0.270304;8.45196e-317
3182;3.28865e-319;0.266144;7.29112e-304
3183;2.15525e-314;0.29248;8.38669e-317
3184;1.41246e-309;0.261472;2.43707e-289
3185;2.43707e-289;0.260864;6.54383e-87
3186;7.29112e-304;0.632288;5.4963e-312
3187;4.55924e-294;0.768032;2.43707e-289
3188;4.94066e-324;0.209408;6.50152e-275
3189;2.15525e-314;0.286976;2.15515e-314
3190;2.78134e-309;0.601248;7.29112e-304
3191;2.25723e-130;0.225632;6.48856e-319
3192;1.40158e-309;0.269632;2.56584e-289
3193;7.29112e-304;0.036096;1.33101e-279
3194;2.14699e-314;0.253056;9.88131e-324
3195;1.68155e-284;0.304704;0
3196;1.39688e-309;0.289568;2.08998e-236
3197;0;0.256128;8.35407e-317
3198;1.94422e-187;0.277248;7.18898e-289
3199;7.29112e-304;0.26144;2.18054e-289
3200;1.89476e-235;0.2632;2.43707e-289
3201;8.41932e-317;0.607168;4.94066e-324
3202;0;0.735264;3.28865e-319
3203;0;0.216864;1.39067e-309
3204;0;0.277056;1.97188e-115
3205;0;0.601984;5.73433e-246
3206;8.36612e-309;0.208032;6.16302e-270
3207;0;0.277856;1.58959e-81
3208;8.66535e-304;0.036128;1.40389e-250
3209;2.50238e-101;0.251936;4.50767e-294
3210;1.29658e-318;0.276064;8.8123e-145
3211;1.00296e-226;0.284896;1.42472e-255
3212;9.14448e-304;0.266048;1.267e-226
3213;0;0.294592;4.11318e-294
3214;3.91669e-294;0.279584;3.26325e-319
3215;2.13433e-168;0.27104;0
3216;8.20252e-304;0.631296;0
3217;0;0.753984;0
3218;0;0.209536;1.5304e-231
3219;0;0.30368;8.2893e-317
3220;0;0.629408;0
3221;0;0.249344;7.29112e-304
3222;0;0.278848;7.75399e-304
3223;1.88873e-274;0.036096;0
3224;2.54938e-321;0.252;0
3225;8.66536e-304;0.286272;1.10891e-226
3226;0;0.261056;8.32231e-317
3227;0;0.256864;2.3093e-289
3228;0;0.285376;9.11928e-304
3229;0;0.270272;2.56735e-289
3230;0;0.275008;2.56735e-289
3231;2.56584e-289;0.649856;2.56684e-289
3232;1.28232e-269;0.786464;1.40705e-309
3233;5.49614e-312;0.216544;2.56584e-289
3234;5.4963e-312;0.286272;2.78134e-309
3235;3.85504e-91;0.64368;2.79227e-309
3236;5.38379e-299;0.207296;0
3237;2.05378e-289;0.268896;3.32953e-294
3238;1.28457e-321;0.036128;1.33776e-255
3239;5.4963e-312;0.260544;1.41246e-309
3240;3.91745e-294;0.27776;0
3241;2.65093e-274;0.270368;6.58652e-299
3242;9.88131e-324;0.265344;2.43707e-289
3243;0;0.27616;7.29112e-304
3244;2.43707e-289;0.27008;9.12103e-304
3245;1.27963e-321;0.27024;9.12103e-304
3246;0;0.594048;5.51752e-312
3247;0;0.762816;5.4963e-312
3248;2.18054e-289;0.362464;1.63819e-311
3249;3.27605e-319;0.276032;1.42936e-284
3250;3.52295e-294;0.638048;1.76603e-284
3251;5.76079e+199;0.22096;1.41249e-309
3252;8.20429e-304;0.27824;2.43707e-289
3253;1.13602e-250;0.036256;2.43758e-289
3254;5.82309e-241;0.251072;1.41249e-309
3255;3.94678e-236;0.27776;3.91516e-294
3256;2.64659e-260;0.251584;2.56584e-289
3257;2.54377e-260;0.256832;1.41249e-309
3258;3.72021e-294;0.285408;2.43808e-289
3259;2.56735e-289;0.25152;2.56584e-289
3260;2.14699e-314;0.254144;9.84074e-116
3261;9.74558e-309;0.61184;2.18911e-314
3262;2.28247e-284;0.745952;0
3263;8.41907e-317;0.208352;0
3264;2.03565e-260;0.282048;0
3265;5.51769e-312;0.611392;0
3266;0;0.207648;0
3267;3.32723e-294;0.26128;1.4127e-309
3268;3.81419e-321;0.036128;8.41907e-317
3269;0;0.250976;2.49968e-316
3270;7.29649e-304;0.26784;9.11924e-304
3271;2.13864e-314;0.28016;0
3272;2.52954e-212;0.265024;2.15525e-314
3273;1.30023e-318;0.285344;3.13229e-294
3274;9.12103e-304;0.253024;1.40158e-309
3275;7.29112e-304;0.25184;1.41246e-309
3276;9.12103e-304;0.83584;0
3277;8.41907e-317;0.800224;2.79244e-309
3278;0;0.20896;0
3279;0;0.286272;4.77831e-299
3280;0;0.64768;5.39561e-299
3281;0;0.207008;4.94066e-324
3282;7.94854e-193;0.270592;2.30981e-289
3283;4.27715e-314;0.036128;2.56734e-289
3284;4.19451e-309;0.260192;2.94928e-265
3285;0;0.295456;3.52296e-294
3286;2.18054e-289;0.269984;2.14703e-314
3287;4.19376e-309;0.265088;0
3288;6.39918e-314;0.294688;7.29112e-304
3289;3.91823e-294;0.260832;1.86028e-47
3290;2.40773e-240;0.27072;8.66358e-304
3291;3.32723e-294;0.621664;5.4963e-312
3292;5.37794e-299;0.76352;4.6576e-193
3293;4.86472e-154;0.218976;1.40705e-309
3294;5.68329e-270;0.305728;0
3295;5.51752e-312;0.60976;4.77831e-299
3296;1.6596e-279;0.198784;1.39634e-309
3297;3.72097e-294;0.278528;9.12103e-304
3298;0;0.036096;0
3299;0;0.269344;4.78065e-299
3300;0;0.036096;4.94066e-324
3301;3.91668e-294;0.270464;8.27758e-158
3302;5.99625e-299;0.296608;8.38669e-317
3303;0;0.321696;0
3304;1.41246e-309;0.265024;0
3305;0;0.276896;7.29112e-304
3306;7.22078e-275;0.251936;2.39793e+146
3307;2.05377e-289;0.270368;1.39619e-309
3308;7.29113e-304;0.603712;0
3309;5.58461e-309;0.792896;1.41246e-309
3310;4.77831e-299;0.213312;0
3311;2.52962e-321;0.277952;0
3312;0;0.610816;2.22942e-273
3313;6.86843e-246;0.22592;3.13229e-294
3314;5.58987e-309;0.269312;3.32723e-294
3315;3.41386e-265;0.036128;2.80312e-309
3316;8.30814e-275;0.260224;0
3317;2.19119e-284;0.283936;0
3318;5.37911e-299;0.261344;8.21156e-304
3319;4.34727e-265;0.26432;0
3320;1.93702e-284;0.276896;0
3321;4.77949e-299;0.251584;0
3322;2.78688e-309;0.289248;0
3323;0;0.64048;4.19383e-309
3324;7.29112e-304;0.764128;7.29649e-304
3325;8.41907e-317;0.21792;1.41257e-309
3326;0;0.277728;1.63819e-311
3327;0;0.637696;0
3328;0;0.354144;2.18054e-289
3329;0;0.278848;7.29112e-304
3330;0;0.036064;6.57488e-299
3331;0;0.251008;1.40154e-309
3332;0;0.286304;3.32724e-294
3333;2.01412e-231;0.261856;8.41882e-317
3334;8.30955e-275;0.266272;3.59457e-188
3335;1.2533e-308;0.285344;2.51587e-316
3336;4.94066e-324;0.2608;0
3337;2.4997e-316;0.270304;0
3338;5.51752e-312;0.63088;0
3339;3.91745e-294;0.768768;0
3340;2.79223e-309;0.207776;4.12318e-294
3341;5.58446e-309;0.278016;3.30149e-319
3342;3.81419e-321;0.598208;2.43757e-289
3343;2.49968e-316;0.207296;1.28457e-321
3344;1.63821e-311;0.260288;3.91669e-294
3345;3.91669e-294;0.036128;1.99292e-96
3346;2.18054e-289;0.25152;3.32723e-294
3347;2.13514e-284;0.28624;3.91669e-294
3348;9.88131e-324;0.261792;1.00456e-250
3349;2.49968e-316;0.25584;1.67401e-316
3350;7.7486e-304;0.276096;5.07695e-299
3351;9.24379e-48;0.27824;3.2632e-319
3352;8.45146e-317;0.270624;5.38027e-299
3353;2.56684e-289;0.631008;1.32794e-303
3354;1.28457e-321;0.781056;9.88131e-324
3355;9.12105e-304;0.210912;0
3356;2.58359e-289;0.297504;6.30895e-193
3357;4.94066e-324;0.642304;3.28885e-319
3358;1.49971e-293;0.207264;7.4435e-289
3359;1.76561e-284;0.268736;2.43707e-289
3360;2.1425e-260;0.036096;3.91516e-294
3361;1.97626e-323;0.25104;7.29112e-304
3362;0;0.291328;7.29112e-304
3363;0;0.271168;7.29112e-304
3364;0;0.256128;2.58237e-236
3365;0;0.287072;3.56982e-212
3366;4.19391e-309;0.251008;5.57106e-188
3367;0;0.270112;2.51849e-197
3368;1.63819e-311;0.621056;5.67545e-299
3369;1.21301e-202;0.758656;2.18142e-311
3370;8.42137e-317;0.209664;9.54198e-44
3371;5.97522e-299;0.286272;1.33896e-259
3372;3.22778e-289;0.629856;8.20431e-304
3373;4.94066e-324;0.21648;1.76958e-284
3374;9.9184e-280;0.269024;2.13042e-314
3375;8.08921e-299;0.036064;0
3376;1.40703e-309;0.253472;0
3377;0;0.285248;0
3378;0;0.279488;1.83002e-260
3379;0;0.25648;8.45133e-317
3380;0;0.285408;0
3381;0;0.26192;4.77831e-299
3382;4.77831e-299;0.261472;2.79227e-309
3383;3.5307e-294;0.828704;0
3384;4.94066e-324;0.767328;0
3385;5.51752e-312;0.208704;3.7867e-270
3386;0;0.300448;8.51584e-317
3387;0;0.629952;1.5131e-284
3388;0;0.20944;7.23494e-275
3389;0;0.26992;1.08863e-311
3390;0;0.036096;1.40705e-309
3391;9.12105e-304;0.251456;3.13382e-294
3392;4.56031e-284;0.277024;8.38669e-317
3393;7.29112e-304;0.270272;9.12105e-304
3394;3.52448e-294;0.266016;2.3098e-289
3395;1.0939e-240;0.276896;4.28557e-314
3396;7.74861e-304;0.252736;0
3397;2.56684e-289;0.271968;4.73499e-270
3398;4.94066e-324;0.62176;1.04882e-303
3399;8.41907e-317;0.776352;1.63821e-311
3400;1.41249e-309;0.214144;7.29112e-304
3401;2.4683e-289;0.277056;4.3173e-294
3402;9.88131e-324;0.6112;3.91516e-294
3403;0;0.213472;2.18054e-289
3404;3.91669e-294;0.2696;1.41249e-309
3405;0;0.036064;1.41246e-309
3406;0;0.251264;2.15525e-314
3407;0;0.277056;2.49968e-316
3408;2.56684e-289;0.270624;3.32801e-294
3409;4.94066e-324;0.25632;3.32876e-294
3410;1.16272e-120;0.27616;2.82401e-289
3411;1.12568e-75;0.307328;5.51752e-312
3412;4.33556e-314;0.270048;3.91516e-294
3413;0;0.671648;3.91669e-294
3414;2.56735e-289;0.735712;5.51752e-312
3415;5.68514e-270;0.208352;9.12103e-304
3416;1.26833e-250;0.277088;9.12103e-304
3417;1.69513e-226;0.61968;7.29293e-304
3418;1.22417e-250;0.207616;5.37794e-299
3419;8.67768e-275;0.261152;9.12104e-304
3420;3.52449e-294;0.03616;1.83002e-260
3421;2.7977e-309;0.252256;5.51756e-312
3422;5.15978e-289;0.277056;0
3423;3.28865e-319;0.261344;0
3424;5.97522e-299;0.283904;0
3425;5.45378e-312;0.29632;0
3426;0;0.2696;0
3427;2.56584e-289;0.270272;2.19843e-311
3428;1.27963e-321;0.59824;3.28865e-319
3429;0;0.726496;8.41907e-317
3430;2.18104e-289;0.207936;4.19376e-309
3431;8.41882e-317;0.277056;0
3432;2.97511e-212;0.610688;2.4997e-316
3433;7.29112e-304;0.198432;7.29112e-304
3434;1.41249e-309;0.259328;2.79229e-309
3435;2.18054e-289;0.036064;5.47583e-312
3436;3.13458e-294;0.250944;0
3750;5.38027e-299;0.207968;5.51752e-312
3751;1.28457e-321;0.250496;7.29112e-304
3752;1.15071e-202;0.036128;3.81419e-321
3753;3.91745e-294;0.252;3.28865e-319
3754;2.14699e-314;0.28592;8.66718e-304
3755;9.12103e-304;0.27024;1.00084e-315
3756;9.12103e-304;0.257024;7.29112e-304
3757;0;0.284032;4.63264e-289
3758;0;0.261664;3.25061e-319
3759;0;0.260864;2.16972e-110
3760;0;0.925696;5.67541e-299
3761;7.29112e-304;0.78592;1.85132e-284
3762;1.60014e-284;0.208544;7.94431e-275
3763;9.88131e-324;0.286272;5.57363e-309
3764;5.59554e-309;0.614912;1.40703e-309
3765;0;0.206848;0
3766;1.41246e-309;0.260832;0
3767;2.15525e-314;0.036096;7.29112e-304
3768;3.28865e-319;0.27024;5.62256e-09
3769;2.79229e-309;0.286304;5.38029e-299
3770;1.5012e-120;0.27152;2.18054e-289
3771;9.12103e-304;0.264192;1.28457e-321
3772;0;0.27616;1.50116e-298
3773;2.18054e-289;0.261088;3.28885e-319
3774;4.61002e-212;0.278944;0
3775;9.93356e-280;0.63936;0
3776;3.08598e-289;0.780544;1.88158e-288
3777;1.63608e-311;0.208448;2.15528e-314
3778;0;0.292064;9.12103e-304
3779;0;0.627936;5.51736e-312
3780;0;0.2072;2.56684e-289
3781;1.63818e-311;0.269728;6.91819e-299
3782;5.65379e-289;0.036096;0
3783;2.55432e-321;0.251104;0
3784;2.15528e-314;0.268544;0
3785;0;0.27024;9.15571e-34
3786;4.86391e-246;0.256224;9.58743e-304
3787;7.75396e-304;0.360096;0
3788;5.07695e-299;0.270816;0
3789;5.58467e-309;0.27008;2.4997e-316
3790;8.20253e-304;0.613376;0
3791;0;0.753056;2.56584e-289
3792;6.28089e-299;0.214304;1.70989e-284
3793;5.6008e-309;0.295904;3.91516e-294
3794;1.3453e-284;0.648192;3.91669e-294
3795;8.52166e-314;0.198016;1.05083e-303
3796;0;0.268896;0
3797;9.92271e-280;0.036128;0
3798;2.56735e-289;0.251776;2.39064e-178
3799;5.1782e-236;0.286688;8.4192e-317
3800;4.73592e-270;0.270624;0
3801;2.56885e-289;0.266176;0
3802;5.68607e-270;0.27616;3.32723e-294
3803;5.68607e-270;0.261792;3.2887e-319
3804;1.59997e-255;0.270848;7.29112e-304
3805;5.68608e-270;0.621696;2.81971e-309
3806;5.68607e-270;0.78176;8.41894e-317
3807;2.69713e-289;0.217792;0
3808;4.1884e-309;0.304672;9.12103e-304
3809;2.31031e-289;0.639232;3.32953e-294
3810;5.68607e-270;0.198976;1.51441e-284
3811;8.67625e-275;0.259232;2.43757e-289
3812;8.20431e-304;0.036128;5.07813e-299
3813;4.26067e-314;0.250784;4.94066e-324
3814;5.81825e-154;0.297184;2.82252e-212
3815;5.38028e-299;0.27984;3.35129e-316
3816;2.56634e-289;0.265312;0
3817;1.27963e-321;0.286048;0
3818;8.38669e-317;0.250656;0
3819;7.85645e-251;0.270976;6.23398e-222
3820;5.4542e-312;0.61136;7.75219e-304
3821;3.9144e-294;0.771712;0
3822;3.13151e-294;0.208416;5.4963e-312
3823;1.28457e-321;0.286272;0
3824;8.41894e-317;0.630112;2.15528e-314
3825;5.51752e-312;0.197952;1.95049e-240
3826;9.12103e-304;0.260288;9.12103e-304
3827;1.39402e-258;0.036064;5.51752e-312
3828;2.18054e-289;0.250752;6.57722e-299
3829;1.28457e-321;0.277472;1.26975e-321
3830;5.37677e-299;0.254496;8.20253e-304
3831;5.68374e-299;0.274496;0
3832;7.29112e-304;0.2952;8.66534e-304
3833;2.14699e-314;0.26112;1.49231e-288
3834;2.56584e-289;0.271776;3.82901e-321
3835;3.27605e-319;0.640032;0
3836;1.80137e+291;0.795488;4.90982e-294
3837;1.62175e-318;0.19904;1.26975e-321
3838;9.57514e-304;0.295744;1.17683e-221
3839;1.81327e-206;0.612352;1.41246e-309
3840;2.13035e-314;0.198816;5.51744e-312
3841;0;0.259552;9.11924e-304
3842;0;0.036128;3.91516e-294
3843;0;0.260288;0
3844;0;0.287008;2.49968e-316
3845;0;0.270112;4.08304e-67
3846;2.18153e-311;0.26384;6.97511e-309
3847;0;0.286048;1.68058e-316
3848;2.49968e-316;0.261696;2.15525e-314
3849;7.29113e-304;0.279392;5.51752e-312
3850;5.45537e-312;0.666656;3.1104e-76
3851;1.63819e-311;0.735264;2.37801e+151
3852;1.04579e-144;0.21744;2.43707e-289
3853;4.49653e-270;0.296192;3.52451e-294
3854;3.53527e-294;0.637472;1.09671e-303
3855;8.66536e-304;0.207328;5.4537e-312
3856;0;0.260032;0
3857;0;0.036128;0
3858;0;0.250976;2.18104e-289
3859;0;0.287968;5.51728e-312
3860;0;0.271456;0
3861;0;0.265088;1.76561e-284
3862;2.93104e-115;0.303808;1.65796e-316
3863;8.41857e-317;0.261184;0
3864;2.56584e-289;0.260576;2.56584e-289
3865;1.27963e-321;0.631136;2.56534e-289
3866;0;0.773408;1.64458e-311
3867;0;0.20832;1.41249e-309
3868;0;0.277632;5.37677e-299
3869;0;0.618368;4.735e-270
3870;3.32723e-294;0.208096;4.19383e-309
3871;8.38669e-317;0.260608;2.14699e-314
3872;9.44634e-275;0.036064;2.56735e-289
3873;8.20431e-304;0.27024;1.27963e-321
3874;4.68312e-226;0.279776;2.97336e-212
3875;5.47517e-312;0.280032;9.76447e-319
3876;5.38027e-299;0.264544;5.67541e-299
3877;5.4963e-312;0.30448;4.90837e-289
3878;2.56584e-289;0.262016;1.66435e-316
3879;4.94066e-324;0.289248;8.41894e-317
3880;5.67891e-299;0.62192;3.91516e-294
3881;3.83298e-311;0.735552;2.95715e-289
3882;0;0.208288;1.63819e-311
3883;0;0.295424;9.12103e-304
3884;8.38669e-317;0.647136;2.15525e-314
3885;0;0.206784;2.15525e-314
3886;0;0.2608;7.29112e-304
3887;0;0.03616;3.81419e-321
3888;2.14699e-314;0.4;9.11924e-304
3889;1.68188e-284;0.29616;4.94396e-178
3890;1.3304e-279;0.280032;5.62951e-309
3891;2.15321e-226;0.25664;2.43707e-289
3892;7.51755e-241;0.287456;3.13382e-294
3893;3.2633e-319;0.261376;5.51752e-312
3894;0;0.260768;2.43707e-289
3895;7.29112e-304;0.634112;2.43758e-289
3896;8.38669e-317;0.753952;5.51752e-312
3897;0;0.207712;2.3093e-289
3898;2.56684e-289;0.296192;6.36602e-314
3899;8.66536e-304;0.628672;2.18054e-289
3900;0;0.207424;2.56584e-289
3901;5.5845e-309;0.268736;9.12366e-304
3902;2.46852e-269;0.036128;0
3903;2.55432e-321;0.251104;0
3904;0;0.296064;0
3905;2.43759e-289;0.270912;0
3906;9.88131e-324;0.251392;4.77831e-299
3907;5.51752e-312;0.287072;2.43858e-289
3908;0;0.262048;2.43707e-289
3909;3.32723e-294;0.270944;1.27963e-321
3910;2.30981e-289;0.658048;2.15525e-314
3911;4.94066e-324;0.801952;2.18054e-289
3912;1.21426e-202;0.21648;7.29112e-304
3913;7.75397e-304;0.29616;3.81419e-321
3914;3.2887e-319;0.611008;8.21329e-304
3915;3.13458e-294;0.19856;1.0002e-315
3916;1.41249e-309;0.250912;3.13151e-294
3917;0;0.036096;1.24599e-221
3918;0;0.26032;8.32168e-317
3919;0;0.286976;4.73442e-284
3920;0;0.28;9.11925e-304
3921;1.68122e-284;0.274816;1.66683e-255
3922;5.97759e-299;0.28608;5.97876e-299
3923;0;0.273056;9.1246e-304
3924;4.19931e-309;0.285344;0
3925;0;0.261376;0
3926;1.63821e-311;0.270688;0
3927;3.32723e-294;0.630112;3.32723e-294
3928;4.77831e-299;0.790048;3.53079e-250
3929;1.09074e-311;0.208512;2.50947e-316
3930;5.86164e-164;0.277056;2.56684e-289
3931;1.41246e-309;0.628192;4.94066e-324
3932;0;0.207232;2.65617e-265
3933;0;0.2592;1.28457e-321
3934;5.97406e-299;0.036128;0
3935;3.97349e-202;0.251008;0
3936;1.43238e-279;0.281856;1.78487e-85
3937;5.51736e-312;0.279936;8.35444e-317
3938;0;0.254912;1.41249e-309
3939;0;0.285344;2.13861e-314
3940;0;0.316416;8.66535e-304
3941;5.51752e-312;0.2768;9.77419e-309
3942;1.92081e-250;0.611648;0
3943;6.50136e-319;0.77184;0
3944;8.41907e-317;0.21744;0
3945;0;0.304672;3.65725e+170
3946;2.84665e-260;0.637152;1.39619e-309
3947;2.18205e-289;0.207104;0
3948;1.28457e-321;0.259936;0
3949;4.19398e-309;0.036096;8.38669e-317
3950;1.08647e-311;0.25184;0
3951;0;0.296192;9.11924e-304
3952;1.19958e-255;0.281184;1.14999e-303
3953;8.20787e-304;0.274944;9.12103e-304
3954;5.07695e-299;0.286368;8.66535e-304
3955;1.40162e-309;0.269856;7.22153e-299
3956;0;0.28;0
3957;4.77831e-299;0.612448;0
3958;7.75038e-304;0.744384;1.19932e-255
3959;6.13767e-275;0.22256;2.13051e-314
3960;2.01089e-226;0.294368;0
3961;9.58387e-304;0.638432;0
3962;3.32724e-294;0.199072;2.56584e-289
3963;2.56735e-289;0.260608;1.27963e-321
3964;2.43757e-289;0.036096;3.13151e-294
3965;1.26781e-250;0.268704;5.57951e-309
3966;5.68607e-270;0.295488;9.76437e-319
3967;1.66709e-255;0.270688;0
3968;3.41387e-265;0.256416;1.41246e-309
3969;2.74861e-260;0.286048;3.52525e-294
3970;5.68701e-270;0.251616;2.78677e-309
3971;5.68514e-270;0.260512;4.11166e-294
3972;2.56735e-289;0.65744;8.66355e-304
3973;2.56735e-289;0.808352;0
3974;8.91439e+78;0.20816;2.97104e-212
3975;4.73873e-270;0.305024;3.35452e-316
3976;6.57721e-299;0.61152;0
3977;3.32723e-294;0.207072;0
3978;3.81419e-321;0.260288;0
3979;2.6936e-289;0.036096;2.00928e-197
3980;7.29112e-304;0.25184;5.5176e-312
3981;9.12102e-304;0.2944;0
3982;2.18054e-289;0.2792;2.4997e-316
3983;1.4822e-323;0.266112;7.29112e-304
3984;9.76437e-319;0.304512;3.32723e-294
3985;2.15525e-314;0.270336;5.87123e-255
3986;1.41246e-309;0.260544;1.41246e-309
3987;2.90828e-181;0.630112;2.15528e-314
3988;2.43707e-289;0.75456;5.97875e-299
3989;4.94066e-324;0.218784;4.94066e-324
3990;5.78085e-275;0.286272;1.08648e-311
3991;1.09305e-311;0.65744;7.29112e-304
3992;2.43757e-289;0.198624;5.51752e-312
3993;1.28457e-321;0.273312;3.67392e-245
3994;9.12105e-304;0.036064;3.83889e-321
3995;0;0.251104;0
3996;8.92607e+178;0.295392;5.39667e-299
3997;4.15171e-316;0.270816;1.26975e-321
3998;2.43858e-289;0.257088;4.67049e-188
3999;7.25068e-275;0.300608;1.63821e-311
4000;9.88131e-324;0.261312;6.39918e-314
4001;0;0.261536;4.19376e-309
4002;0;0.607072;9.12103e-304
4003;0;0.781824;0
4004;0;0.217888;8.41907e-317
4005;0;0.277696;1.04894e-90
4006;5.56022e-312;0.63952;5.67775e-299
4007;0;0.20704;6.51386e-319
4008;8.41907e-317;0.268416;3.32857e-316
4009;8.41907e-317;0.036128;2.15525e-314
4010;5.73255e-312;0.251872;4.35168e-182
4011;5.51752e-312;0.295136;2.03651e+237
4012;1.09044e-269;0.260896;3.91669e-294
4013;9.99759e-135;0.320576;2.56634e-289
4014;2.95365e-289;0.295456;2.43225e-173
4015;2.15528e-314;0.270368;8.21325e-304
4016;0;0.27936;0
4017;0;0.631168;0
4018;0;0.735136;2.05227e-289
4019;0;0.214336;1.39078e-309
4020;0;0.294752;0
4021;5.07695e-299;0.63792;2.63792e-265
4022;5.52114e-260;0.197632;8.4187e-317
4023;3.28875e-319;0.2688;0
4024;9.12105e-304;0.036128;9.12104e-304
4025;0;0.251072;5.3756e-299
4026;0;0.277024;1.42874e-309
4027;0;0.27968;3.32801e-294
4028;0;0.264896;7.29112e-304
4029;0;0.29456;2.69512e-289
4030;2.56684e-289;0.262304;2.56684e-289
4031;1.27963e-321;0.270752;1.27963e-321
4032;4.13694e-294;0.639008;1.40705e-309
4033;1.10891e-226;0.745728;0
4034;1.43169e-284;0.208544;9.72778e-246
4035;9.77721e-319;0.296608;3.23796e-319
4036;2.43808e-289;0.795936;3.52372e-294
4037;2.4997e-316;0.207808;1.76662e-284
4038;9.12103e-304;0.268768;3.26335e-319
4039;3.32723e-294;0.036224;9.76437e-319
4040;8.20609e-304;0.260704;9.12103e-304
4041;5.54184e-312;0.276736;9.59452e-304
4042;0;0.27136;5.51752e-312
4043;3.32723e-294;0.26224;1.41249e-309
4044;3.81419e-321;0.295296;2.4997e-316
4045;0;0.259936;3.32723e-294
4046;0;0.279968;2.18054e-289
4047;3.32723e-294;0.620576;7.29112e-304
4048;3.2887e-319;0.814624;4.19376e-309
4049;6.6683e-116;0.216416;4.32739e-308
4050;6.57722e-299;0.295136;8.68903e-304
4051;2.34907e-289;0.606752;3.91516e-294
4052;1.2668e-226;0.208288;2.18104e-289
4053;8.32232e-317;0.269472;7.29113e-304
4054;0;0.036224;3.91516e-294
4055;2.18054e-289;0.25216;3.91516e-294
4056;1.28457e-321;0.286848;7.29113e-304
4057;0;0.270112;6.50012e-275
4058;0;0.265888;3.32724e-294
4059;0;0.304928;2.56584e-289
4060;0;0.270368;5.97756e-299
4061;0;0.271456;1.29385e-308
4375;0.781216;1.53169e+10;1.27892e+10
4376;0.670688;1.62861e+10;1.56449e+10
4377;0.234848;1.25933e+10;1.73109e+10
4378;0.29856;1.75886e+10;1.71716e+10
4379;0.621472;1.57188e+10;1.49444e+10
4380;0.233952;1.6463e+10;1.85309e+10
4381;0.284128;1.57809e+10;1.61655e+10
4382;0.035712;1.57352e+10;2.55319e+10
4383;0.275648;1.5317e+10;1.67924e+10
4384;0.283904;2.58065e+10;1.78087e+10
4385;0.3032;1.58625e+10;1.71037e+10
4386;0.294304;1.73129e+10;1.68421e+10
4387;0.313088;1.52823e+10;1.6627e+10
4388;0.272928;1.5205e+10;1.73457e+10
4389;0.28432;1.56991e+10;1.77407e+10
4390;0.576416;1.59831e+10;1.58327e+10
4391;0.667456;1.62971e+10;1.5542e+10
4392;0.235968;1.70677e+10;1.77014e+10
4393;0.286016;1.76738e+10;1.71697e+10
4394;0.570144;1.56442e+10;1.52751e+10
4395;0.234144;1.71851e+10;1.77695e+10
4396;0.264736;1.72015e+10;1.73846e+10
4397;0.03568;1.57223e+10;2.55093e+10
4398;0.287168;1.6439e+10;1.6157e+10
4399;0.304128;2.58296e+10;1.72294e+10
4400;0.28448;1.52262e+10;1.77125e+10
4401;0.296064;1.61616e+10;1.68787e+10
4402;0.319936;1.6288e+10;1.66866e+10
4403;0.274304;1.51146e+10;1.66712e+10
4404;0.29376;1.53631e+10;1.65941e+10
4405;0.539328;1.59029e+10;1.54741e+10
4406;0.651296;1.57734e+10;1.60439e+10
4407;0.244896;1.82414e+10;1.73109e+10
4408;0.327808;1.81123e+10;1.71697e+10
4409;0.551392;1.50738e+10;1.53971e+10
4410;0.234176;1.49941e+10;1.76821e+10
4411;0.274944;1.77865e+10;1.56538e+10
4412;0.036864;1.57201e+10;2.55319e+10
4413;0.266112;1.58287e+10;1.68172e+10
4414;0.303136;2.5e+10;1.71314e+10
4415;0.29344;1.6431e+10;1.64864e+10
4416;0.283232;1.62145e+10;1.7559e+10
4417;0.325376;1.57906e+10;1.65696e+10
4418;0.273696;1.57993e+10;1.66793e+10
4419;0.27584;1.51062e+10;1.83873e+10
4420;0.541056;1.59383e+10;1.53735e+10
4421;0.630016;1.67981e+10;1.55158e+10
4422;0.245216;1.81831e+10;1.84281e+10
4423;0.293216;1.87241e+10;1.74665e+10
4424;0.596768;1.50542e+10;1.53747e+10
4425;0.243872;1.67631e+10;1.7375e+10
4426;0.317472;1.64341e+10;1.30081e+10
4427;0.036;1.50951e+10;2.55093e+10
4428;0.276384;1.37083e+10;1.67205e+10
4429;0.312576;2.56e+10;1.77429e+10
4430;0.285792;1.58203e+10;1.71381e+10
4431;0.287136;1.57248e+10;1.6938e+10
4432;0.304864;1.62132e+10;1.71601e+10
4433;0.292128;1.55845e+10;1.66508e+10
4434;0.293696;1.61226e+10;1.7126e+10
4435;0.549792;1.49326e+10;1.59967e+10
4436;0.643616;1.57769e+10;1.58317e+10
4437;0.234144;1.78942e+10;1.84635e+10
4438;0.313984;1.83284e+10;1.56225e+10
4439;0.558912;1.5766e+10;1.58281e+10
4440;0.243232;1.56543e+10;1.7786e+10
4441;0.293056;1.75472e+10;1.61386e+10
4442;0.035712;1.51349e+10;2.55093e+10
4443;0.275872;1.48504e+10;1.70014e+10
4444;0.303616;2.58065e+10;1.65928e+10
4445;0.303328;1.58497e+10;1.71037e+10
4446;0.295936;1.61889e+10;1.68138e+10
4447;0.295328;1.52759e+10;1.77984e+10
4448;0.282112;1.51211e+10;1.67038e+10
4449;0.275296;1.66432e+10;1.77017e+10
4450;0.53904;1.54628e+10;1.52614e+10
4451;0.6456;1.68313e+10;1.52545e+10
4452;0.269952;1.82511e+10;1.36408e+10
4453;0.310304;1.82721e+10;1.71678e+10
4454;0.56096;1.36747e+10;1.58897e+10
4455;0.246976;1.584e+10;1.72785e+10
4456;0.292992;1.74832e+10;1.60738e+10
4457;0.03568;1.49054e+10;2.55319e+10
4458;0.266784;1.48536e+10;1.72918e+10
4459;0.311584;2.58296e+10;1.69144e+10
4460;0.283744;1.63896e+10;1.71666e+10
4461;0.296512;1.57749e+10;1.68421e+10
4462;0.285088;1.63302e+10;1.71831e+10
4463;0.291712;1.50917e+10;1.61555e+10
4464;0.27456;1.7241e+10;1.70373e+10
4465;0.548768;1.49539e+10;1.60284e+10
4466;0.643264;1.68765e+10;1.5288e+10
4467;0.24672;1.79276e+10;1.7715e+10
4468;0.283776;1.83385e+10;1.65964e+10
4469;0.547584;1.49624e+10;1.58289e+10
4470;0.24576;1.73207e+10;1.76604e+10
4471;0.292832;1.79102e+10;1.67529e+10
4472;0.035712;1.49792e+10;2.55546e+10
4473;0.274112;1.48618e+10;1.73291e+10
4474;0.293312;2.58065e+10;1.71697e+10
4475;0.284768;1.59514e+10;1.76091e+10
4476;0.268384;1.67576e+10;1.74866e+10
4477;0.30432;1.62715e+10;1.6683e+10
4478;0.273472;1.66734e+10;1.61555e+10
4479;0.311616;1.61514e+10;1.65203e+10
4480;0.53904;1.59513e+10;1.25047e+10
4481;0.673696;1.48696e+10;1.5089e+10
4482;0.234624;1.82511e+10;1.78052e+10
4483;0.331424;1.75101e+10;1.66848e+10
4484;0.548128;1.57338e+10;1.5833e+10
4485;0.244928;1.48305e+10;1.65931e+10
4486;0.273536;1.78925e+10;1.66789e+10
4487;0.03568;1.503e+10;2.55093e+10
4488;0.27536;1.59102e+10;1.73997e+10
4489;0.293312;2.58296e+10;1.76959e+10
4490;0.2848;1.58791e+10;1.71442e+10
4491;0.29424;1.67576e+10;1.63098e+10
4492;0.307136;1.62697e+10;1.7162e+10
4493;0.2776;1.52083e+10;1.61383e+10
4494;0.303264;1.60033e+10;1.6577e+10
4495;0.569152;1.57141e+10;1.53805e+10
4496;0.661984;1.52791e+10;1.56595e+10
4497;0.238944;1.72855e+10;1.76364e+10
4498;0.32016;1.78199e+10;1.71716e+10
4499;0.58448;1.54493e+10;1.49277e+10
4500;0.24496;1.53523e+10;1.77558e+10
4501;0.30128;1.67796e+10;1.66667e+10
4502;0.035712;1.50281e+10;2.55093e+10
4503;0.275392;1.4445e+10;1.70779e+10
4504;0.33152;2.58065e+10;1.66342e+10
4505;0.275232;1.58773e+10;1.70173e+10
4506;0.287136;1.48263e+10;1.74734e+10
4507;0.413376;1.68353e+10;1.76511e+10
4508;0.291424;1.55845e+10;1.69996e+10
4509;0.284256;1.18904e+10;1.71666e+10
4510;0.575712;1.49687e+10;1.54423e+10
4511;0.640864;1.63008e+10;1.62389e+10
4512;0.245888;1.70885e+10;1.76905e+10
4513;0.293248;1.84072e+10;1.71257e+10
4514;0.57168;1.5013e+10;1.53693e+10
4515;0.246304;1.67612e+10;1.7693e+10
4516;0.265504;1.71553e+10;1.73958e+10
4517;0.03568;1.49461e+10;2.55093e+10
4518;0.274656;1.63915e+10;1.73842e+10
4519;0.294464;2.58296e+10;1.78046e+10
4520;0.311968;1.59198e+10;1.65353e+10
4521;0.278688;1.6692e+10;1.74909e+10
4522;0.294336;1.48528e+10;1.82727e+10
4523;0.2648;1.6057e+10;1.79274e+10
4524;0.3032;1.66993e+10;1.71078e+10
4525;0.540128;1.64737e+10;1.55966e+10
4526;0.641216;1.52823e+10;1.58534e+10
4527;0.234112;1.82143e+10;1.7715e+10
4528;0.302624;1.8397e+10;1.77408e+10
4529;0.547616;1.57682e+10;1.62056e+10
4530;0.246752;1.62419e+10;1.85878e+10
4531;0.274432;1.79092e+10;1.67674e+10
4532;0.035968;1.49189e+10;2.55093e+10
4533;0.26736;1.58582e+10;1.74042e+10
4534;0.335808;2.56228e+10;1.36412e+10
4535;0.316;1.63543e+10;1.70795e+10
4536;0.296512;1.46369e+10;1.68685e+10
4537;0.319904;1.46633e+10;1.6683e+10
4538;0.272704;1.50917e+10;1.66773e+10
4539;0.31216;1.53646e+10;1.70353e+10
4540;0.57488;1.59962e+10;1.51807e+10
4541;0.671296;1.48437e+10;1.56482e+10
4542;0.2344;1.71133e+10;1.8502e+10
4543;0.306432;1.75727e+10;1.71697e+10
4544;0.538944;1.57488e+10;1.5489e+10
4545;0.245216;1.60401e+10;1.81766e+10
4546;0.31072;1.81974e+10;1.61924e+10
4547;0.03568;1.50124e+10;2.55319e+10
4548;0.274656;1.40062e+10;1.73643e+10
4549;0.312096;2.58296e+10;1.65821e+10
4550;0.293472;1.59198e+10;1.65391e+10
4551;0.296352;1.5749e+10;1.63174e+10
4552;0.29536;1.57889e+10;1.71524e+10
4553;0.302528;1.50999e+10;1.53186e+10
4554;0.28448;1.66414e+10;1.71483e+10
4555;0.59488;1.44193e+10;1.55942e+10
4556;0.641504;1.6288e+10;1.52469e+10
4557;0.248576;1.65379e+10;1.76716e+10
4558;0.283808;1.83888e+10;1.74565e+10
4559;0.60064;1.48507e+10;1.5374e+10
4560;0.278176;1.73188e+10;1.41815e+10
4561;0.301216;1.63282e+10;1.55892e+10
4562;0.035712;1.32336e+10;2.52632e+10
4563;0.273856;1.44481e+10;1.67615e+10
4564;0.311776;2.58065e+10;1.70667e+10
4565;0.283712;1.59663e+10;1.6541e+10
4566;0.287136;1.57652e+10;1.75612e+10
4567;0.313056;1.63321e+10;1.66866e+10
4568;0.307488;1.55845e+10;1.66386e+10
4569;0.293568;1.57007e+10;1.65542e+10
4570;0.538912;1.41867e+10;1.55832e+10
4571;0.631296;1.57837e+10;1.5621e+10
4572;0.24592;1.82554e+10;1.78908e+10
4573;0.2944;1.86861e+10;1.71678e+10
4574;0.539488;1.50111e+10;1.57565e+10
4575;0.23472;1.66957e+10;1.7775e+10
4576;0.265376;1.8179e+10;1.67591e+10
4577;0.03568;1.56837e+10;2.54417e+10
4578;0.31152;1.63994e+10;1.73445e+10
4579;0.293664;2.58296e+10;1.76735e+10
4580;0.320608;1.4036e+10;1.65335e+10
4581;0.305216;1.67375e+10;1.74778e+10
4582;0.30688;1.44525e+10;1.71601e+10
4583;0.292192;1.46614e+10;1.67059e+10
4584;0.303296;1.60167e+10;1.71462e+10
4585;0.547776;1.49294e+10;1.60317e+10
4586;0.64304;1.52775e+10;1.52488e+10
4587;0.245664;1.796e+10;9.86911e+09
4588;0.308992;1.83449e+10;1.71066e+10
4589;0.5384;1.50267e+10;1.56904e+10
4590;0.243744;1.59072e+10;1.77613e+10
4591;0.273856;1.82158e+10;1.73226e+10
4592;0.035712;1.51031e+10;2.53521e+10
4593;0.27536;1.58916e+10;1.67698e+10
4594;0.322848;2.58065e+10;1.71716e+10
4595;0.290112;1.58791e+10;1.71199e+10
4596;0.3056;1.52245e+10;1.63098e+10
4597;0.295616;1.59718e+10;1.77984e+10
4598;0.29184;1.46429e+10;1.66834e+10
4599;0.27536;1.6627e+10;1.71199e+10
4600;0.585952;1.49474e+10;1.58124e+10
4601;0.662912;1.68274e+10;1.53722e+10
4602;0.22496;1.67899e+10;1.76851e+10
4603;0.2936;1.77949e+10;1.76755e+10
4604;0.547648;1.64097e+10;1.60848e+10
4605;0.254528;1.67411e+10;1.77723e+10
4606;0.2736;1.79081e+10;1.67736e+10
4607;0.036032;1.44632e+10;2.55319e+10
4608;0.275072;1.59064e+10;1.73072e+10
4609;0.3032;2.55773e+10;1.71104e+10
4610;0.303232;1.58958e+10;1.68294e+10
4611;0.277568;1.62111e+10;1.74017e+10
4612;0.304224;1.52807e+10;1.71429e+10
4613;0.274464;1.61217e+10;1.61135e+10
4614;0.30272;1.61565e+10;1.71017e+10
4615;0.592128;1.58937e+10;1.25138e+10
4616;0.65888;1.53066e+10;1.53338e+10
4617;0.225472;1.66148e+10;1.77723e+10
4618;0.305344;1.79038e+10;1.71352e+10
4619;0.570176;1.63724e+10;1.51288e+10
4620;0.23424;1.60973e+10;1.85309e+10
4621;0.292544;1.72006e+10;1.61004e+10
4622;0.035936;1.57158e+10;2.55546e+10
4623;0.274368;1.48764e+10;1.6694e+10
4624;0.303424;2.56456e+10;1.71716e+10
4625;0.3032;1.59366e+10;1.65732e+10
4626;0.27792;1.61991e+10;1.68016e+10
4627;0.31392;1.52823e+10;1.61277e+10
4628;0.27808;1.61013e+10;1.67038e+10
4629;0.284032;1.56575e+10;1.71442e+10
4630;0.539648;1.5687e+10;1.5823e+10
4631;0.66944;1.63137e+10;1.5412e+10
4632;0.234624;1.82306e+10;1.76607e+10
4633;0.293248;1.76214e+10;1.71697e+10
4634;0.57888;1.57338e+10;1.53455e+10
4635;0.234176;1.67612e+10;1.7693e+10
4636;0.283264;1.6942e+10;1.5133e+10
4637;0.035872;1.57201e+10;2.55319e+10
4638;0.287648;1.53638e+10;1.72809e+10
4639;0.293888;2.56913e+10;1.78066e+10
4640;0.29264;1.52008e+10;1.76758e+10
4641;0.414144;1.67247e+10;1.68644e+10
4642;0.312896;1.58338e+10;1.72217e+10
4643;0.292192;1.08051e+10;1.67717e+10
4644;0.292896;1.57087e+10;1.65751e+10
4645;0.548288;1.49294e+10;1.58352e+10
4646;0.667968;1.58199e+10;1.53453e+10
4647;0.246976;1.79433e+10;1.76797e+10
4648;0.304;1.76602e+10;1.72313e+10
4649;0.547136;1.49469e+10;1.56081e+10
4650;0.233952;1.61684e+10;1.77833e+10
4651;0.282944;1.79249e+10;1.67199e+10
4652;0.035712;1.57352e+10;2.55093e+10
4653;0.288992;1.53811e+10;1.6778e+10
4654;0.29312;2.58065e+10;1.71276e+10
4655;0.274304;1.51301e+10;1.77734e+10
4656;0.277568;1.67686e+10;1.76299e+10
4657;0.294336;1.68922e+10;1.77511e+10
4658;0.264192;1.61217e+10;1.73039e+10
4659;0.28448;1.66993e+10;1.77212e+10
4660;0.549824;1.65116e+10;1.58401e+10
4661;0.678368;1.6288e+10;1.49951e+10
4662;0.234176;1.78931e+10;1.76391e+10
4663;0.318656;1.73895e+10;1.61328e+10
4664;0.558048;1.57639e+10;1.57565e+10
4665;0.245088;1.54248e+10;1.71907e+10
4666;0.311264;1.75744e+10;1.56107e+10
4667;0.035712;1.50202e+10;2.55319e+10
4668;0.274336;1.39817e+10;1.09103e+10
4669;0.284448;2.58065e+10;1.71678e+10
4670;0.302688;1.59384e+10;1.71037e+10
4671;0.305184;1.72798e+10;1.748e+10
4672;0.312928;1.53082e+10;1.71889e+10
4673;0.27408;1.46629e+10;1.71991e+10
4674;0.30224;1.57071e+10;1.71017e+10
4675;0.538592;1.59159e+10;1.60334e+10
4676;0.631456;1.53309e+10;1.5935e+10
4677;0.234688;1.82663e+10;1.85258e+10
4678;0.320704;1.86814e+10;1.66396e+10
4679;0.589632;1.57295e+10;1.5725e+10
4680;0.2352;1.53263e+10;1.70253e+10
4681;0.29264;1.6633e+10;1.61847e+10
4682;0.035776;1.56517e+10;2.55093e+10
4683;0.285152;1.48715e+10;1.73555e+10
4684;0.312576;2.57603e+10;1.71104e+10
4685;0.293184;1.53339e+10;1.71442e+10
4686;0.298432;1.57248e+10;1.57637e+10
