625;0.624576;0.049152;0.59568
626;0.259712;0.024576;0.289536
627;0.304672;0.026624;0.282496
628;0.715872;0.06144;0.633216
629;0.629184;0.050176;0.543712
630;0.260736;0.022528;0.29648
631;0.036064;0.008192;0.03568
632;0.269696;0.023552;0.3096
633;0.266144;0.024576;0.299072
634;0.269888;0.0256;0.296896
635;0.286208;0.026624;0.306432
636;0.295584;0.026624;0.309632
637;0.209344;0.021504;0.237728
638;0.27088;0.024576;0.297024
639;0.198144;0.020768;0.232992
640;0.629216;0.050176;0.533312
641;0.260032;0.023744;0.282112
642;0.30464;0.02672;0.31504
643;0.781664;0.06144;0.632704
644;0.629024;0.050176;0.595712
645;0.2648;0.022528;0.293792
646;0.036096;0.008192;0.03568
647;0.260608;0.023296;0.284864
648;0.26496;0.024576;0.297152
649;0.269888;0.0256;0.29808
650;0.28528;0.026624;0.30464
651;0.286368;0.026624;0.308448
652;0.208384;0.021504;0.241632
653;0.271232;0.024576;0.271744
654;0.207936;0.02048;0.243392
655;0.638816;0.049152;0.573728
656;0.270304;0.023552;0.290048
657;0.296064;0.026624;0.30736
658;0.79472;0.06144;0.643744
659;0.66576;0.050176;0.60928
660;0.270656;0.022528;0.28896
661;0.036064;0.008192;0.035808
662;0.251264;0.023296;0.269728
663;0.274944;0.024576;0.30096
664;0.270208;0.0256;0.296096
665;0.295456;0.026784;0.304544
666;0.303776;0.026624;0.317024
667;0.208384;0.021504;0.239232
668;0.27184;0.024576;0.296032
669;0.217216;0.02048;0.243392
670;0.628064;0.050176;0.588928
671;0.260032;0.023552;0.28416
672;0.294432;0.026624;0.28144
673;0.7816;0.06144;0.631648
674;0.621696;0.050176;0.552448
675;0.26912;0.022528;0.308896
676;0.036096;0.008192;0.03568
677;0.252288;0.02336;0.281792
678;0.265696;0.024576;0.292736
679;0.270656;0.0256;0.29568
680;0.286944;0.026624;0.30592
681;0.29568;0.026816;0.312704
682;0.200512;0.021504;0.240512
683;0.272128;0.024576;0.273216
684;0.207936;0.02048;0.240128
685;0.64752;0.049152;0.582464
686;0.260768;0.023552;0.290528
687;0.464096;0.026624;0.30784
688;0.776416;0.060416;0.697184
689;0.639424;0.050176;0.619488
690;0.269024;0.022528;0.279456
691;0.036096;0.008192;0.03584
692;0.251296;0.023552;0.275008
693;0.274272;0.024576;0.300384
694;0.272096;0.0256;0.309856
695;0.286944;0.026624;0.300544
696;0.303808;0.026624;0.316096
697;0.198752;0.021504;0.239776
698;0.28016;0.024576;0.296
699;0.207616;0.02048;0.253408
700;0.6192;0.050176;0.5456
701;0.260064;0.023552;0.283936
702;0.296128;0.026624;0.298656
703;0.73552;0.06144;0.634752
704;0.64064;0.050176;0.555968
705;0.269536;0.022528;0.311968
706;0.036096;0.008224;0.03568
707;0.260416;0.023456;0.291808
708;0.26528;0.024576;0.301984
709;0.280448;0.0256;0.297344
710;0.28592;0.026624;0.284096
711;0.276128;0.026624;0.290336
712;0.198432;0.021504;0.23104
713;0.279648;0.024576;0.408352
714;0.208032;0.02048;0.240096
715;0.630304;0.049152;0.53328
716;0.269248;0.023552;0.273664
717;0.294432;0.026624;0.31552
718;0.764704;0.06144;0.669024
719;0.630272;0.050176;0.619808
720;0.270656;0.023552;0.26992
721;0.036096;0.008192;0.03568
722;0.252128;0.02336;0.306112
723;0.265312;0.024576;0.300384
724;0.27136;0.0256;0.281344
725;0.287104;0.026624;0.30608
726;0.29456;0.026624;0.31712
727;0.198144;0.02048;0.244864
728;0.271648;0.024576;0.288096
729;0.19776;0.02048;0.23008
730;0.613376;0.050176;0.530208
731;0.26896;0.023552;0.28352
732;0.287168;0.026624;0.306656
733;0.789504;0.06144;0.669824
734;0.63808;0.050176;0.584128
735;0.277792;0.022528;0.308096
736;0.036096;0.008224;0.03568
737;0.269344;0.023392;0.301216
738;0.264352;0.024576;0.299872
739;0.289376;0.0256;0.295296
740;0.295456;0.026624;0.297408
741;0.295264;0.026624;0.320832
742;0.200352;0.021504;0.36944
743;0.26992;0.024576;0.296
744;0.216288;0.02048;0.244384
745;0.64624;0.049152;0.558368
746;0.26;0.024576;0.271168
747;0.29616;0.026624;0.305344
748;0.771488;0.06144;0.664416
749;0.637088;0.050176;0.599328
750;0.26176;0.022528;0.288704
751;0.036064;0.008192;0.035744
752;0.251232;0.023552;0.279936
753;0.266688;0.024576;0.29936
754;0.260992;0.0256;0.273664
755;0.314016;0.026624;0.314112
756;0.2952;0.026624;0.307616
757;0.20032;0.021504;0.239936
758;0.269952;0.024576;0.29776
759;0.20688;0.02048;0.242528
760;0.637344;0.049152;0.531744
761;0.26928;0.023552;0.29536
762;0.286944;0.026624;0.314976
763;0.78048;0.06144;0.64192
764;0.638432;0.050176;0.568096
765;0.260832;0.022688;0.297728
766;0.036064;0.008192;0.03568
767;0.251968;0.023296;0.297888
768;0.27536;0.024576;0.300384
769;0.394624;0.026624;0.329376
770;0.29616;0.026624;0.312288
771;0.29552;0.026624;0.282048
772;0.200128;0.021504;0.240032
773;0.280416;0.024576;0.296032
774;0.212736;0.021504;0.254496
775;0.628384;0.04928;0.522176
776;0.26928;0.023744;0.26208
777;0.28624;0.026624;0.3064
778;0.78064;0.06144;0.704416
779;0.610592;0.050176;0.5744
780;0.260032;0.022784;0.294048
781;0.036128;0.008192;0.035712
782;0.242976;0.023296;0.2728
783;0.2656;0.02464;0.30176
784;0.280128;0.0256;0.308
785;0.286208;0.026624;0.306784
786;0.295264;0.027648;0.306112
787;0.209696;0.021504;0.239744
788;0.288768;0.024576;0.297024
789;0.206912;0.02048;0.24912
790;0.64;0.049152;0.5896
791;0.261216;0.023552;0.283456
792;0.295136;0.026624;0.30336
793;0.7504;0.062464;0.641472
794;0.621024;0.050176;0.533984
795;0.324192;0.022528;0.337312
796;0.036064;0.008192;0.03568
797;0.261152;0.023296;0.296288
798;0.274528;0.024576;0.300384
799;0.27088;0.0256;0.294656
800;0.295488;0.026624;0.307968
801;0.286752;0.026624;0.30848
802;0.20928;0.021504;0.24096
803;0.271616;0.024576;0.284448
804;0.207936;0.02048;0.241344
805;0.637632;0.050176;0.583488
806;0.261728;0.023552;0.296192
807;0.29616;0.026624;0.278688
808;0.770976;0.06144;0.643296
809;0.621056;0.050176;0.533472
810;0.278816;0.022752;0.296608
811;0.036352;0.008192;0.03568
812;0.27104;0.023552;0.290304
813;0.263968;0.024576;0.289632
814;0.2712;0.0256;0.296768
815;0.286944;0.026624;0.288992
816;0.287744;0.026624;0.307008
817;0.198464;0.02048;0.223296
818;0.271264;0.024576;0.279776
819;0.207648;0.02048;0.244416
820;0.628608;0.049344;0.57632
821;0.270528;0.024576;0.287232
822;0.296224;0.026624;0.288064
823;0.753696;0.06144;0.634464
824;0.644832;0.050176;0.554016
825;0.260032;0.022528;0.296544
826;0.036096;0.008192;0.03568
827;0.241728;0.023296;0.270592
828;0.265984;0.024576;0.267616
829;0.272064;0.0256;0.289632
830;0.2944;0.026624;0.280736
831;0.28544;0.026624;0.313888
832;0.19984;0.021504;0.22352
833;0.271872;0.024576;0.304608
834;0.198752;0.02048;0.227808
835;0.64688;0.049152;0.570176
836;0.260416;0.024576;0.291072
837;0.31456;0.026624;0.32272
838;0.752832;0.06144;0.632736
839;0.601248;0.050176;0.533952
840;0.26992;0.023552;0.3056
841;0.036096;0.008192;0.03568
842;0.251456;0.023296;0.269792
843;0.266336;0.024576;0.274432
844;0.279104;0.0256;0.307072
845;0.295456;0.026624;0.310528
846;0.28672;0.026624;0.299744
847;0.208352;0.02048;0.240768
848;0.270944;0.024576;0.290048
849;0.207584;0.02048;0.243488
850;0.648;0.049152;0.53024
851;0.25968;0.024576;0.271424
852;0.469888;0.026624;0.341024
853;0.816896;0.06144;0.68496
854;0.640512;0.050176;0.594208
855;0.269952;0.022528;0.296352
856;0.036064;0.008192;0.03568
857;0.261184;0.023296;0.297152
858;0.2752;0.024576;0.293728
859;0.270976;0.0256;0.295008
860;0.277696;0.026624;0.286848
861;0.296576;0.026624;0.3056
862;0.200128;0.021504;0.239264
863;0.26992;0.024576;0.29568
864;0.206912;0.02048;0.247456
865;0.648544;0.050176;0.602944
866;0.26112;0.024576;0.269408
867;0.296128;0.026624;0.30448
868;0.782496;0.06144;0.635328
869;0.62896;0.050176;0.534496
870;0.260736;0.023552;0.305664
871;0.036064;0.008192;0.035968
872;0.24272;0.023552;0.269216
873;0.26528;0.024576;0.300384
874;0.279648;0.0256;0.30288
875;0.29616;0.026624;0.297216
876;0.295584;0.026624;0.314016
877;0.199456;0.021504;0.237728
878;0.271584;0.024576;0.298048
879;0.207616;0.02048;0.230624
880;0.89968;0.049152;0.666944
881;0.26;0.023552;0.299968
882;0.29552;0.026624;0.307584
883;0.771168;0.06144;0.650048
884;0.630368;0.050176;0.575456
885;0.260672;0.022528;0.271552
886;0.036096;0.008192;0.03568
887;0.251232;0.023296;0.299168
888;0.26528;0.024576;0.29968
889;0.271168;0.0256;0.278336
890;0.29136;0.026624;0.304896
891;0.294592;0.026624;0.315104
892;0.198432;0.021504;0.239776
893;0.280448;0.024576;0.294976
894;0.212128;0.020544;0.25344
895;0.618848;0.050176;0.559712
896;0.260768;0.023552;0.28464
897;0.295136;0.026624;0.297824
898;0.766656;0.06144;0.6504
899;0.638112;0.050176;0.544512
900;0.256992;0.023552;0.295488
901;0.036128;0.008192;0.03568
902;0.260704;0.023296;0.28128
903;0.26496;0.024576;0.29696
904;0.270368;0.0256;0.289344
905;0.28624;0.026624;0.306464
906;0.277856;0.026624;0.30672
907;0.208672;0.021504;0.239264
908;0.27024;0.024576;0.288576
909;0.19904;0.02048;0.241344
910;0.628384;0.050176;0.534816
911;0.2608;0.023552;0.272416
912;0.276;0.026624;0.28096
913;0.773504;0.06144;0.637312
914;0.647456;0.050176;0.534528
915;0.26928;0.022528;0.294048
916;0.036064;0.008192;0.035712
917;0.251264;0.02352;0.264096
918;0.264992;0.024576;0.273408
919;0.270624;0.0256;0.295744
920;0.28704;0.026624;0.280832
921;0.30448;0.026624;0.30624
922;0.207296;0.021504;0.240576
923;0.271584;0.0256;0.296224
924;0.207584;0.02048;0.244384
925;0.661536;0.050176;0.543648
926;0.2608;0.023552;0.283392
927;0.28624;0.026624;0.30768
928;0.762688;0.060416;0.635744
929;0.620224;0.050176;0.573408
930;0.269984;0.022528;0.31488
931;0.036128;0.008192;0.035744
932;0.409888;0.023552;0.303296
933;0.265696;0.024576;0.27344
934;0.269888;0.0256;0.296576
935;0.29616;0.026624;0.29296
936;0.286688;0.026624;0.31072
937;0.200512;0.021504;0.247424
938;0.271936;0.024576;0.29632
939;0.206944;0.02048;0.222496
940;0.638048;0.050176;0.550528
941;0.260736;0.023552;0.291264
942;0.294432;0.026624;0.30784
943;0.772512;0.06144;0.634816
944;0.638464;0.050176;0.531424
945;0.26032;0.022528;0.303552
946;0.036064;0.009216;0.03568
947;0.251296;0.023296;0.289152
948;0.26512;0.024576;0.272416
949;0.279392;0.0256;0.295968
950;0.28624;0.026624;0.29856
951;0.29472;0.026624;0.314112
952;0.198496;0.021504;0.239296
953;0.280448;0.024576;0.298048
954;0.20768;0.02048;0.242848
955;0.620512;0.049152;0.550688
956;0.25776;0.023552;0.285152
957;0.296128;0.026784;0.308864
958;0.7432;0.06144;0.64816
959;0.6352;0.050176;0.586688
960;0.268576;0.023552;0.277568
961;0.036064;0.008192;0.03568
962;0.24192;0.023296;0.291488
963;0.264928;0.024576;0.29936
964;0.270176;0.026624;0.30288
965;0.287232;0.026624;0.307936
966;0.29456;0.026624;0.305376
967;0.198336;0.021504;0.238144
968;0.27728;0.024576;0.303392
969;0.206944;0.02048;0.241696
970;0.637344;0.049152;0.588576
971;0.259712;0.023584;0.287168
972;0.295456;0.026624;0.279936
973;0.76912;0.06144;0.635296
974;0.622304;0.050176;0.534496
975;0.268576;0.022528;0.297952
976;0.036224;0.008416;0.03568
977;0.260416;0.023296;0.291456
978;0.265696;0.024576;0.29904
979;0.271936;0.0256;0.299616
980;0.28624;0.026624;0.299296
981;0.295584;0.026688;0.309728
982;0.207904;0.021504;0.237216
983;0.272;0.024576;0.273696
984;0.20688;0.02048;0.247072
985;0.646528;0.049152;0.617408
986;0.251456;0.023552;0.271808
987;0.28688;0.026624;0.325056
988;0.786464;0.06144;0.71248
989;0.621728;0.050176;0.57376
990;0.25936;0.022528;0.296352
991;0.036064;0.008192;0.03568
992;0.243712;0.023552;0.273792
993;0.275552;0.024576;0.297376
994;0.270208;0.0256;0.288832
995;0.294432;0.026752;0.306944
996;0.295232;0.026624;0.308
997;0.198432;0.021504;0.248992
998;0.260992;0.024576;0.296032
999;0.207616;0.02048;0.244416
1000;0.62832;0.050176;0.533312
1001;0.269696;0.023552;0.294688
1002;0.286976;0.026624;0.29984
1003;0.788224;0.06144;0.677792
1004;0.630208;0.050176;0.553408
1005;0.269664;0.022528;0.30768
1006;0.036064;0.009216;0.03568
1007;0.269696;0.022528;0.298176
1008;0.265984;0.024576;0.29904
1009;0.269824;0.0256;0.298048
1010;0.29616;0.026624;0.30848
1011;0.29456;0.026624;0.307648
1012;0.206496;0.021504;0.232704
1013;0.27216;0.024576;0.277632
1014;0.207648;0.02048;0.25056
1015;0.623136;0.049152;0.5408
1016;0.31712;0.024576;0.35504
1017;0.286944;0.026624;0.308416
1018;0.77136;0.06144;0.676704
1019;0.62928;0.050176;0.590336
1020;0.259328;0.022528;0.298432
1021;0.036064;0.008224;0.035776
1022;0.241728;0.02432;0.273184
1023;0.273888;0.024576;0.300352
1024;0.280352;0.0256;0.296576
1025;0.29616;0.026624;0.308768
1026;0.303744;0.026624;0.31696
1027;0.201056;0.02048;0.24832
1028;0.281216;0.024576;0.303168
1029;0.207712;0.02048;0.243744
1030;0.619584;0.049152;0.563008
1031;0.260096;0.023552;0.292448
1032;0.283488;0.026624;0.281984
1033;0.766976;0.06144;0.64112
1034;0.63808;0.050176;0.546752
1035;0.263136;0.022528;0.293472
1036;0.036096;0.008192;0.035712
1037;0.269376;0.023296;0.292704
1038;0.264256;0.024576;0.300928
1039;0.271488;0.0256;0.309312
1040;0.2944;0.026624;0.316896
1041;0.294528;0.026624;0.307936
1042;0.198432;0.021504;0.230528
1043;0.281152;0.024576;0.296
1044;0.207328;0.020576;0.240288
1045;0.638304;0.050176;0.539424
1046;0.26016;0.023552;0.278592
1047;0.296128;0.026624;0.305856
1048;0.744864;0.06144;0.635296
1049;0.663424;0.050176;0.541696
1050;0.26144;0.022528;0.299424
1051;0.036096;0.008192;0.035808
1052;0.2616;0.023552;0.269248
1053;0.252096;0.024576;0.298368
1054;0.279552;0.0256;0.297024
1055;0.29616;0.026624;0.304896
1056;0.286048;0.026624;0.281536
1057;0.209024;0.021504;0.23888
1058;0.279456;0.024576;0.290048
1059;0.207936;0.021504;0.243584
1060;0.620384;0.049152;0.532256
1061;0.269408;0.023552;0.290816
1062;0.286336;0.026624;0.292
1063;0.763296;0.06144;0.633216
1064;0.648672;0.050176;0.569344
1065;0.268992;0.022752;0.295968
1066;0.036064;0.008192;0.03568
1067;0.251968;0.023328;0.272288
1068;0.26528;0.024576;0.29632
1069;0.26992;0.0256;0.297568
1070;0.370592;0.026624;0.414112
1071;0.295296;0.026624;0.28448
1072;0.200192;0.02048;0.23824
1073;0.271232;0.024576;0.29392
1074;0.207776;0.02048;0.246464
1075;0.628064;0.04944;0.531072
1076;0.259744;0.024576;0.29072
1077;0.28624;0.026624;0.30688
1078;0.78192;0.06144;0.64032
1079;0.629216;0.050176;0.551168
1080;0.278176;0.023552;0.301024
1081;0.036064;0.008192;0.035712
1082;0.269888;0.023552;0.30704
1083;0.27472;0.024576;0.29904
1084;0.280832;0.0256;0.299296
1085;0.295712;0.026624;0.299264
1086;0.29456;0.026624;0.306752
1087;0.198432;0.020768;0.222016
1088;0.262048;0.024576;0.275296
1089;0.207424;0.02048;0.253664
1090;0.651552;0.049408;0.596736
1091;0.260416;0.023552;0.292064
1092;0.27616;0.026624;0.316192
1093;0.753792;0.06144;0.634336
1094;0.630272;0.050176;0.560608
1095;0.3152;0.023552;0.322624
1096;0.036096;0.008192;0.035712
1097;0.251552;0.02432;0.275872
1098;0.264544;0.024576;0.301376
1099;0.27136;0.0256;0.295744
1100;0.296128;0.026624;0.305408
1101;0.294752;0.026624;0.317216
1102;0.198464;0.021504;0.240288
1103;0.285344;0.024576;0.293568
1104;0.207328;0.02048;0.243392
1105;0.639328;0.049152;0.57632
1106;0.2608;0.024576;0.293216
1107;0.294528;0.026624;0.306336
1108;0.780192;0.06144;0.652192
1109;0.629312;0.050176;0.5376
1110;0.260096;0.022528;0.311872
1111;0.036096;0.008192;0.035712
1112;0.243328;0.023552;0.27072
1113;0.265312;0.024576;0.299328
1114;0.281216;0.0256;0.296
1115;0.295104;0.026624;0.297696
1116;0.295264;0.026624;0.307968
1117;0.200096;0.021504;0.24096
1118;0.261728;0.0256;0.28064
1119;0.20736;0.020544;0.238272
1120;0.638368;0.050176;0.566112
1121;0.251808;0.023744;0.274752
1122;0.29648;0.026624;0.305184
1123;0.754208;0.06144;0.639296
1124;0.62992;0.050176;0.597056
1125;0.268576;0.022528;0.295552
1126;0.036064;0.008192;0.035648
1127;0.251232;0.023296;0.263584
1128;0.275552;0.024576;0.313728
1129;0.269824;0.0256;0.294656
1130;0.286944;0.026624;0.30544
1131;0.291488;0.026624;0.306496
1132;0.208384;0.020768;0.239712
1133;0.27088;0.024576;0.288864
1134;0.207392;0.02048;0.241664
1135;0.637696;0.050176;0.531232
1136;0.27872;0.023744;0.289312
1137;0.296128;0.026624;0.299712
1138;0.780928;0.06144;0.6312
1139;0.63808;0.050176;0.553984
1140;0.260608;0.023552;0.294816
1141;0.036096;0.008192;0.035712
1142;0.269376;0.023296;0.295648
1143;0.265664;0.024576;0.300064
1144;0.270048;0.0256;0.29904
1145;0.285248;0.026688;0.305408
1146;0.295584;0.026624;0.30896
1147;0.208928;0.021504;0.239776
1148;0.27024;0.024576;0.27984
1149;0.20688;0.020544;0.248288
1150;0.637536;0.049152;0.570144
1151;0.269312;0.023552;0.28528
1152;0.431904;0.026656;0.308064
1153;0.770944;0.06144;0.679264
1154;0.640992;0.050176;0.602368
1155;0.259392;0.022528;0.270496
1156;0.036096;0.008192;0.035968
1157;0.241728;0.023296;0.297696
1158;0.265728;0.024576;0.298304
1159;0.270688;0.0256;0.280768
1160;0.286208;0.026624;0.300512
1161;0.303776;0.026624;0.310656
1162;0.200448;0.021504;0.230048
1163;0.270944;0.024576;0.294464
1164;0.20816;0.02048;0.240288
1165;0.619584;0.050176;0.569408
1166;0.259968;0.023744;0.29056
1167;0.29616;0.026624;0.298528
1168;0.771776;0.06144;0.643104
1169;0.621024;0.050176;0.549664
1170;0.26144;0.023552;0.29792
1171;0.036096;0.008192;0.03568
1172;0.274016;0.023552;0.306528
1173;0.274496;0.024576;0.2968
1174;0.266816;0.0256;0.297568
1175;0.285248;0.026624;0.303296
1176;0.285376;0.026624;0.315616
1177;0.199744;0.021504;0.239584
1178;0.280448;0.024576;0.285056
1179;0.19776;0.02048;0.221696
1180;0.6376;0.049344;0.554432
1181;0.270304;0.024576;0.27088
1182;0.287008;0.026624;0.305792
1183;0.775488;0.06144;0.717984
1184;0.648704;0.050176;0.594944
1185;0.269056;0.022528;0.288448
1186;0.036096;0.008192;0.035712
1187;0.249312;0.023296;0.270048
1188;0.266592;0.024576;0.293024
1189;0.270176;0.0256;0.297024
1190;0.304352;0.026624;0.30032
1191;0.285376;0.026624;0.282848
1192;0.208352;0.021504;0.239264
1193;0.280384;0.024576;0.289536
1194;0.212768;0.02048;0.255712
1195;0.620928;0.050176;0.53328
1196;0.271424;0.024576;0.291072
1197;0.296128;0.026624;0.307584
1198;0.771808;0.06144;0.636096
1199;0.6576;0.050176;0.56368
1200;0.269184;0.022528;0.296416
1201;0.036096;0.008192;0.035744
1202;0.261472;0.02432;0.2984
1203;0.266016;0.024576;0.306784
1204;0.280544;0.02576;0.2992
1205;0.371584;0.026624;0.354944
1206;0.287648;0.026624;0.320032
1207;0.200128;0.02048;0.2408
1208;0.266848;0.024576;0.289184
1209;0.199072;0.02048;0.24272
1210;0.62912;0.049152;0.537888
1211;0.261088;0.023552;0.28272
1212;0.288544;0.026624;0.306848
1213;0.771744;0.06144;0.653632
1214;0.629216;0.050176;0.577536
1215;0.2608;0.022784;0.27936
1216;0.036096;0.009216;0.035712
1217;0.269824;0.023296;0.300256
1218;0.273504;0.024576;0.298848
1219;0.280352;0.0256;0.29552
1220;0.28624;0.026624;0.286976
1221;0.295232;0.026624;0.300448
1222;0.203264;0.021504;0.236864
1223;0.271424;0.024576;0.295488
1224;0.2072;0.02048;0.251328
1225;0.648448;0.049152;0.545376
1226;0.261472;0.023552;0.282848
1227;0.287936;0.026624;0.30864
1228;0.767232;0.06144;0.634208
1229;0.648896;0.050176;0.561632
1230;0.259328;0.022528;0.298624
1231;0.036032;0.008192;0.035712
1232;0.269696;0.023552;0.292576
1233;0.267392;0.024576;0.300384
1234;0.277056;0.0256;0.304928
1235;0.286208;0.026624;0.281536
1236;0.286048;0.026624;0.306592
1237;0.207744;0.021504;0.242112
1238;0.279584;0.024576;0.299072
1239;0.207488;0.02048;0.24368
1240;0.638752;0.049152;0.54272
1241;0.270208;0.024576;0.280512
1242;0.294528;0.026624;0.307904
1243;0.767328;0.060416;0.679296
1244;0.657152;0.050176;0.597696
1245;0.269728;0.023552;0.300928
1246;0.036096;0.008416;0.03568
1247;0.242496;0.023296;0.272768
1248;0.27424;0.024576;0.30416
1249;0.27088;0.0256;0.28704
1250;0.271072;0.022784;0.269408
1251;0.036192;0.008192;0.035712
1252;0.250912;0.023552;0.27088
1253;0.266016;0.024576;0.2888
1254;0.279392;0.0256;0.300128
1255;0.276128;0.026624;0.282528
1256;0.285312;0.026624;0.310624
1257;0.198432;0.021504;0.239648
1258;0.26992;0.024576;0.28864
1259;0.208512;0.02048;0.241888
1260;0.629056;0.049152;0.566432
1261;0.269952;0.023552;0.286176
1262;0.428832;0.026624;0.374336
1263;0.763808;0.06144;0.642496
1264;0.6304;0.050176;0.585664
1265;0.268576;0.023552;0.285632
1266;0.036192;0.008192;0.035904
1267;0.251264;0.023296;0.297088
1268;0.262976;0.024576;0.301696
1269;0.271872;0.0256;0.286016
1270;0.287072;0.026624;0.30784
1271;0.295584;0.026624;0.306816
1272;0.207648;0.021504;0.2376
1273;0.271296;0.024576;0.30624
1274;0.201312;0.020704;0.245664
1275;0.628736;0.050176;0.534368
1276;0.269248;0.023552;0.287584
1277;0.304192;0.026624;0.315104
1278;0.78336;0.06144;0.656832
1279;0.6392;0.050176;0.58256
1280;0.269664;0.023552;0.270944
1281;0.03616;0.008192;0.035712
1282;0.25216;0.023296;0.307584
1283;0.265184;0.024576;0.3024
1284;0.281504;0.0256;0.2848
1285;0.285376;0.026624;0.306016
1286;0.287136;0.026624;0.3176
1287;0.1992;0.02048;0.23696
1288;0.27024;0.024576;0.290112
1289;0.2488;0.02048;0.263648
1290;0.6472;0.050176;0.569376
1291;0.260096;0.023776;0.292192
1292;0.295264;0.026624;0.307744
1293;0.800896;0.06144;0.652096
1294;0.629952;0.050176;0.540704
1295;0.261728;0.022528;0.300064
1296;0.036192;0.008192;0.035712
1297;0.251264;0.023328;0.262464
1298;0.26432;0.024576;0.287712
1299;0.271328;0.0256;0.311392
1300;0.28544;0.026624;0.29024
1301;0.276608;0.026624;0.30768
1302;0.200096;0.021504;0.222752
1303;0.27936;0.024576;0.283648
1304;0.21744;0.02048;0.2392
1305;0.619584;0.049152;0.542784
1306;0.27072;0.023552;0.296736
1307;0.286784;0.026624;0.321056
1308;0.753888;0.06144;0.62464
1309;0.630944;0.050176;0.546048
1310;0.262528;0.022528;0.296
1311;0.036192;0.009216;0.036
1312;0.251456;0.023552;0.263136
1313;0.272384;0.024576;0.312672
1314;0.27184;0.0256;0.296096
1315;0.434816;0.026624;0.307904
1316;0.2944;0.026624;0.307904
1317;0.207648;0.021504;0.230144
1318;0.270816;0.024576;0.271648
1319;0.19152;0.021504;0.229024
1320;0.619872;0.050176;0.531584
1321;0.260736;0.024576;0.283616
1322;0.286176;0.026624;0.283808
1323;0.774208;0.06144;0.653088
1324;0.61136;0.050176;0.53552
1325;0.262112;0.023552;0.290176
1326;0.036224;0.009216;0.03568
1327;0.260128;0.023296;0.29424
1328;0.274176;0.024576;0.293504
1329;0.280128;0.0256;0.295744
1330;0.286048;0.026624;0.284032
1331;0.286304;0.026624;0.28912
1332;0.1984;0.021504;0.24688
1333;0.270592;0.024576;0.29008
1334;0.199072;0.02048;0.25168
1335;0.629056;0.049152;0.60528
1336;0.270432;0.023552;0.286752
1337;0.30448;0.026624;0.307616
1338;0.753696;0.06144;0.628128
1339;0.63024;0.050176;0.539584
1340;0.325632;0.023552;0.33648
1341;0.036192;0.008192;0.035712
1342;0.251328;0.02432;0.281024
1343;0.26496;0.024576;0.301088
1344;0.271776;0.0256;0.29504
1345;0.29456;0.026624;0.307616
1346;0.303648;0.026624;0.303296
1347;0.198528;0.021504;0.239648
1348;0.270944;0.0256;0.297088
1349;0.21184;0.02048;0.247872
1350;0.629088;0.049152;0.534176
1351;0.271008;0.023552;0.261696
1352;0.286048;0.026624;0.306592
1353;0.80496;0.06144;0.6704
1354;0.648672;0.050176;0.602848
1355;0.261056;0.022816;0.279712
1356;0.03616;0.008224;0.03568
1357;0.271072;0.02336;0.295264
1358;0.274496;0.024576;0.29696
1359;0.272256;0.0256;0.299104
1360;0.285376;0.026624;0.303552
1361;0.295456;0.026624;0.32224
1362;0.20768;0.021504;0.239456
1363;0.279168;0.024576;0.297824
1364;0.208288;0.02048;0.243264
1365;0.638752;0.049152;0.599872
1366;0.256992;0.024576;0.291072
1367;0.286048;0.026624;0.313056
1368;0.754144;0.06144;0.632544
1369;0.63808;0.050176;0.604096
1370;0.268928;0.022816;0.296864
1371;0.036192;0.008192;0.035712
1372;0.252352;0.023552;0.2952
1373;0.274304;0.024576;0.303296
1374;0.269888;0.0256;0.288384
1375;0.295552;0.026624;0.316608
1376;0.295424;0.026624;0.308928
1377;0.198336;0.02048;0.240128
1378;0.280416;0.024576;0.289632
1379;0.207616;0.020608;0.244832
1380;0.629088;0.050176;0.532064
1381;0.271296;0.023552;0.292192
1382;0.295296;0.026624;0.307872
1383;0.809504;0.06144;0.659136
1384;0.629216;0.050176;0.539552
1385;0.269504;0.023552;0.296352
1386;0.03616;0.008192;0.035872
1387;0.270432;0.023296;0.296608
1388;0.264992;0.024576;0.303424
1389;0.280544;0.0256;0.309344
1390;0.286048;0.026624;0.291776
1391;0.286272;0.026624;0.307872
1392;0.199456;0.021504;0.22992
1393;0.26992;0.024576;0.281024
1394;0.208576;0.02048;0.241408
1395;0.63344;0.049152;0.58432
1396;0.32592;0.023552;0.335296
1397;0.304224;0.026624;0.315648
1398;0.735392;0.06144;0.644512
1399;0.612064;0.050176;0.543648
1400;0.250176;0.022752;0.271296
1401;0.036224;0.008192;0.03568
1402;0.251296;0.023296;0.271744
1403;0.273216;0.024576;0.266304
1404;0.261408;0.027424;0.296992
1405;0.294592;0.026624;0.310464
1406;0.276032;0.026624;0.282112
1407;0.208256;0.021504;0.246656
1408;0.270912;0.024576;0.28864
1409;0.199808;0.023552;0.24096
1410;0.630112;0.049152;0.534592
1411;0.27104;0.023744;0.291616
1412;0.286048;0.026624;0.3064
1413;0.782112;0.06144;0.661952
1414;0.639136;0.0512;0.593472
1415;0.2696;0.022528;0.287584
1416;0.03616;0.008192;0.03568
1417;0.2512;0.023424;0.28144
1418;0.264992;0.024576;0.282624
1419;0.25936;0.0256;0.288896
1420;0.276192;0.026624;0.28384
1421;0.277024;0.026624;0.323776
1422;0.240768;0.021504;0.257568
1423;0.263136;0.024576;0.270592
1424;0.208;0.021504;0.246144
1425;0.646496;0.050176;0.551296
1426;0.237888;0.024576;0.268128
1427;0.27616;0.026624;0.30672
1428;0.743808;0.06144;0.635872
1429;0.601344;0.050176;0.580832
1430;0.287616;0.022752;0.304288
1431;0.036192;0.008192;0.03584
1432;0.288096;0.023552;0.308352
1433;0.291584;0.024576;0.3096
1434;0.309184;0.0256;0.306272
1435;0.31296;0.026624;0.292768
1436;0.286272;0.026624;0.292
1437;0.199488;0.021504;0.222816
1438;0.26224;0.024576;0.325568
1439;0.208608;0.02048;0.240736
1440;0.72096;0.050176;0.65296
1441;0.305856;0.024576;0.28672
1442;0.2864;0.026624;0.298592
1443;0.750496;0.06144;0.676352
1444;0.60256;0.050176;0.543488
1445;0.260448;0.022528;0.286144
1446;0.036192;0.008224;0.035712
1447;0.251616;0.023296;0.269632
1448;0.264;0.024576;0.328
1449;0.289664;0.0256;0.323744
1450;0.313024;0.026624;0.288992
1451;0.294592;0.026624;0.284064
1452;0.216928;0.021504;0.241504
1453;0.299232;0.024576;0.308352
1454;0.197984;0.020576;0.231008
1455;0.63088;0.04944;0.564288
1456;0.2608;0.023552;0.270688
1457;0.285376;0.026624;0.289984
1458;0.763264;0.06144;0.66336
1459;0.60768;0.050176;0.564096
1460;0.261376;0.023552;0.28816
1461;0.036192;0.008192;0.03568
1462;0.288128;0.023488;0.271776
1463;0.255648;0.024576;0.28656
1464;0.25264;0.0256;0.27216
1465;0.221088;0.026624;0.292768
1466;0.216608;0.026624;0.292192
1467;0.216864;0.02048;0.234528
1468;0.202336;0.024576;0.278944
1469;0.171872;0.023296;0.242944
1470;0.466656;0.050176;0.528448
1471;0.201152;0.023552;0.29936
1472;0.290752;0.026624;0.311264
1473;0.552032;0.060416;0.661536
1474;0.570976;0.050176;0.666368
1475;0.195584;0.023552;0.28016
1476;0.036192;0.008192;0.035808
1477;0.191552;0.023296;0.273824
1478;0.195616;0.024576;0.285216
1479;0.201984;0.0256;0.279872
1480;0.2128;0.026624;0.296128
1481;0.213024;0.026624;0.28128
1482;0.195392;0.021504;0.2328
1483;0.212288;0.024576;0.281952
1484;0.167072;0.02048;0.223232
1485;0.4728;0.049248;0.567648
1486;0.192192;0.023552;0.261632
1487;0.211808;0.026624;0.292768
1488;0.5336;0.06144;0.633216
1489;0.45648;0.050176;0.552672
1490;0.19184;0.022528;0.27184
1491;0.03616;0.008192;0.03568
1492;0.191648;0.023552;0.265088
1493;0.195392;0.024576;0.28912
1494;0.202304;0.0256;0.271136
1495;0.211936;0.026624;0.289696
1496;0.216896;0.026624;0.289952
1497;0.157472;0.021504;0.240448
1498;0.206144;0.024576;0.27968
1499;0.157792;0.02048;0.232192
1500;0.460512;0.049152;0.561984
1501;0.201184;0.023584;0.260096
1502;0.217056;0.026624;0.29824
1503;0.56032;0.06144;0.644384
1504;0.434688;0.050176;0.55632
1505;0.242848;0.022528;0.309536
1506;0.03616;0.008224;0.035776
1507;0.191584;0.023296;0.271904
1508;0.19552;0.024576;0.276512
1509;0.20208;0.026624;0.288352
1510;0.212;0.026624;0.298752
1511;0.212864;0.026624;0.29328
1512;0.194336;0.021504;0.235456
1513;0.21056;0.024576;0.286848
1514;0.157792;0.02048;0.230688
1515;0.450592;0.049152;0.548512
1516;0.201088;0.024576;0.259648
1517;0.211872;0.026624;0.292256
1518;0.542656;0.06144;0.625696
1519;0.533696;0.050176;0.562912
1520;0.20512;0.023552;0.278688
1521;0.03616;0.008192;0.035712
1522;0.191872;0.023296;0.2816
1523;0.195392;0.024576;0.291136
1524;0.20208;0.0256;0.28992
1525;0.21184;0.026624;0.27792
1526;0.21264;0.026656;0.29968
1527;0.194336;0.021504;0.230432
1528;0.230336;0.024576;0.27776
1529;0.195008;0.02048;0.238144
1530;0.4544;0.050176;0.553344
1531;0.205536;0.023552;0.280928
1532;0.22096;0.026624;0.297184
1533;0.543392;0.06144;0.629088
1534;0.455968;0.050176;0.549248
1535;0.191616;0.022528;0.287168
1536;0.036192;0.008192;0.03568
1537;0.244224;0.023296;0.396224
1538;0.19552;0.027424;0.287328
1539;0.202336;0.0256;0.288192
1540;0.213952;0.026624;0.292224
1541;0.213152;0.026624;0.290528
1542;0.195552;0.021504;0.23152
1543;0.20128;0.024576;0.27424
1544;0.166976;0.02048;0.230144
1545;0.443136;0.050176;0.544352
1546;0.191872;0.023776;0.260096
1547;0.212064;0.026624;0.29152
1548;0.5432;0.06144;0.644096
1549;0.441216;0.050176;0.554624
1550;0.20512;0.022528;0.27744
1551;0.03616;0.008256;0.035712
1552;0.196672;0.023552;0.27072
1553;0.195488;0.024576;0.28272
1554;0.202464;0.0256;0.294016
1555;0.213952;0.02688;0.280512
1556;0.213024;0.026624;0.301728
1557;0.210624;0.023552;0.23344
1558;0.201984;0.024576;0.281376
1559;0.18576;0.02048;0.221472
1560;0.451328;0.050176;0.551808
1561;0.191872;0.023552;0.269952
1562;0.212832;0.026624;0.299744
1563;0.543392;0.06144;0.636448
1564;0.450912;0.050176;0.551328
1565;0.1936;0.022528;0.287488
1566;0.036224;0.008224;0.03568
1567;0.219872;0.023552;0.263072
1568;0.195296;0.0256;0.278016
1569;0.202016;0.0256;0.281216
1570;0.212544;0.026624;0.431232
1571;0.215904;0.026624;0.303776
1572;0.19504;0.021504;0.233024
1573;0.211584;0.024576;0.28096
1574;0.194656;0.020544;0.230656
1575;0.451328;0.049152;0.54496
1576;0.201088;0.024576;0.27136
1577;0.211808;0.026624;0.291264
1578;0.54304;0.06144;0.642528
1579;0.441664;0.050176;0.54192
1580;0.195648;0.022528;0.281728
1581;0.03616;0.008192;0.035776
1582;0.191584;0.023296;0.27168
1583;0.196352;0.024576;0.28704
1584;0.202656;0.0256;0.280896
1585;0.225824;0.026624;0.282016
1586;0.213024;0.026624;0.288128
1587;0.195072;0.021504;0.231264
1588;0.210464;0.024576;0.27968
1589;0.166432;0.02048;0.228224
1590;0.451648;0.049152;0.552
1591;0.20128;0.023552;0.27136
1592;0.212096;0.026624;0.291552
1593;0.542752;0.060416;0.653696
1594;0.440448;0.050176;0.566464
1595;0.19184;0.022528;0.276576
1596;0.036192;0.008224;0.035712
1597;0.191712;0.023296;0.263584
1598;0.200192;0.024576;0.285024
1599;0.202368;0.0256;0.275744
1600;0.214752;0.028672;0.281152
1601;0.212864;0.026624;0.2896
1602;0.157216;0.021504;0.22224
1603;0.20656;0.024576;0.296448
1604;0.195008;0.02048;0.229952
1605;0.451296;0.050176;0.543264
1606;0.19184;0.023552;0.269312
1607;0.21664;0.026624;0.291232
1608;0.544576;0.060416;0.643264
1609;0.441568;0.050176;0.571872
1610;0.195584;0.022528;0.27632
1611;0.03616;0.008192;0.03568
1612;0.191552;0.023552;0.28032
1613;0.195392;0.024576;0.286048
1614;0.206528;0.0256;0.280352
1615;0.221152;0.026624;0.2912
1616;0.232448;0.026624;0.291168
1617;0.186176;0.021504;0.225344
1618;0.202016;0.024576;0.287104
1619;0.194688;0.02048;0.2312
1620;0.442112;0.050176;0.545664
1621;0.19184;0.023552;0.270624
1622;0.21392;0.026624;0.298528
1623;0.53648;0.06144;0.655392
1624;0.441216;0.050176;0.557504
1625;0.195552;0.022784;0.279456
1626;0.03616;0.008224;0.035744
1627;0.191616;0.023296;0.262976
1628;0.20016;0.024576;0.284032
1629;0.206112;0.027616;0.290368
1630;0.220704;0.026624;0.290208
1631;0.2128;0.026624;0.29344
1632;0.158208;0.021504;0.234016
1633;0.206464;0.024576;0.28224
1634;0.207616;0.02048;0.234592
1635;0.442112;0.049152;0.57024
1636;0.201088;0.024576;0.287552
1637;0.211808;0.026624;0.292608
1638;0.543648;0.06144;0.692608
1639;0.44256;0.050176;0.5544
1640;0.19152;0.022528;0.281568
1641;0.036192;0.008192;0.035712
1642;0.192256;0.023296;0.269728
1643;0.196128;0.024576;0.28416
1644;0.211296;0.0256;0.29088
1645;0.217184;0.026624;0.29072
1646;0.21696;0.026624;0.289952
1647;0.217216;0.021504;0.24208
1648;0.201312;0.024576;0.281792
1649;0.16624;0.021504;0.233216
1650;0.45152;0.049152;0.551808
1651;0.196288;0.023552;0.2816
1652;0.212064;0.026624;0.29072
1653;0.54304;0.06144;0.62512
1654;0.443232;0.050176;0.581024
1655;0.200672;0.023552;0.289888
1656;0.036192;0.008192;0.03568
1657;0.189536;0.023296;0.280032
1658;0.20064;0.024576;0.284128
1659;0.20304;0.0256;0.279648
1660;0.226272;0.026624;0.28976
1661;0.212896;0.026624;0.293696
1662;0.18512;0.021504;0.26208
1663;0.210528;0.024576;0.286144
1664;0.194688;0.020512;0.222816
1665;0.450304;0.049152;0.548736
1666;0.195296;0.026592;0.268864
1667;0.21712;0.026624;0.293632
1668;0.56176;0.06144;0.661472
1669;0.442624;0.050176;0.595264
1670;0.192672;0.023552;0.270944
1671;0.03616;0.008192;0.035904
1672;0.192288;0.023552;0.2736
1673;0.198464;0.024576;0.282656
1674;0.211232;0.0256;0.280896
1675;0.212512;0.026624;0.290208
1676;0.212832;0.026624;0.287872
1677;0.157248;0.021504;0.232512
1678;0.206368;0.024576;0.277888
1679;0.195168;0.02048;0.22176
1680;0.442112;0.049152;0.535392
1681;0.205504;0.023552;0.269824
1682;0.212032;0.026624;0.290592
1683;0.542944;0.06144;0.632448
1684;0.45088;0.050176;0.563104
1685;0.195136;0.022528;0.281088
1686;0.036192;0.008192;0.035712
1687;0.191744;0.023296;0.270304
1688;0.19536;0.024576;0.283712
1689;0.202336;0.0256;0.29296
1690;0.220736;0.026624;0.289664
1691;0.212544;0.026624;0.283808
1692;0.166528;0.021504;0.224256
1693;0.204096;0.024576;0.287584
1694;0.167264;0.02048;0.222496
1695;0.442112;0.049152;0.54496
1696;0.191872;0.023552;0.270848
1697;0.226208;0.026624;0.29328
1698;0.54304;0.060416;0.636768
1699;0.441568;0.050176;0.541984
1700;0.195584;0.023552;0.278432
1701;0.03616;0.008192;0.03568
1702;0.195648;0.02432;0.272768
1703;0.196416;0.024576;0.290656
1704;0.206112;0.0256;0.278592
1705;0.213888;0.026624;0.288928
1706;0.212672;0.026624;0.309696
1707;0.185696;0.021504;0.222752
1708;0.201184;0.024576;0.279712
1709;0.207712;0.02048;0.229952
1710;0.45968;0.050176;0.551744
1711;0.20464;0.023552;0.268352
1712;0.215936;0.026624;0.282016
1713;0.552448;0.06144;0.664992
1714;0.441056;0.050176;0.553728
1715;0.20064;0.023552;0.286848
1716;0.036192;0.008192;0.035808
1717;0.19136;0.023296;0.271168
1718;0.195328;0.024576;0.283648
1719;0.270944;0.0256;0.293792
1720;0.285344;0.026624;0.302816
1721;0.26784;0.026624;0.284
1722;0.208576;0.021504;0.234784
1723;0.384928;0.024576;0.346976
1724;0.197952;0.02048;0.222528
1725;0.679872;0.049152;0.53536
1726;0.25344;0.023552;0.262656
1727;0.285344;0.026624;0.309792
1728;0.76224;0.06144;0.648032
1729;0.620864;0.050176;0.559008
1730;0.278272;0.023552;0.291456
1731;0.03616;0.008416;0.03568
1732;0.331584;0.023552;0.281888
1733;0.25472;0.024576;0.287616
1734;0.295168;0.0256;0.313472
1735;0.322912;0.026624;0.313248
1736;0.373856;0.026624;0.294048
1737;0.19904;0.021504;0.224256
1738;0.340224;0.024576;0.282368
1739;0.240576;0.021504;0.22192
1740;0.619744;0.050176;0.545152
1741;0.26096;0.023744;0.299872
1742;0.37344;0.026624;0.323232
1743;0.764928;0.06144;0.647104
1744;0.627776;0.050176;0.548288
1745;0.31664;0.023552;0.291744
1746;0.036192;0.008192;0.035712
1747;0.251136;0.02352;0.283616
1748;0.361088;0.024576;0.3248
1749;0.306976;0.0256;0.2896
1750;0.27616;0.026624;0.283968
1751;0.277088;0.026624;0.280736
1752;0.235488;0.021504;0.23296
1753;0.260864;0.024576;0.283104
1754;0.199616;0.021504;0.224736
1755;0.600928;0.050176;0.52944
1756;0.250784;0.024576;0.270368
1757;0.29632;0.026624;0.293536
1758;0.734528;0.06144;0.65744
1759;0.676928;0.050176;0.563392
1760;0.25136;0.023552;0.273472
1761;0.03616;0.008192;0.03568
1762;0.251008;0.023296;0.274432
1763;0.254816;0.024576;0.286336
1764;0.2616;0.0256;0.282752
1765;0.285376;0.026624;0.292544
1766;0.271392;0.026624;0.318144
1767;0.207328;0.021504;0.242016
1768;0.279296;0.024576;0.273952
1769;0.208128;0.02048;0.222624
1770;0.629664;0.050176;0.553856
1771;0.288864;0.023552;0.310624
1772;0.272288;0.026624;0.28544
1773;0.883008;0.06144;0.650752
1774;0.794656;0.050176;0.545184
1775;0.261632;0.023552;0.302496
1776;0.03616;0.008224;0.035712
1777;0.314368;0.02336;0.301984
1778;0.274112;0.024576;0.30736
1779;0.261312;0.0256;0.299104
1780;0.283008;0.026624;0.292672
1781;0.297216;0.026624;0.3104
1782;0.1984;0.021504;0.234016
1783;0.2712;0.024576;0.292128
1784;0.199008;0.020704;0.22352
1785;0.688256;0.049152;0.557952
1786;0.260928;0.023552;0.286176
1787;0.338176;0.026624;0.320224
1788;0.74448;0.06144;0.638944
1789;0.68336;0.050176;1.15242
1790;0.252128;0.022528;0.300992
1791;0.03616;0.008192;0.035712
1792;0.251136;0.023552;0.284384
1793;0.255264;0.024576;0.268832
1794;0.260928;0.0256;0.283264
1795;0.280608;0.026624;0.292224
1796;0.274688;0.026784;0.293568
1797;0.2072;0.02048;0.241184
1798;0.270816;0.024576;0.291264
1799;0.226432;0.02048;0.22384
1800;0.610848;0.049152;0.566304
1801;0.25072;0.023552;0.262656
1802;0.329024;0.026624;0.325312
1803;0.755968;0.06144;0.98096
1804;0.65312;0.050176;1.14429
1805;0.2616;0.023552;0.30064
1806;0.03616;0.008192;0.035712
1807;0.302208;0.023296;0.272928
1808;0.274528;0.024576;0.28672
1809;0.260512;0.0256;0.278848
1810;0.293248;0.026624;0.311616
1811;0.286944;0.026624;0.300992
1812;0.208;0.021504;0.243776
1813;0.260864;0.024576;0.291584
1814;0.199008;0.02048;0.225024
1815;0.648192;0.049152;0.55504
1816;0.260032;0.023552;0.272352
1817;0.32688;0.026624;0.311008
1818;0.737056;0.06144;1.02499
1819;0.456064;0.050176;1.23312
1820;0.187616;0.022528;0.272224
1821;0.03616;0.008192;0.03568
1822;0.241312;0.023328;0.271744
1823;0.194784;0.024576;0.283968
1824;0.205696;0.0256;0.290912
1825;0.263936;0.026624;0.28912
1826;0.26288;0.026624;0.280416
1827;0.1864;0.02048;0.230464
1828;0.204256;0.024576;0.287872
1829;0.168224;0.02048;0.230688
1830;0.436416;0.050176;0.579936
1831;0.187968;0.023552;0.272864
1832;0.261888;0.026624;0.283008
1833;0.523808;0.06144;1.01971
1834;0.456352;0.050176;1.05459
1835;0.18832;0.022784;0.269184
1836;0.03616;0.008192;0.035712
1837;0.241536;0.023296;0.270144
1838;0.200096;0.024576;0.283008
1839;0.198144;0.0256;0.27424
1840;0.213824;0.026624;0.29104
1841;0.209632;0.026624;0.30848
1842;0.159872;0.021504;0.23296
1843;0.25104;0.024576;0.268096
1844;0.156832;0.02048;0.232352
1845;0.4312;0.049152;0.564832
1846;0.19616;0.023552;0.270624
1847;0.2128;0.026624;0.289824
1848;0.52896;0.06144;1.15997
1849;0.514336;0.050176;0.927136
1850;0.194848;0.023552;0.272544
1851;0.03616;0.008224;0.035712
1852;0.24128;0.023552;0.272224
1853;0.192192;0.024576;0.29632
1854;0.198112;0.0256;0.271648
1855;0.21376;0.026752;0.288672
1856;0.262624;0.026912;0.281952
1857;0.157792;0.021504;0.234048
1858;0.206304;0.024576;0.28016
1859;0.156416;0.02048;0.222816
1860;0.445664;0.050176;0.54432
1861;0.187936;0.024576;0.263168
1862;0.20976;0.026624;0.292128
1863;0.5328;0.060416;1.00454
1864;0.438208;0.050176;0.956128
1865;0.193376;0.022784;0.280672
1866;0.036544;0.008448;0.035712
1867;0.206176;0.023296;0.283616
1868;0.192192;0.024576;0.275488
1869;0.19888;0.0256;0.29296
1870;0.212672;0.02672;0.292576
1871;0.261536;0.026624;0.281888
1872;0.207968;0.021504;0.237568
1873;0.255616;0.024576;0.281248
1874;0.161888;0.020608;0.23232
2500;4.85557e-101;4.67248e-154;0.200032
2501;1.17824e-307;1.50071e-33;0.262176
2502;8.31097e-275;4.52541e-178;0.206912
2503;1.44728e-274;7.60708e+24;0.6544
2504;2.56735e-289;2.31384e-289;0.261152
2505;1.34695e-284;3.44476e-236;0.277792
2506;4.97253e-270;1.00559e-250;0.765664
2507;1.46729e-255;5.59691e-265;0.693312
2508;6.1565e-270;3.04637e-144;0.26912
2509;1.26945e-279;1.01198e-110;0.036064
2510;1.37812e-279;1.41243e+49;0.252
2511;2.34131e-260;5.23696e-197;0.27232
2512;1.00456e-250;3.10603e-91;0.261632
2513;9.51435e-227;1.34675e+54;0.295488
2514;2.83049e-236;4.99541e+164;0.294848
2515;2.09329e-91;4.69003e-260;0.240608
2516;7.1766e+179;5.25809e+87;0.260736
2517;1.99659e-38;1.0295e-168;0.198624
2518;1.38315e-177;1.04616e-163;0.63728
2519;1.33645e-201;173286;0.269856
2520;3.3054e+54;8.80191e+19;0.286944
2521;8.82772e+25;1.66853e-187;0.753984
2522;3.11559e-125;2.3787e+10;0.6568
2523;1.72584e-202;1.48316e-52;0.26992
2524;4.77487e-212;7.2113e-168;0.036128
2525;1.26804e-226;4.87547e-86;0.242592
2526;6.86684e-275;7.68121e-90;0.265696
2527;6.74169e-154;1.68669e-196;0.270112
2528;6.08846e-77;3.19115e-168;0.286848
2529;8.56842e-183;-5.62812e-297;0.285344
2530;1.06074e-172;4.42347e-139;0.198272
2531;3.35883e-173;2.01426e-250;0.261952
2532;1.88933e-162;5.92782e-183;0.207584
2533;1.20481e-240;8.66995e-110;0.604992
2534;6.13275e-284;-3.66391e-307;0.261696
2535;7.75212e-284;3.22187e+58;0.296864
2536;2.16673e-211;-3.051e-223;1.00315e-319
2537;5.26103e-178;1.01147e-80;8.10465e-320
2538;3.3902e-235;4.96871e+150;0.023552
2539;-4.20915e-216;4.44234e+75;0.008192
2540;9.98702e+54;-5.29886e+21;0.023296
2541;6.86855e+97;-3.54303e-137;0.024576
2542;7.54042e+111;8.34451e-246;0.0256
2543;1.38943e-259;2.75621e-47;0.026912
2544;1.21237e-110;-1.40739e-265;0.026624
2545;2.21675e-236;-1.22149e-305;0.021504
2546;1.9433e-221;-1.22429e-220;0.024576
2547;3.42766e-183;1.67203e+19;0.020512
2548;2.59165e+63;2.92272e+81;0.050176
2549;4.90041e-163;3.53725e+06;0.024576
2550;1.0776e-152;-5.98015e+129;0.026624
2551;3.98394e-242;2.99817e-228;0.062464
2552;8.43039e+155;-4.81771e+155;0.050176
2553;2.42404e-206;3.31753e-149;0.023552
2554;-6.95849e+168;5.47516e-158;0.008192
2555;4.53717e-288;-2.4865e-269;0.023552
2556;1.40049e-17;2.06188e-47;0.024576
2557;8.64614e-274;2.35852e-119;0.0256
2558;-6.09723e-191;1.1012e+141;0.026624
2559;2.47443e-27;-1.95978e-259;0.026848
2560;-1.55103e+98;5.22289e-183;0.021504
2561;-1.51278e+206;3.10529e-24;0.024576
2562;-6.76538e-13;5.86677e-96;0.021504
2563;2.82e+263;1.30997e+213;0.050176
2564;-6.28615e+113;-1.17455e+252;0.024576
2565;7.72798e+280;-2.93902e+35;0.026624
2566;-3.6817e+157;-7.04742e+283;0.06144
2567;7.99268e-289;3.82974e+30;0.0512
2568;4.27458e-260;1.14233e+267;0.023552
2569;-0.33448;3.84593e-278;0.008192
2570;1.27929e-156;4.40324e-289;0.023552
2571;3.32477e-167;3.38836e-154;0.024576
2572;1.07254e+220;1.96003e-62;0.0256
2573;4.94014e+228;2.43353e+79;0.026624
2574;1.10288e+141;2.0408e-240;0.026624
2575;1.98956e+149;5.15436e-09;0.021504
2576;3.03634e+52;1.98982e+233;0.024576
2577;1.1252e+237;1.50803e-120;0.02048
2578;9.64528e+15;1.14033e+107;0.050176
2579;-1.92589e-148;1.28101e-167;0.023552
2580;1.04559e-110;8.24957e-294;0.026784
2581;1.47442e-202;2.61082e-284;0.06144
2582;7.93574e+88;2.27066e-255;0.0512
2583;4.75248e+174;4.9956e-217;0.022528
2584;1.46617e-168;3.63855e-43;0.008192
2585;1.61259e-86;7.46504e-65;0.023296
2586;2.41666e-110;-4.34128e+136;0.024576
2587;3.4616e-260;7.75854e-260;0.025664
2588;4.88241e-159;8.12723e-53;0.026624
2589;4.26444e+83;5.08767e-29;0.026624
2590;3.30194e+06;2.40392e+06;0.021504
2591;-3.51145e+82;7.01124e+140;0.02464
2592;4.85249e+248;6.58939e-106;0.02048
2593;2.00812e-134;1.60542e+132;0.050176
2594;3.03393e-187;4.28975e-183;0.024576
2595;2.74642e-86;5.17373e-96;0.026624
2596;4.75603e+92;1.89938e-183;0.06144
2597;3.00373e-67;4.1308e-241;0.050176
2598;8.73965e-19;1.26781e-250;0.023552
2599;4.08597e-19;2.17484e-231;0.008192
2600;2.44824e-260;1.01275e-274;0.02432
2601;1.55508e-303;4.97901e-270;0.024576
2602;6.40239e-270;3.08344e-289;0.0256
2603;6.34914e-217;2.0931e-308;0.026816
2604;1.79484e-168;5.92084e-270;0.026624
2605;1.36243e+256;4.26363e-270;0.023552
2606;3.92753e+58;2.97628e-212;0.024576
2607;1.52147e-134;5.6801e-299;0.022528
2608;1.13704e-269;4.11548e-294;0.050176
2609;1.70745e-192;5.97524e-299;0.023552
2610;1.95301e-274;7.30536e-304;0.029632
2611;6.2116e-62;3.32723e-294;0.06144
2612;4.0143e+233;2.84705e-260;0.050176
2613;1.82706e+10;6.87562e-270;0.022528
2614;1.84249e-33;3.10449e+15;0.008256
2615;2.10351e-284;1.85838e-178;0.02432
2616;1.5154e-284;1.29346e+64;0.024576
2617;8.08096e-299;7.22924e-168;0.0256
2618;9.70566e-222;5.97602e-212;0.026624
2619;3.94114e-241;3.54504e-38;0.029536
2620;1.04278e-163;1.77757e-67;0.021504
2621;4.33843e-308;3.26233e-264;0.024576
2622;1.53363e-255;3.60688e-85;0.021504
2623;3.19894e-284;4.5434;0.049152
2624;2.01977e-284;9.70155e-222;0.023552
2625;2.01911e-284;9.10908e-174;0.026624
2626;1.59749e-284;1.224e-250;0.06144
2627;5.28676e-294;1.61597e-231;0.050176
2628;1.59814e-284;4.69391e-241;0.023552
2629;6.63713e-270;2.07233e-234;0.008192
2630;1.00508e-250;5.49454e+299;0.023552
2631;1.73369e-255;3.27154e-125;0.024576
2632;3.21018e-289;5.53273e-187;0.0256
2633;1.95091e-207;1.83232e+34;0.026624
2634;1.58422e-226;1.69303e+102;0.026624
2635;1.70092e-18;1.73671e-274;0.021504
2636;1.64419e-62;2.62354e+92;0.024576
2637;1.8584e-202;7.89839e-241;0.02048
2638;8.91599e-159;1.4935e-245;0.050176
2639;7.15883e-178;6.37424e+24;0.023552
2640;4.85446e+15;8.94868e+174;0.026624
2641;8.87459e+35;1.0299e+117;0.06144
2642;2.6632e-125;1.29111e-143;0.050176
2643;2.71154e-183;3.65562e-76;0.023552
2644;2.03486e-260;5.30087e-120;0.008192
2645;2.10284e-284;1.10582e-134;0.02336
2646;1.21328e-279;9.27006e-125;0.024576
2647;1.50815e+44;4.76679e+116;0.0256
2648;2.62472e-250;1.61827e-144;0.026624
2649;6.78034;4.1675e-24;0.026624
2650;4.86242e-85;1.32014e-182;0.02048
2651;5.32879e-58;7.11329e-154;0.024576
2652;1.47391e-172;3.47538e-221;0.02048
2653;5.66853e-173;8.02966e-76;0.049152
2654;1.00267e-269;5.4621e+156;0.024576
2655;3.35306e-57;1.3214e+49;0.026624
2656;7.48562e-255;-3.04625e-264;0.06144
2657;4.72346e-183;1.27703e-80;0.050176
2658;1.1379e-201;3.77539e-67;0.023552
2659;3.69157e+306;-7.07767e-244;0.008192
2660;1.72947e-153;-6.20234e-108;0.02336
2661;1.02121e-225;-3.96233e-135;0.024576
2662;1.76139e-96;2.59663e-231;0.0256
2663;1.68238e-52;0.000162099;0.026624
2664;4.17147e-144;1.51187e-105;0.026624
2665;2.1739e-202;1.24872e-26;0.021504
2666;8.92228e-120;-7.4365e-53;0.024576
2667;4.68895e-207;3.43687e-50;0.02048
2668;1.09639e-240;-4.14654e+188;0.049376
2669;5.16276e-96;4.6139e-236;0.023776
2670;3.13761e+15;1.53852e+109;0.026624
2671;-2.96975e+221;2.3585e-71;0.06144
2672;9.07262e-124;-2.19296e+265;0.050176
2673;2.28365e+16;20.2191;0.023552
2674;2.1707e+302;3.21049e-57;0.008192
2675;7.56555e-24;1.79685e+175;0.023296
2676;3.47081e+40;1.40251e+78;0.024576
2677;3.97428e-265;5.20757e-130;0.0256
2678;1.16323e+166;9.53927e-183;0.026624
2679;-2.25302e-306;5.31636e+106;0.026624
2680;2.5868e+17;4.55968e-43;0.021504
2681;6.09452e-299;2.45219e-149;0.024576
2682;3.74111e-271;8.38719e+159;0.02048
2683;2.05222e-09;6.70019e+77;0.049152
2684;4.95591e-102;3.67449e-218;0.023552
2685;-1.86243e-233;1.49346e+41;0.026752
2686;1.50436e+74;0.000362496;0.06144
2687;8.79315e-241;5.15354e+207;0.050176
2688;6.66596e-236;1.33982e-225;0.022816
2689;1.45313e+277;4.84564e+85;0.008192
2690;1.23852e+109;5.26772e-207;0.023552
2691;6.03508e-29;1.17581e-177;0.027552
2692;2.03112e-172;1.03984e-158;0.0256
2693;6.24918e-124;2.32879e-67;0.026624
2694;1.08854e+223;4.28561e-159;0.026624
2695;-1.03053e+272;4.22509e+111;0.021504
2696;-1.57222e-102;3.76328e-134;0.024576
2697;3.55743e+49;2.08214e-91;0.02048
2698;1.06759e-114;-8.9909e+42;0.050176
2699;-1.28261e+102;4.40064e+101;0.023552
2700;4.13503e+150;1.91657e-226;0.026624
2701;2.44066e-207;4.03597e-265;0.06144
2702;3.99642e-167;1.66656e-255;0.050176
2703;9.5915e-178;3.1571e-260;0.023552
2704;3.86892e-250;5.05456e+136;0.008224
2705;1.06605e-226;-2.36473e-181;0.022528
2706;7.97211e-111;1.30915e-182;0.024576
2707;1.09079e-245;1.99577e-96;0.0256
2708;9.28632e-145;5.44701e-159;0.026624
2709;1.22302e+117;4.62932e-19;0.026624
2710;3.25824e-52;4.14568e-48;0.021504
2711;3.32831e+303;1.12415e-27;0.024576
2712;2.51955e-238;1.56803e-163;0.021504
2713;1.429e-192;6.64755e+97;0.049152
2714;4.26033e-168;7.2066e-101;0.023552
2715;8.80279e+82;3.95216e+170;0.026624
2716;2.98329e+21;1.22687e-187;0.06144
2717;1.6848e-52;1.3744e-226;0.050176
2718;-3.82064e-176;8.31097e-275;0.022528
2719;8.30224e-101;1.73342e-255;0.008192
2720;5.06395e-212;8.31381e-275;0.023296
2721;8.67679e-174;1.32433e-279;0.024576
2722;6.58356e-246;7.46962e-299;0.0256
2723;5.81719e-241;2.09201e-308;0.026624
2724;5.39472e-212;3.46522e-289;0.026624
2725;4.74766e+97;1.43035e-284;0.02048
2726;5.3585e-168;2.6446e-260;0.024736
2727;9.25156e+39;7.9542e-275;0.02048
2728;2.64736e-178;8.6725e-304;0.050176
2729;1.08894e-163;5.97291e-299;0.023552
2730;4.63067e-289;1.43415e-309;0.026624
2731;2.95829e+179;9.11568e-304;0.06144
2732;3.82405e-62;8.06143e-270;0.050176
2733;2.75936e+53;2.52742e-284;0.022528
2734;5.05522e-125;3.33773e+20;0.008192
2735;9.00995e-222;8.27471e-241;0.023296
2736;1.93669e-284;1.27913e+15;0.024576
2737;1.60102e-255;4.25923e+73;0.0256
2738;1.14147e-269;3.74446e+251;0.026624
2739;2.44335e-260;2.39141e+39;0.026624
2740;6.51861e-275;1.61968e+10;0.021504
2741;7.59898e-308;8.38235e-159;0.024576
2742;2.74822e-260;1.745e+150;0.02048
2743;4.36511e-289;1.85075e-115;0.049152
2744;2.05227e-289;2.17539e-202;0.024576
2745;7.77296e-299;6.31009e-193;0.026624
2746;3.13151e-294;2.86862e-284;0.06144
2747;3.08041e-289;7.2985e-222;0.050176
2748;1.26815e-279;1.22331e-250;0.022528
2749;3.91822e-294;0.00419463;0.008224
2750;2.56785e-289;1.75471e+276;0.023552
2751;8.74142e-251;6.52824e-164;0.024576
2752;6.63995e-270;2.2087e+247;0.0256
2753;6.86442e-193;1.09104e-216;0.026624
2754;7.10484e-270;1.03706e-105;0.026624
2755;5.3157e-81;5.49152e-173;0.021504
2756;1.14598e-259;3.02823e-77;0.024576
2757;9.2031e-125;1.66618e-274;0.02048
2758;9.24366e-255;2.3694e-221;0.049152
2759;4.6504e-82;8.10585e+43;0.023552
2760;1.80065e-202;1.73964e+65;0.026624
2761;2.92403e+122;8.14855e-19;0.06144
2762;6.31017e-169;6.75438e-289;0.050176
2763;1.53222e-202;2.69121e-115;0.022784
2764;1.00446e-221;2.70321e-33;0.008192
2765;3.4181e-265;6.90639e-269;0.023296
2766;8.30481e-222;8.57606e-87;0.024576
2767;1.94582e+232;1.4303e+194;0.0256
2768;9.2253e-24;1.70028e-144;0.026624
2769;22.2034;3.85947e-125;0.026624
2770;1.81882e+88;1.89884e-149;0.021504
2771;6.93421e-62;4.87478e+24;0.024576
2772;5.50018e-216;2.77413e-101;0.02048
2773;3.11166e-259;5.48523e+84;0.049152
2774;1.00333e-110;5.27123e+281;0.023552
2775;1.72096e-28;8.61054e+253;0.026624
2776;8.97819e-207;2.2404e+214;0.06144
2777;4.79963e-82;1.59651e-71;0.050176
2778;2.09656e-57;5.81361e-14;0.022816
2779;8.64593e-31;7.97578e-25;0.008192
2780;3.74908e-96;2.11646e+177;0.023296
2781;1.00307e-52;5.79365e-204;0.024576
2782;1.07241e-67;1.30407e-100;0.0256
2783;3.92175e-85;3.32204e-163;0.026624
2784;2.78216e-139;7.46072e-67;0.026624
2785;4.47417e-135;5.66323e-149;0.021504
2786;9.50367e-264;-1.81874e-40;0.024576
2787;3.61792e-58;2.24873e+151;0.02048
2788;3.73531e-231;-1.73808e+196;0.049152
2789;2.4158e-33;5.44134e+161;0.024576
2790;2.09778e+21;-6.13761e+289;0.026624
2791;8.63328e-91;-3.99877e-104;0.06144
2792;1.7209e+169;-3.42509e+44;0.050176
2793;7.98961e-134;1.05128e+35;0.023552
2794;1.11529e+107;1.69214e-09;0.008192
2795;1.59861e-09;1.48446e+228;0.023296
2796;5.21906e-257;4.7546e+16;0.024576
2797;-3.51712e+61;3.61727e-58;0.0256
2798;5.92864e+253;0.000355015;0.026752
2799;-3.97193e-302;1.42682e+117;0.026624
2800;3.51355e-171;2.16106e-120;0.02048
2801;-5.47771e-07;1.94436e-221;0.024576
2802;6.5434e-176;4.00484e+294;0.02048
2803;4.14019e-187;3.79175e+136;0.049152
2804;-1.38078e-175;6.89491e+10;0.024576
2805;4.92805e-281;-7.33314e+105;0.026624
2806;700691;-1.09984e-131;0.06144
2807;3.40327e+09;1.35623e+30;0.050176
2808;1.25712e-197;6.95075e+248;0.023552
2809;7.9386e-111;2.59607e+230;0.008192
2810;5.16305e+94;9.68235e-198;0.023552
2811;4.75263e-85;6.1441e+29;0.024576
2812;4.98418e-134;2.46439e-187;0.0256
2813;4.25248e-225;6.29505e-53;0.026624
2814;3.24851e+49;5.17057e-149;0.026624
2815;-1.34181e-19;1.50724e+190;0.021504
2816;8.05636e+197;2.19842e-24;0.024576
2817;-1.54494e-132;-7.94886e+149;0.02048
2818;8.43526e+63;7.58317e+181;0.050176
2819;-3.12004e-211;3.82501e-76;0.023552
2820;1.77559e+93;1.00647e-139;0.026624
2821;3.95211e-241;8.22579e-193;0.06144
2822;2.96018e-205;9.75939e-275;0.050176
2823;0.000229658;3.86966e-260;0.022528
2824;7.14735e-159;9.78984e+54;0.009216
2825;2.93686e-207;5.10519e+213;0.022528
2826;2.25427e-144;6.28685e+69;0.024576
2827;1.24809e-124;1.12477e-274;0.0256
2828;3.46065e-202;3.2749e-125;0.026624
2829;2.22856e+34;1.77958e-149;0.026784
2830;1.17096e-76;1.16879e-120;0.021504
2831;2.51587e-62;3.73423e-201;0.024576
2832;1.25549e+205;2.54686e-168;0.021504
2833;1.34695e-62;1.33362e+73;0.050176
2834;2.54553e-250;1.30488e-187;0.023776
2835;8.00815e-57;3.38421e+130;0.026624
2836;1.11035e+73;2.53806e-173;0.06144
2837;1.86618e+150;7.46273e-265;0.050176
2838;8.40228e-222;4.6939e-241;0.022528
2839;9.7326e+166;5.68363e-299;0.008192
2840;1.79778e-226;9.57673e-304;0.023296
2841;5.23447e-188;7.76713e-299;0.024576
2842;8.32373e-275;1.04958e-250;0.0256
2843;3.56805e-212;8.37688e-309;0.026624
2844;8.71958e+173;1.21414e-279;0.026624
2845;7.60763e+146;2.43858e-289;0.021504
2846;6.6099e-193;2.95025e-260;0.024864
2847;8.2105e-130;1.80028e-255;0.02048
2848;4.04338e-226;2.18606e-289;0.049152
2849;4.99064e+64;2.69411e-289;0.023552
2850;7.70179e-72;4.21013e-309;0.026624
2851;2.40458e-57;1.04736e-279;0.06144
2852;1.71846e-153;4.11257e-289;0.050176
2853;5.65942e-183;3.47223e-289;0.022816
2854;3.86279e-250;0.000492574;0.008192
2855;8.59481e-246;1.72233e-173;0.023552
2856;7.95841e-275;3.20138e-115;0.024576
2857;3.56833e-265;8.71146e+63;0.0256
2858;8.60057e-207;1.27501e-80;0.026624
2859;1.13429e-255;8.87851e-92;0.026624
2860;2.00061e-255;1.20856e+54;0.02048
2861;7.56406e-308;7.5447e-81;0.024576
2862;6.15651e-270;8.00059e+29;0.02048
2863;1.08369e-274;5.95614e-212;0.050176
2864;3.13151e-294;1.66098e-221;0.023552
2865;6.87584e-299;1.39966e-255;0.026624
2866;7.29112e-304;1.31265e-250;0.06144
2867;2.56785e-289;1.06069e-226;0.050176
2868;8.67483e-275;4.92289e-236;0.022528
2869;3.52526e-294;6.60791e+108;0.008192
2870;2.01845e-284;4.01476e-109;0.023552
2871;1.76727e-284;5.23876e-188;0.024576
2872;2.18855e-284;2.08939e+98;0.0256
2873;6.01925e-246;1.08964e-95;0.026624
2874;1.47142e-202;1.80984e+44;0.026624
2875;7.63967e-149;2.66757e-226;0.021504
2876;5.97935e-72;1.08245e-110;0.024576
2877;3.69534e+83;2.24468e-274;0.02048
2878;1.95935e-71;3.42191e-231;0.049152
2879;1.31634e+94;8.75087e+29;0.023552
2880;1.98556e-105;8.47539e-42;0.026624
2881;2.51303e+45;4.39797e+252;0.06144
2882;1.00622e-187;8.07865e-212;0.050176
2883;1.46705e-173;9.40455e+178;0.022528
2884;4.35395e-265;3.13807e+15;0.008192
2885;4.51083e-241;1.49109e+21;0.023296
2886;5.75569e-193;8.74049e+53;0.024576
2887;4.89739e+237;9.02454e+198;0.0256
2888;1.04902e-23;2.66858e+184;0.026624
2889;5.50905e-19;5.51329e-226;0.026624
2890;6.24043e-38;8.51896e-193;0.021504
2891;9.16273e+193;3.13506e-52;0.024576
2892;1.03974e+112;4.65047e-101;0.020608
2893;4.16024e-158;1.4131e+242;0.049152
2894;1.40147e-168;1.0842e+199;0.023552
2895;1.98383e-105;-3.3378e-171;0.026624
2896;3.55387e-158;4.11636e-224;0.06144
2897;1.61372e-264;9.44999e-187;0.050176
2898;1.46922e-86;5.93962e-192;0.022528
2899;2.32278e+169;1.7669e+254;0.008192
2900;2.60485e+54;-3.8107e-223;0.022752
2901;-5.42947e-250;1.85565e+110;0.024576
2902;2.83548e-72;1.29465e-23;0.0256
2903;4.48873e-173;6.04524e+34;0.026624
2904;-1.70896e-257;8.61974e-154;0.026624
2905;9.2555e-82;1.33036e+98;0.021504
2906;1.48637e-71;4.58714e-77;0.024576
2907;1.56052e+68;-5.06643e-177;0.02048
2908;4.55887e-211;-1.789e-292;0.049152
2909;3.99517e-72;-1.55438e+261;0.023552
2910;8.60651e-101;1.03632e+63;0.026624
2911;-3.45791e-86;7.03921e-107;0.06144
2912;7.12526e-87;-3.6467e-33;0.0512
2913;1.19057e+194;5.29191e-86;0.022784
2914;-2.69191e-64;4.24206e-106;0.008224
2915;6.38956;7.31155e+16;0.02336
2916;-8.80249e+36;-1.39152e-210;0.024576
2917;-2.78465e-259;2.13097e-177;0.0256
2918;7.73297e+34;1.34293e+155;0.026624
2919;2.59945e+108;1.36651e+261;0.026624
2920;1.14839e-55;7.93157e+24;0.021504
2921;-6.19467e+83;3.08341e-183;0.024576
2922;1.01017e+242;-3.43323e-48;0.02048
2923;6.27131e-91;-9.90052e-17;0.049152
2924;5.42436e+25;2.58101e-48;0.023552
2925;2.29212e-163;-4.52635e+108;0.026624
2926;-1.77973e+280;5.91397e-62;0.06144
2927;1.64044e-56;3.30899e+271;0.050176
2928;2.70917e-289;2.22785e-14;0.023552
2929;-5.0704e-48;1.09184e+27;0.008192
2930;8.14755e-32;1.25875e-158;0.023552
2931;-2.09451e-230;2.24409e-207;0.024576
2932;7.43295e-159;2.74048e-187;0.0256
2933;4.71698e-42;4.04052e+82;0.026624
2934;7.91014e+111;9.89504e-82;0.026624
2935;-1.41479e+262;9.87036e+160;0.021504
2936;3.26525e+90;6.43543e+24;0.024576
2937;8.24656e-168;-2.41511e+96;0.02048
2938;2.41352e+93;-3.41879e+109;0.050176
2939;7.28259e-09;2.16483e-187;0.023552
2940;0.000137963;1.72448e-168;0.026624
2941;2.1945e-284;2.43303e-226;0.060416
2942;1.22022e+89;4.03776e-265;0.050176
2943;958478;1.00393e-221;0.022528
2944;4.01371e-144;1.86524e-56;0.009216
2945;2.73498e-207;4.15486e+11;0.023296
2946;6.56223e-53;8.66492e-101;0.024576
2947;2.45027e-76;8.623e-246;0.0256
2948;1.98549e-202;1.64711e-226;0.026624
2949;5.07774e-212;5.37257e-212;0.026624
2950;1.07667e-114;2.19124e-231;0.021504
2951;-5.69638e+26;3.70829e-178;0.024576
2952;-1.56941e+240;9.59401e-82;0.02048
2953;1.11926e+30;2.35428e-09;0.049152
2954;6.30175e-164;8.35481e-222;0.024576
2955;3.128e-158;4.62623e+117;0.026624
2956;6.58176e+161;1.65118e-120;0.06144
2957;2.7349e+126;9.97719e-270;0.050176
2958;2.30063e-18;7.957e-275;0.023552
2959;3.98444e+295;1.59946e-284;0.009216
2960;1.5942e-197;2.31031e-289;0.02352
2961;2.44336e-260;9.76502e-275;0.024576
2962;3.5681e-236;1.85342e-231;0.0256
2963;1.53296e-202;9.75662e-309;0.026624
2964;-2.91818e+136;1.93601e-260;0.026624
2965;2.71546e-24;6.27155e-299;0.021504
2966;2.69866e-67;1.53269e-226;0.024576
2967;1.1362e-250;3.91822e-294;0.02048
2968;1.7639e+103;4.0335e-270;0.050176
2969;3.73386e-202;5.68143e-270;0.023552
2970;4.90455e+68;5.58993e-309;0.026624
2971;8.06362e-145;6.14331e-275;0.060416
2972;1.59948e-47;1.08397e-274;0.050176
2973;2.46758e-274;9.05281e-275;0.022528
2974;7.03529e-217;2.35952e-95;0.008192
2975;3.06704e-226;2.82998e-207;0.023328
2976;1.37876e-279;3.96446e-14;0.024576
2977;1.48809e-250;1.16742e-240;0.0256
2978;4.6801e-236;7.7746e-178;0.026624
2979;6.39312e-270;3.07588e-115;0.026624
2980;4.8796e-246;1.18896e-08;0.021504
2981;6.27466e-307;2.27057e-124;0.024576
2982;7.22645e-275;3.15718e-163;0.02048
2983;5.67868e-270;8.88756e-246;0.049152
2984;7.29112e-304;1.05889e-293;0.023808
2985;1.59749e-284;2.69565e-289;0.026624
2986;7.29112e-304;3.4414e-236;0.06144
2987;3.33183e-294;8.3169e-251;0.050176
2988;7.58888e-275;1.47992e-226;0.022528
2989;3.32954e-294;4.71586e-163;0.008192
2990;8.31378e-275;2.40989e-123;0.023552
2991;2.44017e-260;1.15649e-105;0.024576
2992;6.63902e-270;4.02163e+175;0.0256
2993;3.32287e-236;4.98383e+10;0.026624
2994;2.26009e-231;6.82115e-71;0.026624
2995;0.000200846;4.2297e-250;0.02048
2996;1.02254e-114;4.95496e-178;0.024576
2997;1.13977e-264;5.93373e-265;0.02048
2998;4.50178e-53;3.23731e-289;0.050176
2999;1.87288e-24;4.63185e-153;0.023552
3000;3.33049e+35;2.18217e-48;0.026624
3001;2.09042e-129;8.97397e-135;0.06144
3002;1.87612e-240;6.26969e-86;0.050176
3003;7.97519e-169;8.11776e-33;0.02272
3004;6.87838e-270;3.2212e-24;0.008224
3005;5.44373e-241;-1.44961e-239;0.023552
3006;2.82777e-212;2.23078e-149;0.024576
3007;1.08462e+199;5.28522e+126;0.0256
3008;1.25872e-124;8.33149e-82;0.026624
3009;1.00248e-76;1.655e-187;0.026624
3010;6.24852e+19;1.17875e-182;0.021504
3011;-5.82851e-229;7.69903e-226;0.024576
3012;9.59303e+260;5.50043e-207;0.02048
3013;1.20063e-249;1.89384e-182;0.04928
3014;4.83615e-265;2.47385e-148;0.024576
3015;3.0367e+06;-6.75819e-06;0.026624
3016;4.24941e+82;1.88461e+08;0.06144
3017;9.18566e-111;9.10365e+223;0.050176
3018;1.18668e-250;6.49045e-173;0.023552
3019;2.25257e-128;-9.72909e+21;0.009216
3020;8.47206e-149;2.91678e+93;0.023552
3021;1.60806e+257;9.53544e+73;0.0256
3022;5.98118e-19;5.25528e-51;0.0256
3023;1.42154e-61;1.59026e+275;0.026624
3024;5.45331e+256;1.43594e-139;0.026624
3025;3.33939e-255;4.57055e+63;0.02048
3026;4.5223e-260;2.65297e-112;0.024576
3027;4.94399e-91;1.61907e+129;0.02048
3028;8.25508e-34;6.0741e+151;0.049152
3029;9.55909e-269;8.9989e-129;0.023552
3030;1.54572e-168;3.04689e-134;0.026624
3031;12.0396;-3.08466e-208;0.06144
3032;7.40451e+281;-5.5551e+10;0.050176
3033;1.18874e-182;4.13954e+63;0.022784
3034;1.18315e-195;6.93296e-82;0.009216
3035;1.19036e-76;-5.16086e-239;0.023328
3036;7.24967e+212;-2.10465e-128;0.024576
3037;1.53816e-27;1.16879e-33;0.025728
3038;-7.89604e+192;1.20418e-153;0.026624
3039;-1.71576e-296;1.42961e+121;0.026624
3040;6.87499e-18;1.32801e-172;0.021504
3041;-9.1114e-169;2.01826e-86;0.024576
3042;9.45537e+59;-2.15951e+296;0.021504
3043;2.58723e-133;2.28867e+146;0.049344
3044;3.94518e+276;-1.79246e-153;0.024576
3045;-8.41792e-306;-2.35627e-290;0.026624
3046;-2.433e+74;5.61186e+238;0.06144
3047;6.2036e-99;-2.23161e-80;0.050176
3048;1.70356e-96;2.07803e+55;0.022528
3049;-8.35835e+31;2.41931e-161;0.008192
3050;2.69557e+10;7.16907e-246;0.023552
3051;2.38226e+300;1.32876e-168;0.024576
3052;1.2895e-100;1.50483e-153;0.0256
3053;1.68844e+224;5.22089e+24;0.026624
3054;-1.27545e-66;4.07547e-33;0.026624
3055;5.6947e-140;3.62268e+111;0.021504
3056;2.76419e-55;2.29995e-125;0.024576
3057;-2.01948e-186;-1.37265e-102;0.020608
3058;5.64564e-77;3.20882e-280;0.049344
3059;1.09835e+242;7.91346e-188;0.023552
3060;2.17911e+63;1.50637e-120;0.026624
3061;1.8729e-255;3.84843e-125;0.06144
3062;1.05203e+150;3.88087e-265;0.050176
3063;8.74456e-182;2.23824e-154;0.023552
3064;1.66007e-96;5.49659e-207;0.008192
3065;1.30767e-274;7.43406e-207;0.022528
3066;1.26746e-76;1.1658e-240;0.024576
3067;7.68451e-38;1.04888e-274;0.0256
3068;1.70594e-192;0.000153548;0.026624
3069;1.23468e-96;6.02653e-154;0.026624
3070;3.13003e-207;6.53289e-188;0.021504
3071;9.73672e-237;3.56678e-154;0.024576
3072;1.00771e+99;9.94252e-08;0.021504
3073;6.93947e-134;6.65862e-207;0.049152
3074;1.45622e-28;7.16212e-236;0.024576
3075;5.6199e-67;2.25097e-42;0.026624
3076;5.18576e-96;2.22649e-226;0.06144
3077;3.55292e-148;4.21574e-236;0.050176
3078;5.04486e-197;1.3241e-279;0.023552
3079;3.09874e-249;2.82488e-289;0.008192
3080;1.08453e-274;7.22222e-275;0.02432
3081;1.26747e-250;5.21841e-270;0.024576
3082;6.87748e-270;3.15232e-260;0.0256
3083;5.43264e-164;1.95076e-308;0.026624
3084;3.08411e+287;3.94771e-241;0.026624
3085;2.28254e-71;6.87234e-299;0.021248
3086;4.69698e-231;3.87089e-212;0.024576
3087;9.08356e-130;7.73103e-246;0.02048
3088;8.85902e-19;1.26853e-255;0.050176
3089;2.65373e-260;4.18979e-265;0.023552
3090;4.79501e-58;5.5845e-309;0.026624
3091;8.16544e-52;6.8654e-275;0.06144
3092;5.53958e-05;5.06222e-241;0.050176
3093;1.92224e-202;1.21692e-226;0.023552
3094;1.76661e-96;5.26359e-264;0.008192
3095;5.07395e-241;9.74805e+58;0.023552
3096;1.6376e-226;4.58439e-182;0.024576
3097;7.1085e-270;5.50536e-193;0.0256
3098;1.47952e-226;1.10555e-192;0.026624
3099;5.14074e-289;2.02593e-144;0.026624
3100;1.93323e-255;4.36387e+203;0.021504
3101;2.34509e-307;1.5994e-201;0.024576
3102;5.92175e-270;3.76924e+39;0.020608
3103;9.36967e-280;1.14259e-269;0.050176
3104;7.29112e-304;6.01485e-159;0.024576
3105;4.26178e-270;7.73028e-217;0.026624
3106;3.13151e-294;1.12007e-274;0.06144
3107;4.3089e-294;8.37141e-299;0.050176
3108;2.43908e-289;2.24139e-207;0.023552
3109;3.13152e-294;4.02107e-255;0.008192
3110;5.44852e-270;6.0196e+87;0.023552
3111;9.57855e-304;6.5558e+82;0.024576
3112;9.77289e-309;1.12166e+137;0.0256
3113;1.21589e-226;8.41671e+29;0.026624
3114;6.39686e-270;1.18368e-142;0.026624
3115;9.56575e+233;1.39736e-259;0.021504
3116;1.16567e-67;4.02276e-221;0.024576
3117;2.34685e-192;8.34456e-246;0.02048
3118;8.55464e-120;3.6982e-260;0.049344
3119;1.16733e-133;9.05259e-288;0.023552
3120;6.64848e+97;6.86546e-178;0.026624
3121;2.04561e-206;1.86817e+78;0.06144
3122;2.65339e-269;2.63409e-178;0.050176
3123;9.23475e-145;6.57909e-188;0.023552
3124;4.31972e-241;1.09123e-18;0.009216
3750;3.57278e-32;7.07321e+130;0.026624
3751;1.52173e-18;4.36064e-274;0.06144
3752;2.12097e+136;1.07883e-221;0.050176
3753;7.03252e+189;-1.94639e-74;0.022784
3754;-1.32274e-114;2.78687e-187;0.009216
3755;2.233e-187;4.48419e-137;0.023296
3756;1.61707e+73;9.6638e-87;0.024576
3757;1.13304e+126;1.74557e-100;0.0256
3758;6.19421e+249;7.2521e+304;0.026624
3759;2.73912e-71;5.77825e+146;0.026624
3760;1.44486e-79;1.0696e+261;0.021504
3761;4.4411e+200;1.60561e-57;0.024576
3762;-1.77161e+136;1.13936e-08;0.02048
3763;-1.2556e-253;8.58894e-124;0.049152
3764;-2.2629e-123;-5.03845e-94;0.023552
3765;-4.42333e+63;5.58852e+194;0.026624
3766;-3.36523e+148;-3.87241e+245;0.06144
3767;3.94519e-101;5.15102e-75;0.050176
3768;-7.44281e-121;-2.52913e-51;0.022528
3769;3.70777e-47;5.44368e-239;0.008192
3770;2.61507e+233;8.67292e+63;0.023552
3771;5.83688e+63;3.52605e-294;0.024576
3772;1.04505e-08;1.6565e-81;0.0256
3773;-7.56246e-167;5.61357e-135;0.026624
3774;4.82156e+285;2.10942e+102;0.026624
3775;6.22861e-290;-4.93875e-251;0.021504
3776;3.8175e-143;3.50672e-120;0.024576
3777;5.00908e-187;-31.2191;0.02048
3778;1.60925e-144;4.32331e-101;0.049152
3779;-2.44673e-101;2.86382e-226;0.024576
3780;1.23297e-277;1.05675e-250;0.026624
3781;1.04154e-192;1.9322e-255;0.060416
3782;7.59378e+111;3.71286e-125;0.050176
3783;5.66932e-125;-4.86205e-188;0.023552
3784;-6.40291e-88;5.35109e+272;0.008416
3785;1.48138e-226;4.18685e+252;0.023296
3786;1.62992e-173;2.10825e+11;0.024576
3787;1.13705e-216;9.93309e-149;0.0256
3788;5.04515e+54;1.00677e-221;0.022784
3789;7.87001e-245;7.37443e-110;0.008192
3790;1.5237e+152;6.31654e-140;0.023552
3791;6.12463e+82;1.74215e-177;0.024576
3792;4.47214e+30;6.10207e-43;0.0256
3793;2.57666e+150;1.62183e-143;0.026624
3794;6.95786e+11;1.68029e+30;0.026624
3795;6.74038e+87;4.57126e+126;0.021504
3796;-2.58512e-219;8.91504e-33;0.024576
3797;1.87285e+135;1.49534e-143;0.02048
3798;7.29921e-76;2.02109e-284;0.049152
3799;511107;3.72644e-265;0.023552
3800;7.15118e-265;1.3226e-279;0.026624
3801;1.35707e-240;3.37561e-284;0.06144
3802;9.04721e-275;6.87559e-270;0.050176
3803;8.95964e-207;9.80012e-309;0.023552
3804;9.7658e-110;9.57141e-304;0.008192
3805;7.33507e-221;5.3803e-299;0.023296
3806;3.60694e-48;6.50437e-275;0.024576
3807;2.71871e-154;4.02516e-270;0.0256
3808;7.52209e-274;9.18465e-251;0.026624
3809;3.23033e-144;2.44008e-289;0.026624
3810;2.66785e-38;3.13458e-294;0.021504
3811;6.83458e-58;2.43858e-289;0.024576
3812;5.37986e-09;4.7034e-294;0.020704
3813;1.6794e-221;1.59848e-284;0.050176
3814;5.56089e-101;7.15066e+266;0.023552
3815;2.79009e-308;5.93852e-38;0.026624
3816;1.5154e-284;9.09627e+111;0.06144
3817;2.11766e-226;9.61986e-58;0.050176
3818;6.57304e-222;1.48332e-139;0.023552
3819;3.22943e-231;7.04044e+49;0.008192
3820;9.41245e-275;3.94309e+219;0.023296
3821;4.32528e-308;2.46456e+256;0.024576
3822;3.52755e-294;5.97744e-279;0.0256
3823;6.15466e-270;2.74086e+68;0.026624
3824;3.71868e-294;1.98671e-279;0.026624
3825;6.14332e-275;2.14005e-255;0.02048
3826;9.40258e-275;3.21169e-289;0.024576
3827;2.03525e-260;1.80107e-255;0.02048
3828;1.34497e-284;3.42446e-183;0.050176
3829;6.16115e-270;-8.8506e-119;0.023776
3830;2.95165e-289;8.77694e+16;0.026624
3831;3.44523e-236;8.22265e+39;0.06144
3832;6.86819e-270;3.20163e-197;0.050176
3833;7.23069e-275;2.60059e-77;0.022528
3834;2.26809e-255;9.36476e+164;0.008192
3835;2.25333e+79;5.32582e-260;0.023328
3836;3.76024e-235;2.59993e+44;0.024576
3837;1.37757e-211;8.31908e-241;0.0256
3838;1.25086e-90;3.23032e-144;0.026624
3839;4.24857e-173;2.03388e+20;0.026624
3840;3.7688e-67;2.30941e-206;0.021504
3841;1.43141e-211;2.13981e-172;0.024576
3842;5.5037e-298;-1.78521e+122;0.02048
3843;5.03244e-188;4.73441e-47;0.049152
3844;1.86741e-255;13.0514;0.023552
3845;6.57137e-299;1.16454e-08;0.026624
3846;1.65573e-279;2.79954e-28;0.06144
3847;5.83363e-111;1.33128e+39;0.050176
3848;0.00941675;8.29167e-82;0.022528
3849;1.03432e+156;9.62813e-87;0.009216
3850;1.97862e-28;5.57037e-188;0.023552
3851;1.18094e-293;2.44296e-08;0.024576
3852;1.54446e-158;4.45104e-47;0.0256
3853;7.19212e-188;1.07606e+146;0.026624
3854;3.16374e-250;-1.69092e-239;0.026624
3855;2.52343e-158;-3.33664e-142;0.021504
3856;4.15256e-182;1.57525e-258;0.024576
3857;7.13632e-149;1.64957e-71;0.021504
3858;2.85299e-37;9.14781e+234;0.050176
3859;3.0584e-85;-5.17783e-55;0.024576
3860;7.94076e+68;-7.4286e+06;0.026624
3861;5.00788e-47;1.97562e+89;0.06144
3862;0.000494257;-6.50014e-75;0.050176
3863;1.61496e-274;1.94548e-158;0.023552
3864;4.83495e-57;-4.30016e+178;0.009216
3865;4.17742e+170;3.2938e-66;0.023296
3866;3.05634e+40;-8.12284e-144;0.024576
3867;4.34118;3.57836e+35;0.0256
3868;1.70106e+55;-4.21396e-245;0.026624
3869;1.63676e-129;-4.5513e-267;0.026624
3870;2.23324e-133;9.74254e+106;0.021504
3871;5.98056e+140;1.08829e+244;0.024576
3872;8.92675e-52;1.53116e-176;0.02048
3873;2.12581e-52;3.64799e-177;0.049152
3874;6.55485e+299;4.46284e-125;0.023552
3875;1.26109e-211;1.23832e+110;0.026624
3876;3.28387e+16;4.56337e-235;0.06144
3877;-2.4179e-137;6.74581e-24;0.050176
3878;6.31777e-223;1.39335e-47;0.023552
3879;7.82076e+44;-3.41471e-14;0.008192
3880;-1.62658e-154;8.81247e+252;0.02432
3881;-1.26471e-243;1.81712e-221;0.024576
3882;-1.11271e+13;3.144e+141;0.0256
3883;2.61308e+209;-8.6792e-294;0.026624
3884;-9.37284e+162;1.01586e+71;0.026624
3885;-6.68059e+305;1.82013e+137;0.021504
3886;8.63078e-182;8.15225e-278;0.0256
3887;3.47384e+239;1.32153e+150;0.02048
3888;-8.02295e+268;-1.77489e-51;0.049152
3889;1.72183e-172;5.8805e-168;0.023552
3890;3.14398e+44;1.74573e-43;0.026624
3891;2.81146e+272;1.04821e-250;0.06144
3892;3.58268e-211;2.49849e-231;0.050176
3893;-2.71464e-180;6.73446e-77;0.022816
3894;4.39371e+213;7.78403e+107;0.008224
3895;-7.58917e-100;4.44998e+30;0.02336
3896;1.63183e-180;5.45655e-153;0.024576
3897;5.61109e+54;-7.39388e+241;0.0256
3898;2.75784e-260;9.557e-43;0.026624
3899;-1.19657e+117;7.11046e-270;0.026624
3900;1.06188e-186;1.59352e-226;0.021504
3901;4.61179e-212;1.0513e-250;0.024576
3902;6.69716e-28;6.59081e-217;0.02048
3903;5.92593e-183;-7.17815e-299;0.049152
3904;4.71756e-36;129.319;0.024576
3905;1.36e-240;1.89765e+59;0.026624
3906;7.6408e-145;-4109.56;0.06144
3907;3.42011e-212;3.26669e-196;0.050176
3908;1.82892e-80;1.4106e-255;0.022816
3909;1.98686e-46;-3.00911e-188;0.008192
3910;2.62327e+238;1.51953e-47;0.023552
3911;3.12455e+39;9.98128e+10;0.024576
3912;5.44329e+30;3.83648e+270;0.0256
3913;3.21241e+97;1.99689e-182;0.026624
3914;3.01804e+121;3.65495e+135;0.026624
3915;3.65228e-96;4.87375e-115;0.02048
3916;-1.05274e+36;7.23898e+29;0.024576
3917;3.56536e-107;1.1858e-172;0.020608
3918;6.80271e-114;6.88289e-299;0.050176
3919;1.74342e-27;9.75939e-275;0.023552
3920;2.55548e-303;1.22314e-250;0.026624
3921;1.44983e-274;7.4542e-294;0.06144
3922;1.09203e-250;1.21457e-279;0.050176
3923;1.31897e-250;1.53518e-308;0.023552
3924;1.32099e-173;5.9199e-270;0.008192
3925;1.52692e-134;6.27622e-299;0.023296
3926;3.19389e-154;1.66604e-255;0.024576
3927;5.76465e-110;3.26062e-265;0.0256
3928;2.85083e-269;2.46288e-236;0.026624
3929;2.15137e-23;2.69662e-289;0.026624
3930;1.41976e+232;3.91746e-294;0.021504
3931;6.2025e-91;1.04672e-279;0.024576
3932;4.80119e-58;8.31661e-275;0.02048
3933;5.62277e-221;5.44667e-270;0.049152
3934;3.28917e-135;2.45694e+131;0.023552
3935;3.5965e-289;3.39805e-130;0.026624
3936;8.31381e-275;1.92802e-211;0.06144
3937;7.22644e-275;6.23532e+34;0.050176
3938;1.59024e-149;2.40961e-240;0.022752
3939;9.93648e-265;1.93469e-163;0.008192
3940;7.96408e-275;1.60223e+217;0.023296
3941;3.91999e-308;1.13107e+150;0.024576
3942;3.72175e-294;1.62697e+78;0.027424
3943;1.68188e-284;8.47623e-15;0.026624
3944;2.18054e-289;2.53135e-255;0.026624
3945;2.05278e-289;1.80237e-255;0.021504
3946;3.34047e-289;1.06769e-255;0.024576
3947;1.13619e-250;1.20063e-255;0.023552
3948;7.22644e-275;3.02884e-207;0.049152
3949;4.50357e-265;-2.27367e-86;0.023744
3950;5.37795e-299;6.52857e+44;0.026624
3951;3.92205e-294;1.53982e-91;0.06144
3952;1.26659e-226;8.59514e+87;0.0512
3953;1.31977e-226;2.53969e-259;0.022528
3954;2.09678e-250;4.41084e+112;0.008192
3955;1.397e-76;1.10362e-191;0.023424
3956;1.38158e-235;1.53763e+116;0.024576
3957;2.10753e-19;1.0608e-220;0.0256
3958;3.77099e-96;1.48551e-226;0.026624
3959;1.92996e+97;1.17339e-95;0.026624
3960;4.03285e-09;9.37809e-28;0.021504
3961;4.13462e-168;4.93342e-95;0.024576
3962;4.45726e-139;-8.21399e+07;0.021504
3963;4.50716e-241;4.67757e+166;0.050176
3964;1.21548e-226;2.73591e-120;0.024576
3965;1.32346e-279;3.73714e-168;0.026624
3966;1.05042e-303;2.93444e+265;0.06144
3967;3.70748e-231;1.87468e+198;0.050176
3968;3.71956e+266;1.41091e+64;0.022752
3969;1.36178e-216;1.99435e-168;0.008192
3970;1.14359e+49;3.85528e-144;0.023552
3971;1.75259e-162;1.18785e-43;0.024576
3972;1.12996e+11;2.21599e+160;0.0256
3973;2.59708e-183;7.61033e-183;0.026624
3974;3.0519e-260;-3.50407e-250;0.026624
3975;1.14853e-225;8.66896e-149;0.021504
3976;6.201e-231;5.32826e-192;0.024576
3977;2.44224e-245;4.48035e-101;0.02048
3978;3.49764e+141;-2.15646e+199;0.050176
3979;1.50887e-100;-9.32901e+83;0.024576
3980;6.30822e+140;1.34085e-93;0.026624
3981;4.86776e-154;-6.46025e+124;0.06144
3982;7.28762e-222;-1.63583e+218;0.050176
3983;7.4425e+21;9.61719e+39;0.022528
3984;4.3206e+53;7.1076e-46;0.008224
3985;9.92015e-36;1.20211e-28;0.023296
3986;1.51555e-110;2.29842e+19;0.024576
3987;1.84091e+88;-5.83546e-133;0.0256
3988;1.40036e-76;3.8956e+261;0.026624
3989;1.44967e-187;-1.90406e-157;0.026624
3990;8.15188e-178;3.58013e+236;0.021504
3991;6.85654e+39;2.83934e+137;0.024576
3992;-2.97844e-211;1.28393e+206;0.020576
3993;2.18337e+199;2.81927e-149;0.04944
3994;4.03518e+188;3.18997e-154;0.023552
3995;2.34334e-207;-8.06928e+292;0.026624
3996;2.69926e+213;1.41043e-129;0.06144
3997;7.57416e-155;1.58118e-100;0.050176
3998;-1.56897e-157;4.27804e+146;0.023552
3999;3.22209e-110;2.0727e-255;0.008192
4000;4.50187e+36;1.48528e-103;0.023488
4001;2.72042e+190;7.64029e-270;0.024576
4002;9.76643e+265;-1.52863e-271;0.0256
4003;9.49333e+150;-3.10982e-288;0.026624
4004;6.95137e+103;3.93319e-67;0.026624
4005;-4.66739e+98;2.02032e+233;0.02048
4006;6.48436e-308;6.937e+198;0.024576
4007;1.14026e-168;1.11513e+170;0.023296
4008;1.69379e+262;8.96691e+164;0.050176
4009;2.05269e-81;9.42364e-19;0.023552
4010;7.25057e-34;3.47111e-202;0.026624
4011;1.57471e+214;7.23351e-275;0.060416
4012;1.87191e-105;1.06667e-120;0.050176
4013;5.5707e-112;1.00187e-110;0.023552
4014;-1.26418e-162;4.51277e+232;0.008192
4015;1.86088e+217;4.60168e+247;0.023296
4016;1.73253e+271;6.46172e-14;0.024576
4017;3.46996e-36;-1.36706e-166;0.0256
4018;-1.40838e-156;1.26683e+06;0.026624
4019;-1.09922e+136;5.18313e+20;0.026624
4020;3.90529e-250;1.90545e-226;0.021504
4021;1.0518e-250;9.79518e-241;0.024576
4022;7.08886e-152;2.17937e-202;0.02048
4023;7.9929e-168;-3.05576e-144;0.049248
4024;1.5381e+32;1.20667e+59;0.023552
4025;6.95668e-260;2.13828e-134;0.026624
4026;2.67862e-255;5.36979e-216;0.06144
4027;1.87143e-221;1.26072e-85;0.050176
4028;1.2012e-158;1.35622e-240;0.022528
4029;9.8336e-90;-1.33593e+243;0.008192
4030;4.32164e-168;2.23617e-96;0.023552
4031;2.98384e+21;1.1507e+117;0.024576
4032;7.34172e-129;1.67604e+189;0.0256
4033;3.34053e-143;2.92748e-86;0.026624
4034;1.57686e+10;3.67076e-149;0.026624
4035;1.17104e-119;2.56353e-72;0.021504
4036;-6.23438e-221;1.46413e+97;0.024576
4037;2.42309e+16;4.86258e-125;0.02048
4038;3.38604e+282;2.95416e-289;0.049152
4039;2.78823e-288;1.18623e-303;0.023584
4040;4.06896e-260;4.96976e-270;0.026624
4041;3.40465e-178;1.37012e-303;0.06144
4042;5.2138e-270;7.59372e-270;0.050176
4043;5.09365e+101;1.2527e-308;0.022528
4044;6.48019e-111;3.7246e-265;0.008224
4045;9.17693e-38;8.31665e-275;0.023296
4046;9.80907e-29;4.4987e-265;0.024576
4047;6.56224e-53;1.60023e-255;0.026624
4048;1.20064e-153;1.61407e-231;0.026624
4049;1.12246e-32;2.95165e-289;0.026624
4050;2.60691e+166;2.43758e-289;0.021504
4051;1.6632e-100;1.42904e-284;0.024576
4052;5.48358e-207;4.98086e-270;0.02048
4053;1.63753e-129;2.25567e-231;0.049152
4054;1.03603e+11;5.42713e-67;0.024576
4055;3.07978e-255;1.92601e-47;0.026624
4056;2.27196e-284;1.01598e-119;0.06144
4057;3.87845e-265;1.90271e-28;0.050176
4058;2.5958e-130;2.2288e-14;0.023552
4059;5.09157e-260;4.74296e+10;0.008192
4060;7.87697e-251;5.77868e+63;0.023296
4061;3.07533e-308;8.825e-05;0.024576
4062;2.56786e-289;1.14366e+49;0.0256
4063;2.56734e-289;2.89866e-144;0.026624
4064;2.18054e-289;2.01979e-284;0.026656
4065;7.29113e-304;5.93103e-270;0.021504
4066;1.93322e-255;1.42572e-226;0.024576
4067;1.93472e-284;4.03535e-265;0.02048
4068;7.22644e-275;2.88263e-101;0.050176
4069;2.48287e-265;2.12404e+228;0.023552
4070;5.08047e-299;4.02532e-183;0.026624
4071;5.98456e-299;9.2643e-289;0.06144
4072;6.27973e-299;1.1433e-216;0.050176
4073;1.59848e-284;5.08542e+25;0.022528
4074;2.12585e-173;7.89614e-140;0.008192
4075;3.13123e-125;1.1481e+83;0.023296
4076;8.65727e-221;8.58243e-48;0.027424
4077;1.03522e+64;2.70176e-206;0.0256
4078;8.38833e-289;1.36004e-240;0.026624
4079;2.40342e+98;5.96241e-125;0.026624
4080;3.18459e-115;4.55747e-90;0.021504
4081;3.33022e-245;7.91561e+15;0.024576
4082;9.8191e-207;8.24196e+204;0.02048
4083;2.96344e-236;43.4047;0.050176
4084;7.11034e-270;2.57841e-144;0.023776
4085;1.32238e-279;2.45929e-260;0.026624
4086;4.50489e-270;2.49903e-32;0.06144
4087;1.06173e-168;2.28929e+155;0.050176
4088;1.8803e-100;5.53472e-158;0.022528
4089;3.54526e-70;7.26229e-226;0.008256
4090;4.11823e+179;1.59555e-168;0.023552
4091;1.37927e+194;1.73337e-173;0.024576
4092;1.41543e-38;1.22246e-76;0.0256
4093;4.74216e-140;3.08955e-192;0.02688
4094;2.57349e-159;3.61144e+87;0.026624
4095;1.29277e-269;-2.4534e+08;0.023552
4096;1.41136e-255;4.19204e-216;0.024576
4097;1.61999e-319;1.61999e-319;1.05236e-321
4098;0.023552;1.61463e+10;2.55019e-316
4099;0.008192;2.55319e+10;2.50704e-316
4100;0.023296;2.22613e+10;0
4101;0.024576;1.66219e+10;6.92143e-310
4102;0.0256;2.29513e+10;1.97626e-323
4103;0.026912;1.96923e+10;1.58101e-322
4104;0.026624;2.31256e+10;4.32073e-314
4105;0.021504;2.33522e+10;6.92131e-310
4106;0.024576;1.67904e+10;2.6474e-316
4107;0.020512;2.33394e+10;3.22842e-319
4108;0.050176;2.22716e+10;6.92131e-310
4109;0.024576;1.90551e+10;4.32073e-314
4110;0.026624;2.21837e+10;6.92131e-310
4111;0.062464;2.11777e+10;2.6474e-316
4112;0.050176;2.27615e+10;3.22921e-319
4113;0.023552;2.27045e+10;4.94066e-324
4114;0.008192;2.55319e+10;2.62028e-316
4115;0.023552;2.28304e+10;1.16115e-319
4116;0.024576;2.18739e+10;6.92143e-310
4117;0.0256;1.73642e+10;6.92148e-310
4118;0.026624;2.12654e+10;4.94066e-324
4119;0.026848;2.03633e+10;2.62028e-316
4120;0.021504;1.9767e+10;1.16115e-319
4121;0.024576;1.67283e+10;6.92143e-310
4122;0.021504;2.10657e+10;6.92148e-310
4123;0.050176;2.05857e+10;1.52666e-321
4124;0.024576;1.90577e+10;8.99007e-317
4125;0.026624;2.18337e+10;4.24399e-314
4126;0.06144;2.03298e+10;4.94066e-324
4127;0.0512;1.78454e+10;6.92143e-310
4128;0.023552;1.73359e+10;0
4129;0.008192;2.55546e+10;6.92143e-310
4130;0.023552;2.27354e+10;6.92143e-310
4131;0.024576;1.79075e+10;0
4132;0.0256;1.68588e+10;6.92143e-310
4133;0.026624;2.21805e+10;2.50702e-316
4134;0.026624;2.31465e+10;0
4135;0.021504;2.21505e+10;2.27023e-320
4136;0.024576;1.73704e+10;6.92143e-310
4137;0.02048;2.22342e+10;6.92143e-310
4138;0.050176;2.10062e+10;0
4139;0.023552;2.17868e+10;2.16029e-317
4140;0.026784;2.12625e+10;6.92143e-310
4141;0.06144;1.56795e+10;0
4142;0.0512;2.23398e+10;0
4143;0.022528;2.17949e+10;0
4144;0.008192;2.55546e+10;0
4145;0.023296;2.2762e+10;0
4146;0.024576;2.30683e+10;0
4147;0.025664;2.26073e+10;0
4148;0.026624;2.31325e+10;0
4149;0.026624;2.22319e+10;0
4150;0.021504;1.70173e+10;0
4151;0.02464;1.64676e+10;0
4152;0.02048;2.31655e+10;0
4153;0.050176;2.12347e+10;0
4154;0.024576;2.1488e+10;0
4155;0.026624;2.12683e+10;0
4156;0.06144;1.94615e+10;0
4157;0.050176;2.14423e+10;0
4158;0.023552;2.26629e+10;6.92143e-310
4159;0.008192;2.55093e+10;0
4160;0.02432;2.16237e+10;0
4161;0.024576;2.27975e+10;4.19956e-322
4162;0.0256;2.28897e+10;1.27615e-192
4163;0.026816;2.26582e+10;1.27615e-192
4164;0.026624;2.22835e+10;2.50704e-316
4165;0.023552;1.68188e+10;6.92143e-310
4166;0.024576;2.24635e+10;6.92143e-310
4167;0.022528;1.75366e+10;6.92143e-310
4168;0.050176;2.08178e+10;0
4169;0.023552;2.22782e+10;2.56761e-312
4170;0.029632;2.33257e+10;0
4171;0.06144;2.21113e+10;4.19956e-322
4172;0.050176;2.18787e+10;6.92143e-310
4173;0.022528;1.90183e+10;4.32081e-314
4174;0.008256;2.55093e+10;4.32081e-314
4175;0.02432;2.28419e+10;4.32081e-314
4176;0.024576;2.2805e+10;4.07635e-311
4177;0.0256;2.24531e+10;9.88131e-324
4178;0.026624;2.31047e+10;0
4179;0.029536;2.27589e+10;0
4180;0.021504;1.8927e+10;0
4181;0.024576;2.01391e+10;4.19956e-322
4182;0.021504;2.29118e+10;6.92143e-310
4183;0.049152;2.21381e+10;4.32081e-314
4184;0.023552;2.22237e+10;4.32081e-314
4185;0.026624;2.27085e+10;4.32081e-314
4186;0.06144;1.66715e+10;4.07423e-311
4187;0.050176;1.17227e+10;9.88131e-324
4188;0.023552;1.56142e+10;0
4189;0.008192;2.55319e+10;0
4190;0.023552;1.74286e+10;0
4191;0.024576;1.58513e+10;1.63042e-322
4192;0.0256;1.54982e+10;6.92143e-310
4193;0.026624;1.71352e+10;6.92143e-310
4194;0.026624;1.71218e+10;1.58101e-322
4195;0.021504;1.77887e+10;1.04742e-321
4196;0.024576;1.70936e+10;2.55019e-316
4197;0.02048;1.69876e+10;2.50704e-316
4198;0.050176;1.55597e+10;0
4199;0.023552;1.67346e+10;6.92143e-310
4200;0.026624;1.72139e+10;0.021504
4201;0.06144;1.47633e+10;1.58101e-322
4202;0.050176;1.4954e+10;2.60262e-316
4203;0.023552;1.67241e+10;9.64713e-320
4204;0.008192;2.55546e+10;6.92143e-310
4205;0.02336;1.67677e+10;6.92148e-310
4206;0.024576;1.68807e+10;4.94066e-324
4207;0.0256;1.77843e+10;2.60262e-316
4208;0.026624;1.71735e+10;9.64713e-320
4209;0.026624;1.71831e+10;6.92143e-310
4210;0.02048;1.76122e+10;6.92148e-310
4211;0.024576;1.70413e+10;0.024576
4212;0.02048;1.79862e+10;0.0256
4213;0.049152;1.55906e+10;0.026624
4214;0.024576;1.61939e+10;0.026624
4215;0.026624;1.05393e+10;0.021504
4216;0.06144;1.49368e+10;0.024576
4217;0.050176;1.58531e+10;0.02048
4218;0.023552;1.55802e+10;0.049152
4219;0.008192;2.55319e+10;0.023552
4220;0.02336;1.73115e+10;0.026624
4221;0.024576;1.68726e+10;6.57107e-322
4222;0.0256;1.66112e+10;2.93587e-316
4223;0.026624;1.6654e+10;9.88131e-324
4224;0.026624;1.708e+10;6.92143e-310
4225;0.021504;1.80025e+10;6.92143e-310
4226;0.024576;1.70353e+10;6.92143e-310
4227;0.02048;1.77121e+10;0
4228;0.049376;1.54002e+10;4.24399e-314
4229;0.023776;1.67449e+10;6.92143e-310
4230;0.026624;1.70345e+10;0
4231;0.06144;1.52791e+10;0
4232;0.050176;1.5645e+10;6.92143e-310
4233;0.023552;1.67674e+10;0
4234;0.008192;2.55319e+10;0
4235;0.023296;1.67636e+10;0
4236;0.024576;1.6895e+10;0
4237;0.0256;1.70835e+10;1.05236e-321
4238;0.026624;1.71295e+10;2.55019e-316
4239;0.026624;1.72101e+10;2.50704e-316
4240;0.021504;1.76933e+10;0
4241;0.024576;1.70916e+10;6.92143e-310
4242;0.02048;1.77449e+10;1.97626e-323
4243;0.049152;1.14993e+10;1.58101e-322
4244;0.023552;1.619e+10;2.55861e-316
4245;0.026752;1.71295e+10;3.04641e-320
4246;0.06144;1.47651e+10;6.92143e-310
4247;0.050176;1.56132e+10;6.92148e-310
4248;0.022816;1.67446e+10;1.58101e-322
4249;0.008192;2.55319e+10;2.60262e-316
4250;0.023552;1.67986e+10;9.65948e-320
4251;0.027552;1.69175e+10;0
4252;0.0256;1.60212e+10;0
4253;0.026624;1.71735e+10;4.94066e-324
4254;0.026624;1.71639e+10;2.60262e-316
4255;0.021504;1.76987e+10;9.65948e-320
4256;0.024576;1.64977e+10;0
4257;0.02048;1.76442e+10;0
4258;0.050176;1.51543e+10;0
4259;0.023552;1.61689e+10;0
4260;0.026624;1.60754e+10;0
4261;0.06144;1.53702e+10;0
4262;0.050176;1.5622e+10;0
4263;0.023552;1.67035e+10;6.57107e-322
4264;0.008224;2.55319e+10;6.92143e-310
4265;0.022528;1.73423e+10;6.92143e-310
4266;0.024576;1.60165e+10;6.92143e-310
4267;0.0256;1.71788e+10;0
4268;0.026624;1.66938e+10;0
4269;0.026624;1.71831e+10;4.94066e-324
4270;0.021504;1.47274e+10;0
4271;0.024576;1.70473e+10;0
4272;0.021504;1.8519e+10;4.94066e-324
4273;0.049152;1.53995e+10;0
4274;0.023552;1.59234e+10;0
4275;0.026624;1.71716e+10;0
4276;0.06144;1.47509e+10;0
4277;0.050176;1.56474e+10;4.94066e-324
4278;0.022528;1.67901e+10;6.32404e-322
4279;0.008192;2.55319e+10;1.60571e-321
4280;0.023296;1.74352e+10;8.99007e-317
4281;0.024576;1.69421e+10;4.24399e-314
4282;0.0256;1.65922e+10;4.94066e-324
4283;0.026624;1.6636e+10;6.92143e-310
4284;0.026624;1.72255e+10;0
4285;0.02048;1.69522e+10;6.92143e-310
4286;0.024736;1.70916e+10;6.92143e-310
4287;0.02048;1.77915e+10;0
4288;0.050176;1.55938e+10;6.92143e-310
4289;0.023552;1.6751e+10;2.50702e-316
4290;0.026624;1.70705e+10;0
4291;0.06144;1.56184e+10;2.27073e-320
4292;0.050176;1.56442e+10;6.92143e-310
4293;0.022528;1.67241e+10;6.92143e-310
4294;0.008192;2.55319e+10;0
4295;0.023296;1.73533e+10;1.81879e-317
4296;0.024576;1.75634e+10;6.92143e-310
4297;0.0256;1.71138e+10;0
4298;0.026624;1.7409e+10;0
4299;0.026624;1.57039e+10;0
4300;0.021504;1.76418e+10;0
4301;0.024576;1.71625e+10;0
4302;0.02048;1.77421e+10;0
4303;0.049152;1.51438e+10;0
4304;0.024576;1.62093e+10;0
4305;0.026624;1.66957e+10;0
4306;0.06144;1.52551e+10;0
4307;0.050176;1.56227e+10;0
4308;0.022528;1.61885e+10;0
4309;0.008224;2.54417e+10;0
4310;0.023552;1.67986e+10;0
4311;0.024576;1.69093e+10;0
4312;0.0256;1.71341e+10;0
4313;0.026624;1.6636e+10;0
4314;0.026624;1.57039e+10;6.92143e-310
4315;0.021504;1.7677e+10;0
4316;0.024576;1.65297e+10;0
4317;0.02048;1.77203e+10;0
4318;0.049152;1.53678e+10;0
4319;0.023552;1.67366e+10;4.19956e-322
4320;0.026624;1.71716e+10;6.92143e-310
4321;0.06144;1.53007e+10;4.32081e-314
4322;0.050176;1.51545e+10;4.32081e-314
4323;0.022784;1.62059e+10;4.32081e-314
4324;0.008192;2.55319e+10;4.19519e-311
4325;0.023296;1.80789e+10;9.88131e-324
4326;0.024576;1.68746e+10;0
4327;0.0256;1.70453e+10;0
4328;0.026624;1.60956e+10;0
4329;0.026624;1.72255e+10;4.19956e-322
4330;0.021504;1.7696e+10;1.27615e-192
4331;0.024576;1.71727e+10;1.27615e-192
4332;0.02048;1.77121e+10;2.50704e-316
4333;0.049152;1.55954e+10;6.92143e-310
4334;0.023552;1.59067e+10;6.92143e-310
4335;0.026624;1.72313e+10;6.92143e-310
4336;0.06144;1.60662e+10;0
4337;0.050176;1.53882e+10;2.56761e-312
4338;0.022816;1.67694e+10;0
4339;0.008192;2.55319e+10;2.42092e-322
4340;0.023296;1.73688e+10;6.92143e-310
4341;0.024576;1.69647e+10;6.92143e-310
4342;0.0256;1.65335e+10;0
4343;0.026624;1.71295e+10;4.94066e-324
4344;0.026624;1.72255e+10;2.37152e-322
4345;0.021504;1.73109e+10;1.04742e-321
4346;0.024576;1.65903e+10;2.55019e-316
4347;0.02048;1.77998e+10;2.50704e-316
4348;0.049152;1.58306e+10;0
4349;0.024576;1.67182e+10;6.92143e-310
4350;0.026624;1.72333e+10;0.021504
4351;0.06144;1.53134e+10;1.58101e-322
4352;0.050176;1.51935e+10;2.60262e-316
4353;0.023552;1.67015e+10;9.65552e-320
4354;0.008192;2.55319e+10;6.92143e-310
4355;0.023296;1.7382e+10;6.92148e-310
4356;0.024576;1.68279e+10;4.94066e-324
4357;0.0256;1.70997e+10;2.60262e-316
4358;0.026752;1.66938e+10;9.65552e-320
4359;0.026624;1.66866e+10;6.92143e-310
4360;0.02048;1.77368e+10;6.92148e-310
4361;0.024576;1.60035e+10;0.024576
4362;0.02048;1.85369e+10;0.0256
4363;0.049152;1.53424e+10;0.026624
4364;0.024576;1.67469e+10;0.026624
4365;0.026624;1.61412e+10;0.02048
4366;0.06144;1.50866e+10;0.024576
4367;0.050176;1.55879e+10;0.02048
4368;0.023552;1.67179e+10;0.050176
4369;0.008192;2.55319e+10;0.023552
4370;0.023552;1.57039e+10;0.026624
4371;0.024576;1.69175e+10;1.05236e-321
4372;0.0256;1.65467e+10;2.55019e-316
4373;0.026624;1.68884e+10;2.50704e-316
4374;0.026624;1.71831e+10;0
