0;0.445312;0.026624;1.23926
1;0.495712;0.026624;1.03718
2;0.431392;0.024576;0.407488
3;0.460864;0.024576;0.88336
4;0.376448;0.021504;0.353568
5;1.05178;0.062464;2.26973
6;0.309792;0.021504;0.362496
7;0.472864;0.026624;0.456832
8;0.893024;0.050176;0.896224
9;0.88768;0.050208;0.896192
10;0.430528;0.023552;0.405856
11;0.070848;0.008192;0.069504
12;0.432032;0.023552;0.41232
13;0.472928;0.026624;0.448768
14;0.439968;0.024576;0.415008
15;0.453504;0.0256;0.436352
16;0.473312;0.026624;0.447168
17;0.431168;0.024576;0.416576
18;0.458368;0.024576;0.440672
19;0.376384;0.021504;0.380672
20;1.03584;0.06144;0.99136
21;0.376704;0.021504;0.363136
22;0.472832;0.027648;0.447616
23;0.883232;0.050176;0.869152
24;0.886144;0.050176;0.928928
25;0.34768;0.023552;0.40544
26;0.070944;0.008192;0.069472
27;0.43216;0.022528;0.412736
28;0.472992;0.026624;0.456992
29;0.439968;0.024576;0.42352
30;0.449632;0.0256;0.468256
31;0.47296;0.026624;0.447232
32;0.43136;0.024576;0.416736
33;0.460832;0.024576;0.425728
34;0.376416;0.021504;0.3712
35;1.0431;0.06144;0.973184
36;0.377504;0.021504;0.362496
37;0.472832;0.026624;0.447136
38;0.883808;0.050176;0.828576
39;0.87376;0.050176;0.820384
40;0.347968;0.023552;0.419328
41;0.070784;0.008288;0.069472
42;0.43184;0.023552;0.408
43;0.473184;0.026624;0.456448
44;0.440576;0.0256;0.423584
45;0.451808;0.0256;0.426848
46;0.491296;0.026624;0.465312
47;0.43136;0.024576;0.425696
48;0.452;0.024576;0.417376
49;0.376576;0.02048;0.3624
50;1.19018;0.062464;1.076
51;0.37728;0.021504;0.353024
52;0.472608;0.026624;0.44752
53;0.873504;0.050176;0.827264
54;0.870976;0.050176;0.82128
55;0.43056;0.022528;0.414944
56;0.07088;0.008192;0.069536
57;0.42304;0.023552;0.399104
58;0.472576;0.026624;0.456992
59;0.439808;0.0256;0.423552
60;0.452;0.0256;0.426592
61;0.47264;0.026624;0.447008
62;0.422048;0.024576;0.39808
63;0.451808;0.024576;0.416896
64;0.376384;0.02048;0.361728
65;1.06099;0.06144;0.981536
66;0.377152;0.02048;0.362624
67;0.47296;0.026624;0.44832
68;0.8808;0.050176;0.818304
69;0.871936;0.050176;0.820352
70;0.43072;0.023552;0.418816
71;0.070848;0.008192;0.069504
72;0.423488;0.023552;0.407744
73;0.472928;0.026624;0.45728
74;0.43968;0.0256;0.415424
75;0.452032;0.0256;0.418528
76;0.472768;0.026624;0.447168
77;0.431424;0.024576;0.407264
78;0.451552;0.024576;0.435232
79;0.376384;0.02048;0.361536
80;1.02854;0.062464;0.973056
81;0.377152;0.021504;0.363008
82;0.4728;0.026624;0.447104
83;0.873536;0.050176;0.827872
84;0.874112;0.050176;0.819744
85;0.431392;0.022528;0.414592
86;0.070848;0.008192;0.069472
87;0.423232;0.023552;0.41232
88;0.472864;0.026624;0.457792
89;0.44;0.024576;0.424256
90;0.451744;0.0256;0.426752
91;0.472832;0.026624;0.437888
92;0.431328;0.024576;0.416192
93;0.452736;0.024736;0.42592
94;0.376064;0.02048;0.361696
95;1.04301;0.06144;0.981952
96;0.377152;0.021504;0.36208
97;0.472928;0.026624;0.448128
98;0.875168;0.050176;0.827008
99;0.869152;0.050176;0.820064
100;0.377344;0.023552;0.420864
101;0.070912;0.008192;0.069472
102;0.432032;0.023552;0.413376
103;0.473088;0.026624;0.438688
104;0.439936;0.024576;0.414336
105;0.451552;0.027648;0.436064
106;0.473664;0.026624;0.460992
107;0.431424;0.024576;0.421664
108;0.45168;0.024576;0.435104
109;0.376384;0.02048;0.344288
110;1.03603;0.062464;0.973024
111;0.376864;0.021504;0.36288
112;0.472896;0.026624;0.447776
113;0.899072;0.050176;0.836608
114;0.869536;0.050176;0.83024
115;0.43072;0.023552;0.418912
116;0.070848;0.00832;0.069472
117;0.42352;0.022528;0.408192
118;0.472896;0.026784;0.456352
119;0.439808;0.024576;0.414336
120;0.451744;0.0256;0.418432
121;0.473696;0.026816;0.446912
122;0.431488;0.024576;0.417024
123;0.452256;0.024576;0.416192
124;0.376384;0.02048;0.362208
125;1.04288;0.06144;0.973184
126;0.310496;0.021504;0.362528
127;0.473088;0.026624;0.448544
128;0.875584;0.050176;0.827552
129;0.873376;0.050176;0.8304
130;0.430496;0.023552;0.414432
131;0.070976;0.008192;0.069472
132;0.422816;0.023552;0.408224
133;0.473184;0.026624;0.457248
134;0.440544;0.0256;0.423552
135;0.452672;0.0256;0.417888
136;0.464384;0.026624;0.438816
137;0.422272;0.024576;0.407488
138;0.452416;0.024768;0.416672
139;0.376384;0.02048;0.35248
140;1.04269;0.06144;0.982016
141;0.377056;0.021504;0.362464
142;0.472992;0.026624;0.44832
143;0.874752;0.050176;0.827136
144;0.871552;0.050176;0.820864
145;0.430496;0.023552;0.41424
146;0.070848;0.009216;0.069504
147;0.42352;0.022528;0.407584
148;0.472928;0.027648;0.448192
149;0.440416;0.024704;0.4144
150;0.448864;0.0256;0.427328
151;0.403392;0.026624;0.456512
152;0.431168;0.024576;0.407616
153;0.452736;0.024576;0.42576
154;0.376928;0.021504;0.353664
155;1.05174;0.062464;0.973088
156;0.37712;0.021504;0.353216
157;0.472832;0.026624;0.447904
158;0.892576;0.050176;0.827616
159;0.87232;0.050176;0.829312
160;0.431584;0.023552;0.414912
161;0.070816;0.008192;0.069504
162;0.42288;0.023552;0.398848
163;0.473344;0.026624;0.457952
164;0.439424;0.024576;0.424864
165;0.452576;0.0256;0.427232
166;0.472864;0.027648;0.447424
167;0.431168;0.023552;0.408128
168;0.452;0.024576;0.41744
169;0.376672;0.02048;0.362272
170;1.03379;0.06144;0.982336
171;0.377152;0.021504;0.362944
172;0.47328;0.026624;0.457472
173;0.883744;0.050176;0.827552
174;0.894816;0.050176;0.828832
175;0.430528;0.022816;0.414784
176;0.07088;0.008192;0.069504
177;0.525184;0.023552;0.440768
178;0.482496;0.026624;0.439936
179;0.440672;0.024576;0.415328
180;0.451776;0.0256;0.441088
181;0.481952;0.026784;0.456736
182;0.431648;0.024576;0.416704
183;0.452224;0.024576;0.435136
184;0.37632;0.02048;0.343744
185;1.03437;0.06144;0.981824
186;0.377056;0.021504;0.362944
187;0.473248;0.026624;0.447936
188;0.870432;0.049344;0.818592
189;0.87792;0.050176;0.8296
190;0.430432;0.023552;0.414432
191;0.07088;0.008192;0.069504
192;0.42304;0.023552;0.398656
193;0.472928;0.026624;0.43936
194;0.440576;0.024576;0.414432
195;0.451488;0.0256;0.436256
196;0.4728;0.026624;0.438624
197;0.43168;0.023808;0.416384
198;0.452736;0.024576;0.416672
199;0.376384;0.02048;0.353664
200;1.03347;0.06144;0.973696
201;0.377152;0.021504;0.363328
202;0.482048;0.026624;0.456768
203;0.850016;0.050176;0.955328
204;0.871296;0.050176;0.829568
205;0.430592;0.022528;0.414208
206;0.070848;0.008192;0.069472
207;0.423488;0.023552;0.412832
208;0.473664;0.026624;0.448032
209;0.439712;0.024576;0.424096
210;0.452544;0.026624;0.436288
211;0.473248;0.026624;0.45584
212;0.422304;0.026496;0.415808
213;0.460736;0.024576;0.435136
214;0.373312;0.02048;0.362592
215;1.03344;0.06144;0.972768
216;0.37712;0.021504;0.353728
217;0.473408;0.029504;0.447776
218;0.875648;0.050176;0.827744
219;0.883648;0.050176;0.829696
220;0.431456;0.023552;0.41504
221;0.070848;0.008192;0.069504
222;0.423104;0.022528;0.41232
223;0.472736;0.026624;0.448032
224;0.440448;0.02464;0.414752
225;0.451744;0.025632;0.436864
226;0.473184;0.026656;0.447808
227;0.431104;0.024576;0.421632
228;0.389312;0.024576;0.435264
229;0.37632;0.020576;0.352256
230;1.03338;0.062464;0.973376
231;0.377088;0.021504;0.362912
232;0.472928;0.027648;0.457664
233;0.873664;0.050176;0.82688
234;0.88528;0.050176;0.828864
235;0.430496;0.023552;0.396416
236;0.07088;0.008192;0.069568
237;0.432;0.023296;0.412352
238;0.481728;0.026624;0.456768
239;0.439712;0.024576;0.429408
240;0.451712;0.0256;0.427072
241;0.472832;0.026624;0.447328
242;0.422208;0.024576;0.397792
243;0.452576;0.024576;0.416448
244;0.376416;0.02048;0.362016
245;1.03318;0.06144;0.982144
246;0.376832;0.021504;0.36224
247;0.472896;0.026624;0.45744
248;0.883872;0.050176;0.836928
249;0.887328;0.050176;0.828928
250;0.430592;0.023552;0.405024
251;0.070848;0.008192;0.069504
252;0.42944;0.023552;0.408064
253;0.420928;0.026624;0.564928
254;0.440448;0.024576;0.406176
255;0.448704;0.0256;0.436736
256;0.473536;0.026784;0.44832
257;0.431712;0.024576;0.416896
258;0.460672;0.024576;0.41648
259;0.376384;0.02048;0.35248
260;1.04266;0.06144;0.972736
261;0.377152;0.021504;0.362624
262;0.472928;0.026624;0.457216
263;0.874656;0.050176;0.827296
264;0.885696;0.050176;0.829536
265;0.430496;0.023552;0.4056
266;0.070816;0.008192;0.069472
267;0.432;0.023552;0.412832
268;0.473696;0.026624;0.448128
269;0.439936;0.024576;0.424032
270;0.45184;0.0256;0.427584
271;0.473472;0.026624;0.438112
272;0.431072;0.024576;0.398336
273;0.45168;0.024576;0.425792
274;0.376384;0.02064;0.362208
275;1.03062;0.06144;0.973248
276;0.37744;0.021504;0.362976
277;0.472928;0.026624;0.456928
278;0.908224;0.050176;0.817664
279;0.871904;0.050176;0.820864
280;0.43088;0.023552;0.414272
281;0.070848;0.008192;0.069696
282;0.43184;0.023424;0.408512
283;0.473344;0.026624;0.448096
284;0.431488;0.024576;0.415136
285;0.452672;0.025632;0.43648
286;0.473184;0.026624;0.446656
287;0.431072;0.024576;0.416544
288;0.451648;0.024576;0.425952
289;0.37632;0.020736;0.352448
290;1.0343;0.06144;0.973824
291;0.377152;0.021504;0.363008
292;0.473248;0.026624;0.45632
293;0.874144;0.050176;0.81792
294;0.87648;0.050176;0.82112
295;0.4304;0.023552;0.414272
296;0.070784;0.008192;0.069504
297;0.423168;0.022528;0.39968
298;0.472864;0.026624;0.45728
299;0.439744;0.024576;0.424256
300;0.45184;0.0256;0.436224
301;0.473952;0.026624;0.446944
302;0.431456;0.023552;0.398304
303;0.555328;0.024576;0.436096
304;0.376576;0.02048;0.362528
305;1.02915;0.06144;0.972992
306;0.377184;0.021504;0.353216
307;0.472928;0.026624;0.439552
308;0.873856;0.050176;0.819424
309;0.876288;0.050176;0.83872
310;0.419264;0.023552;0.405056
311;0.070912;0.008288;0.069728
312;0.423008;0.023552;0.408288
313;0.47296;0.026624;0.439904
314;0.439808;0.0256;0.405696
315;0.451712;0.0256;0.436864
316;0.472864;0.026624;0.447744
317;0.431456;0.024576;0.416256
318;0.45232;0.024576;0.434944
319;0.376352;0.021504;0.343808
320;1.02461;0.0616;0.972992
321;0.377024;0.021504;0.352864
322;0.48208;0.026624;0.457344
323;0.867744;0.050176;0.818048
324;0.877632;0.050176;0.830304
325;0.43088;0.023552;0.414752
326;0.070848;0.008192;0.069536
327;0.4232;0.022528;0.40816
328;0.411424;0.026624;0.4624
329;0.44;0.024608;0.42432
330;0.451392;0.0256;0.436736
331;0.472544;0.026624;0.44688
332;0.431456;0.024576;0.39792
333;0.453024;0.024576;0.425664
334;0.366912;0.021504;0.352352
335;1.04256;0.06144;0.98192
336;0.377056;0.021504;0.362464
337;0.472928;0.026624;0.448096
338;0.873856;0.050176;0.818848
339;0.820576;0.050176;0.829056
340;0.431552;0.023552;0.414528
341;0.071136;0.008192;0.069472
342;0.432;0.023552;0.404608
343;0.473216;0.026624;0.448096
344;0.440128;0.024576;0.406016
345;0.451712;0.0256;0.436896
346;0.474048;0.026816;0.456896
347;0.431744;0.023552;0.416832
348;0.45264;0.024576;0.434912
349;0.37616;0.021504;0.35312
350;1.02454;0.06144;0.974592
351;0.37728;0.021504;0.353888
352;0.48256;0.026624;0.457664
353;0.874912;0.050176;0.829376
354;0.87712;0.050176;0.830464
355;0.430912;0.023552;0.405888
356;0.070848;0.009216;0.069504
357;0.423168;0.023296;0.408224
358;0.473184;0.027648;0.457536
359;0.43968;0.024576;0.424352
360;0.452256;0.0256;0.436256
361;0.473088;0.026624;0.447456
362;0.43232;0.024576;0.407744
363;0.452608;0.024576;0.434848
364;0.376256;0.021504;0.362368
365;1.03898;0.06144;0.983936
366;0.376928;0.021504;0.362528
367;0.47312;0.026624;0.45776
368;0.869824;0.050176;0.819808
369;0.877568;0.050176;0.822432
370;0.432928;0.022528;0.41504
371;0.070848;0.008192;0.069472
372;0.423168;0.023552;0.399648
373;0.473248;0.026624;0.456992
374;0.440096;0.024608;0.429216
375;0.45216;0.0256;0.442112
376;0.473952;0.026624;0.45696
377;0.431552;0.024576;0.416768
378;0.451936;0.024576;0.41696
379;0.37648;0.021504;0.353152
380;1.02998;0.06144;0.975392
381;0.377312;0.021504;0.363104
382;0.472864;0.026624;0.447872
383;0.872384;0.050176;0.828192
384;0.888544;0.050176;0.839648
385;0.430912;0.023552;0.415008
386;0.070912;0.008192;0.069472
387;0.423232;0.023328;0.399872
388;0.464928;0.026624;0.439712
389;0.440864;0.024576;0.424704
390;0.45168;0.0256;0.427328
391;0.473152;0.026624;0.447648
392;0.431712;0.024576;0.408032
393;0.452512;0.024576;0.441632
394;0.376864;0.02048;0.35264
395;1.02518;0.06144;0.974336
396;0.377312;0.021504;0.353152
397;0.47392;0.028672;0.457504
398;0.870176;0.050176;0.820192
399;0.894624;0.050176;0.830176
400;0.431488;0.023552;0.414688
401;0.07088;0.008192;0.069472
402;0.423776;0.023552;0.42208
403;0.402432;0.02672;0.466912
404;0.440928;0.024576;0.41488
405;0.443232;0.0256;0.418848
406;0.474016;0.02688;0.448096
407;0.431424;0.023552;0.41696
408;0.45264;0.024576;0.426016
409;0.376672;0.02048;0.361824
410;1.04755;0.06144;0.99328
411;0.376992;0.021504;0.371712
412;0.473216;0.026624;0.447936
413;0.875904;0.050176;0.819168
414;0.871424;0.050176;0.82144
415;0.430816;0.023552;0.414912
416;0.07088;0.008192;0.069472
417;0.423264;0.024352;0.408416
418;0.473472;0.026624;0.458112
419;0.44016;0.024576;0.414784
420;0.451872;0.0256;0.428288
421;0.47376;0.026624;0.43904
422;0.431776;0.023552;0.407808
423;0.452864;0.024576;0.436
424;0.376608;0.021504;0.35264
425;1.03114;0.06144;0.98368
426;0.376928;0.021504;0.363136
427;0.464672;0.132096;0.457792
428;0.891104;0.050176;0.829024
429;0.878208;0.050176;0.83056
430;0.430848;0.023552;0.414624
431;0.070976;0.008192;0.069568
432;0.432768;0.023552;0.43072
433;0.464064;0.026624;0.439616
434;0.439968;0.024576;0.41488
435;0.451968;0.0256;0.428032
436;0.472928;0.026752;0.456352
437;0.431776;0.024576;0.422144
438;0.451904;0.0256;0.426112
439;0.376512;0.02048;0.361824
440;1.036;0.062464;0.98384
441;0.376864;0.021504;0.362368
442;0.473152;0.026624;0.447968
443;0.873408;0.049312;0.819168
444;0.873536;0.050176;0.830272
445;0.430976;0.023552;0.414464
446;0.070848;0.008192;0.069472
447;0.423776;0.022528;0.412224
448;0.473248;0.026816;0.457216
449;0.4408;0.024576;0.42496
450;0.461696;0.0256;0.428192
451;0.47376;0.026624;0.438432
452;0.369152;0.024576;0.510016
453;0.44368;0.024576;0.41808
454;0.376384;0.02048;0.361696
455;1.04765;0.06144;0.9832
456;0.37728;0.021504;0.363168
457;0.47376;0.026624;0.448224
458;0.872864;0.049152;0.828928
459;0.879424;0.0512;0.839872
460;0.430816;0.022528;0.414528
461;0.07088;0.008192;0.069504
462;0.432384;0.023552;0.423072
463;0.47392;0.026624;0.44768
464;0.439968;0.024576;0.424608
465;0.4528;0.0256;0.436672
466;0.474208;0.026624;0.456672
467;0.432416;0.024576;0.407552
468;0.452608;0.024576;0.42592
469;0.376256;0.02048;0.361312
470;1.04275;0.06144;0.983104
471;0.377664;0.021504;0.362368
472;0.47392;0.026624;0.457824
473;0.8752;0.050176;0.829184
474;0.870048;0.050176;0.831456
475;0.431936;0.022528;0.4152
476;0.07088;0.008192;0.069472
477;0.432672;0.023552;0.399232
478;0.473216;0.026624;0.457152
479;0.4408;0.024576;0.414656
480;0.452096;0.026624;0.427648
481;0.473984;0.026624;0.447456
482;0.431488;0.024576;0.41648
483;0.451904;0.024576;0.436448
484;0.37648;0.021504;0.353184
485;1.02957;0.06144;0.974208
486;0.376992;0.021504;0.362624
487;0.473152;0.026624;0.447456
488;0.89312;0.050176;0.82848
489;0.877792;0.050176;0.831648
490;0.428736;0.023552;0.419808
491;0.070848;0.008192;0.069472
492;0.42304;0.023552;0.408288
493;0.482592;0.026816;0.45776
494;0.440704;0.0256;0.428928
495;0.453152;0.0256;0.436576
496;0.473216;0.026624;0.44752
497;0.433472;0.023552;0.408448
498;0.46112;0.024672;0.435264
499;0.376736;0.020512;0.362624
500;1.03405;0.06144;0.97408
501;0.30032;0.021504;0.462944
502;0.397248;0.026624;0.462848
503;0.875808;0.050176;0.837856
504;0.877216;0.0512;0.830432
505;0.430816;0.023552;0.405472
506;0.070784;0.008288;0.069504
507;0.432544;0.02336;0.423136
508;0.473216;0.026624;0.44736
509;0.440768;0.024576;0.415136
510;0.452416;0.0256;0.427296
511;0.473344;0.026816;0.4568
512;0.431744;0.02384;0.422112
513;0.45264;0.024576;0.436352
514;0.376544;0.020576;0.361664
515;1.02947;0.06144;0.983168
516;0.377312;0.02048;0.363072
517;0.473152;0.026624;0.457696
518;0.874976;0.050176;0.829056
519;0.878016;0.050176;0.822368
520;0.432032;0.023552;0.406592
521;0.070848;0.008192;0.069472
522;0.432352;0.022528;0.431616
523;0.473184;0.026624;0.44848
524;0.449888;0.024576;0.4144
525;0.409088;0.0256;0.53024
526;0.474176;0.026752;0.447712
527;0.432384;0.024576;0.399104
528;0.451904;0.024576;0.427232
529;0.376832;0.02048;0.361856
530;1.03363;0.06144;0.983168
531;0.368608;0.021504;0.362496
532;0.47328;0.026624;0.457952
533;0.871104;0.049152;0.828928
534;0.87824;0.050176;0.8304
535;0.431456;0.023552;0.405856
536;0.07088;0.008192;0.069472
537;0.432384;0.02432;0.4216
538;0.473152;0.026624;0.439808
539;0.438144;0.02464;0.414304
540;0.45216;0.025792;0.427328
541;0.47408;0.026656;0.456544
542;0.441152;0.024576;0.417056
543;0.452032;0.024576;0.449152
544;0.37616;0.021504;0.362656
545;1.03632;0.06144;0.983104
546;0.377248;0.021504;0.353344
547;0.472896;0.026624;0.448576
548;0.875392;0.050176;0.829088
549;0.869536;0.050176;0.822272
550;0.431424;0.023552;0.40528
551;0.071104;0.008192;0.069504
552;0.432224;0.023552;0.422464
553;0.473216;0.026624;0.447712
554;0.440736;0.024576;0.406528
555;0.452384;0.0256;0.419168
556;0.391104;0.026624;0.456448
557;0.43184;0.023552;0.416608
558;0.451968;0.024576;0.436224
559;0.3768;0.02048;0.352576
560;1.05155;0.06144;0.974656
561;0.377248;0.021504;0.371968
562;0.472864;0.026624;0.448224
563;0.876832;0.04944;0.829376
564;0.887488;0.050176;0.83168
565;0.429376;0.023552;0.41504
566;0.07088;0.00832;0.069472
567;0.423136;0.023296;0.41776
568;0.473472;0.026784;0.448064
569;0.440032;0.024576;0.42416
570;0.452;0.0256;0.45136
571;0.464672;0.026624;0.447648
572;0.43168;0.023552;0.408096
573;0.453024;0.024576;0.435872
574;0.376544;0.02048;0.361888
575;1.07952;0.062464;0.98416
576;0.377344;0.021504;0.362432
577;0.472832;0.026624;0.447648
578;0.87488;0.050176;0.81936
579;0.874112;0.050176;0.821696
580;0.431552;0.023552;0.415136
581;0.070944;0.008192;0.069472
582;0.4232;0.023552;0.408736
583;0.473376;0.026624;0.44896
584;0.440224;0.024704;0.41488
585;0.452544;0.0256;0.418176
586;0.472992;0.026848;0.447424
587;0.43184;0.024576;0.4168
588;0.452704;0.024576;0.435392
589;0.376512;0.021504;0.353184
590;1.02934;0.062464;0.974368
591;0.386176;0.021504;0.353856
592;0.472928;0.026624;0.4488
593;0.88496;0.049152;0.828064
594;0.88624;0.050176;0.821408
595;0.440032;0.023552;0.415648
596;0.070912;0.009216;0.069472
597;0.432352;0.023328;0.408
598;0.473248;0.026624;0.43984
599;0.409696;0.0256;0.533248
600;0.45216;0.0256;0.418144
601;0.390048;0.026624;0.448032
602;0.432;0.024576;0.4216
603;0.452128;0.024576;0.43536
604;0.37648;0.021504;0.362336
605;1.02941;0.06144;0.974368
606;0.37728;0.021504;0.353888
607;0.473312;0.026624;0.448256
608;0.875712;0.050176;0.828576
609;0.886368;0.050176;0.839936
610;0.431872;0.023552;0.415168
611;0.070912;0.008192;0.069504
612;0.423552;0.023552;0.42192
613;0.473152;0.026784;0.439104
614;0.44944;0.0256;0.423808
615;0.452064;0.0256;0.436928
616;0.473184;0.026624;0.456992
617;0.431648;0.024576;0.41696
618;0.452096;0.024576;0.426656
619;0.376128;0.02048;0.362464
620;1.03869;0.06144;0.974464
621;0.386144;0.02048;0.363136
622;0.47392;0.026624;0.457184
623;0.876736;0.050176;0.828928
624;0.874688;0.050176;0.830752
625;0.431488;0.022688;0.414592
626;0.07088;0.008192;0.069472
627;0.441568;0.022528;0.422496
628;0.472928;0.026752;0.440384
629;0.44048;0.024576;0.424224
630;0.452096;0.0256;0.427328
631;0.473216;0.026624;0.457376
632;0.431904;0.024576;0.416672
633;0.452096;0.024576;0.436672
634;0.376544;0.02048;0.352608
635;1.04358;0.06144;0.983424
636;0.377504;0.021504;0.371776
637;0.482528;0.026624;0.448064
638;0.886144;0.050176;0.829088
639;0.877824;0.050176;0.84
640;0.356704;0.023552;0.415136
641;0.07088;0.008192;0.069472
642;0.422912;0.023552;0.408992
643;0.473216;0.026624;0.44928
644;0.440832;0.024576;0.42384
645;0.461536;0.025632;0.437216
646;0.47392;0.026624;0.456128
647;0.469696;0.024576;0.416448
648;0.45296;0.024576;0.426528
649;0.376736;0.02048;0.362112
650;1.03238;0.061472;0.983584
651;0.295808;0.021504;0.362944
652;0.473152;0.026624;0.44736
653;0.876736;0.050176;0.828704
654;0.87136;0.050176;0.830848
655;0.439872;0.023552;0.419872
656;0.070848;0.008192;0.069472
657;0.423168;0.022528;0.408064
658;0.473216;0.026624;0.448096
659;0.440352;0.024576;0.423872
660;0.452416;0.0256;0.427328
661;0.47376;0.026624;0.447616
662;0.348256;0.024576;0.40752
663;0.462208;0.024576;0.436032
664;0.376448;0.021504;0.362368
665;1.0431;0.062464;0.97456
666;0.377728;0.02048;0.363488
667;0.473056;0.026624;0.448288
668;0.894176;0.050176;0.82864
669;0.815264;0.050176;0.840128
670;0.43104;0.023552;0.405824
671;0.071104;0.008192;0.069504
672;0.43344;0.024576;0.430624
673;0.464224;0.027648;0.439712
674;0.44016;0.024672;0.41488
675;0.449056;0.0256;0.436832
676;0.47392;0.026624;0.456512
677;0.432704;0.024576;0.416064
678;0.452256;0.024576;0.417536
679;0.373696;0.021504;0.362336
680;1.04442;0.062464;0.983296
681;0.37728;0.021504;0.36256
682;0.473824;0.026688;0.439584
683;0.87472;0.050176;0.827904
684;0.871968;0.050176;0.830912
685;0.430816;0.022528;0.418816
686;0.070912;0.008192;0.069504
687;0.432064;0.02432;0.421664
688;0.472928;0.026816;0.457056
689;0.357504;0.024576;0.414688
690;0.45216;0.0256;0.418624
691;0.390048;0.026624;0.456672
692;0.431936;0.024576;0.416576
693;0.451936;0.024576;0.435712
694;0.376672;0.02048;0.362336
695;1.03875;0.062464;0.983392
696;0.295968;0.021504;0.362848
697;0.47312;0.026624;0.457664
698;0.875744;0.050176;0.828576
699;0.877568;0.050176;0.831168
700;0.431488;0.023552;0.41456
701;0.070816;0.008192;0.069504
702;0.4328;0.023552;0.422048
703;0.47328;0.026624;0.439264
704;0.44064;0.024576;0.415296
705;0.45232;0.0256;0.436576
706;0.473216;0.026624;0.4568
707;0.43136;0.024576;0.416512
708;0.453088;0.024576;0.439872
709;0.376288;0.02048;0.361824
710;1.03005;0.062464;0.974336
711;0.377248;0.021504;0.362592
712;0.47392;0.026688;0.448192
713;0.884416;0.049152;0.828544
714;0.877664;0.050176;0.839328
715;0.431584;0.023552;0.414848
716;0.070816;0.008192;0.069472
717;0.4232;0.023552;0.399232
718;0.473952;0.026624;0.457792
719;0.567104;0.024576;0.438592
720;0.452128;0.0256;0.437088
721;0.474432;0.026624;0.456672
722;0.43184;0.024576;0.416992
723;0.462112;0.024576;0.42624
724;0.377216;0.02048;0.361856
725;1.03331;0.06144;0.98368
726;0.37728;0.021504;0.362592
727;0.472928;0.026624;0.448448
728;0.882624;0.050176;0.820352
729;0.873856;0.050176;0.830592
730;0.431808;0.023552;0.420288
731;0.070944;0.008192;0.069472
732;0.423168;0.023552;0.407872
733;0.473152;0.027648;0.447936
734;0.441248;0.024576;0.423904
735;0.452928;0.0256;0.427904
736;0.473856;0.026624;0.456352
737;0.431712;0.024576;0.40736
738;0.461088;0.024576;0.439616
739;0.376512;0.020736;0.352512
740;1.02509;0.06144;0.98288
741;0.295808;0.02048;0.353472
742;0.473152;0.026624;0.457856
743;0.871744;0.049408;0.819776
744;0.789344;0.050176;0.830944
745;0.430784;0.023552;0.405952
746;0.070816;0.008192;0.069568
747;0.432;0.022528;0.421504
748;0.473248;0.026624;0.448192
749;0.440224;0.024736;0.414656
750;0.45312;0.0256;0.4184
751;0.474752;0.026624;0.456608
752;0.431616;0.024576;0.416768
753;0.453056;0.024576;0.439616
754;0.37648;0.02048;0.353248
755;1.05158;0.06144;0.983072
756;0.377344;0.021504;0.363136
757;0.473248;0.026624;0.448544
758;0.875936;0.050176;0.829088
759;0.874272;0.050176;0.839936
760;0.43088;0.023552;0.414464
761;0.070848;0.008192;0.069504
762;0.432384;0.023552;0.412896
763;0.473216;0.026624;0.457696
764;0.44;0.024576;0.424384
765;0.460768;0.0256;0.427424
766;0.473184;0.026624;0.43872
767;0.432032;0.024576;0.407264
768;0.461088;0.024576;0.435392
769;0.376512;0.020576;0.35248
770;0.984096;0.06144;0.983776
771;0.296096;0.021504;0.362624
772;0.473888;0.026624;0.45712
773;0.875744;0.050176;0.837952
774;0.878144;0.050176;0.830496
775;0.43088;0.023552;0.4056
776;0.07088;0.009216;0.069504
777;0.43248;0.022528;0.422016
778;0.473248;0.02672;0.447808
779;0.440096;0.024576;0.414912
780;0.452032;0.0256;0.427968
781;0.473184;0.026816;0.438816
782;0.432;0.024576;0.408416
783;0.45296;0.024576;0.435232
784;0.367328;0.020768;0.352672
785;1.02941;0.06144;0.975104
786;0.3776;0.021504;0.36256
787;0.474176;0.026624;0.44816
788;0.87152;0.050176;0.828928
789;0.87728;0.050176;0.821664
790;0.431904;0.023552;0.414816
791;0.07088;0.008192;0.069632
792;0.432448;0.023552;0.421568
793;0.43008;0.026624;0.466944
794;0.44;0.024576;0.4064
795;0.452192;0.0256;0.427296
796;0.473152;0.026816;0.447584
797;0.43184;0.023552;0.417056
798;0.452768;0.024576;0.439616
799;0.376288;0.021504;0.362336
800;0.953184;0.061472;0.983552
801;0.377888;0.021504;0.371808
802;0.473088;0.026688;0.440064
803;0.884576;0.050176;0.828672
804;0.86864;0.050176;0.821504
805;0.431104;0.023552;0.419072
806;0.070816;0.009216;0.069504
807;0.423872;0.02432;0.413024
808;0.47456;0.026624;0.457344
809;0.441056;0.024576;0.423808
810;0.45216;0.0256;0.436384
811;0.473216;0.026624;0.447424
812;0.431744;0.023552;0.407648
813;0.45264;0.024576;0.426144
814;0.377216;0.02048;0.371072
815;1.06179;0.06144;0.983392
816;0.377696;0.021504;0.35392
817;0.482112;0.026624;0.457504
818;0.87472;0.050176;0.837504
819;0.87344;0.050176;0.821344
820;0.431008;0.023552;0.405952
821;0.070912;0.008192;0.069472
822;0.433312;0.023552;0.430624
823;0.473024;0.026624;0.448448
824;0.440416;0.024576;0.415264
825;0.452096;0.0256;0.437152
826;0.482912;0.026624;0.45648
827;0.431936;0.024576;0.416992
828;0.452096;0.024576;0.434976
829;0.376544;0.021504;0.36256
830;1.02912;0.06144;0.983488
831;0.37696;0.02048;0.36256
832;0.48272;0.026624;0.457696
833;0.893568;0.049152;0.82864
834;0.877952;0.050176;0.839936
835;0.43152;0.023552;0.415008
836;0.070816;0.008288;0.069472
837;0.4232;0.023424;0.399424
838;0.473984;0.027648;0.44944
839;0.4408;0.024576;0.423872
840;0.451776;0.0256;0.427456
841;0.473856;0.026624;0.447456
842;0.397792;0.024576;0.521568
843;0.452608;0.024576;0.416896
844;0.376832;0.021504;0.352608
845;1.03395;0.06144;0.97392
846;0.377664;0.021504;0.363136
847;0.473888;0.026688;0.453472
848;0.884896;0.050176;0.837408
849;0.88768;0.050176;0.840096
850;0.43184;0.023552;0.415296
851;0.07088;0.008192;0.069472
852;0.423616;0.024576;0.412896
853;0.474112;0.026624;0.457152
854;0.449984;0.024576;0.437088
855;0.442912;0.0256;0.427296
856;0.47424;0.026624;0.447008
857;0.431904;0.024576;0.407712
858;0.452576;0.024576;0.435488
859;0.376544;0.021504;0.352608
860;1.04355;0.062464;0.984064
861;0.377184;0.021504;0.362336
862;0.47312;0.026784;0.447616
863;0.875808;0.050176;0.828192
864;0.886304;0.050176;0.82224
865;0.422176;0.023552;0.405312
866;0.070912;0.008192;0.069504
867;0.432416;0.022816;0.423168
868;0.472992;0.026624;0.439648
869;0.440032;0.024672;0.415776
870;0.452096;0.0256;0.436576
871;0.47376;0.026624;0.456672
872;0.43184;0.024576;0.416544
873;0.451968;0.024576;0.417312
874;0.376448;0.020608;0.361504
875;1.02506;0.06144;0.974272
876;0.37728;0.021504;0.353888
877;0.47392;0.026624;0.457888
878;0.87152;0.050176;0.828768
879;0.843872;0.050176;0.821056
880;0.430976;0.023552;0.420384
881;0.070848;0.009216;0.069568
882;0.423296;0.023552;0.407904
883;0.482208;0.026624;0.457536
884;0.440192;0.024576;0.40656
885;0.461568;0.0256;0.436544
886;0.47312;0.026688;0.461888
887;0.431776;0.02384;0.416576
888;0.453312;0.023552;0.425952
889;0.376576;0.02064;0.361984
890;1.03354;0.06144;0.983328
891;0.318656;0.021504;0.362688
892;0.472928;0.026624;0.457696
893;0.871712;0.050176;0.828736
894;0.874944;0.050176;0.830432
895;0.43088;0.023552;0.405376
896;0.070912;0.008192;0.069504
897;0.432544;0.02432;0.421568
898;0.473408;0.027648;0.439424
899;0.440096;0.024576;0.41456
900;0.461248;0.0256;0.437216
901;0.473024;0.026624;0.448128
902;0.432;0.023552;0.416512
903;0.443936;0.024576;0.426368
904;0.37616;0.020608;0.361888
905;1.04429;0.06144;0.983712
906;0.37728;0.021504;0.362336
907;0.47088;0.026624;0.44848
908;0.884576;0.050176;0.828288
909;0.878176;0.050176;0.82176
910;0.431392;0.022528;0.414912
911;0.070848;0.008192;0.069472
912;0.423264;0.023552;0.413792
913;0.473184;0.026624;0.44848
914;0.44128;0.024608;0.423968
915;0.452128;0.0256;0.441696
916;0.473888;0.026624;0.438816
917;0.43184;0.023552;0.407296
918;0.461856;0.024608;0.427936
919;0.310368;0.02048;0.466368
920;1.02477;0.06144;0.975008
921;0.368096;0.021504;0.35344
922;0.47328;0.026624;0.448384
923;0.875744;0.049152;0.829568
924;0.878016;0.050176;0.840224
925;0.43968;0.023552;0.414496
926;0.070784;0.008192;0.069472
927;0.432416;0.023552;0.412608
928;0.47424;0.026624;0.45776
929;0.449056;0.024576;0.424384
930;0.452288;0.0256;0.418688
931;0.479232;0.026624;0.447456
932;0.431488;0.024576;0.407584
933;0.452704;0.024576;0.436352
934;0.376448;0.02048;0.361824
935;1.05229;0.06144;0.983648
936;0.377248;0.021504;0.36224
937;0.472928;0.026624;0.457888
938;0.889504;0.050176;0.828864
939;0.89216;0.050176;0.830336
940;0.431936;0.023552;0.415232
941;0.07088;0.008192;0.069472
942;0.423232;0.023552;0.400032
943;0.473568;0.026624;0.457888
944;0.497248;0.024608;0.424864
945;0.452;0.0256;0.427296
946;0.473184;0.026624;0.438688
947;0.431744;0.024576;0.40752
948;0.45264;0.024576;0.435488
949;0.376512;0.021504;0.352608
950;1.02931;0.06144;0.97424
951;0.377216;0.021504;0.362592
952;0.473184;0.027648;0.44752
953;0.874752;0.050176;0.819104
954;0.914208;0.050176;0.839456
955;0.440384;0.023552;0.420352
956;0.07088;0.008192;0.069568
957;0.423072;0.022528;0.399744
958;0.4824;0.026624;0.457568
959;0.440224;0.024608;0.423936
960;0.452224;0.0256;0.436576
961;0.473824;0.026624;0.447424
962;0.431712;0.024576;0.407904
963;0.461824;0.024576;0.435072
964;0.377376;0.02048;0.35264
965;1.02989;0.06144;0.973824
966;0.377024;0.021504;0.36256
967;0.473472;0.026624;0.448224
968;0.875808;0.050176;0.820608
969;0.887488;0.0512;0.830432
970;0.430848;0.023552;0.41472
971;0.070848;0.009216;0.069504
972;0.4328;0.023552;0.431232
973;0.473152;0.026624;0.438336
974;0.440544;0.0256;0.423744
975;0.452832;0.0256;0.426848
976;0.47312;0.026624;0.45648
977;0.431424;0.024576;0.416736
978;0.45264;0.024576;0.416832
979;0.376224;0.02048;0.36176
980;1.02461;0.06144;0.97392
981;0.295936;0.021504;0.362688
982;0.47328;0.026624;0.457728
983;0.872416;0.050176;0.828544
984;0.878208;0.050176;0.839904
985;0.43088;0.023552;0.415072
986;0.070816;0.008192;0.069504
987;0.429696;0.023552;0.40816
988;0.473312;0.026624;0.449056
989;0.440032;0.024576;0.428928
990;0.452096;0.0256;0.4416
991;0.473024;0.027648;0.45616
992;0.431776;0.024576;0.407872
993;0.4608;0.024576;0.426112
994;0.300544;0.021504;0.372448
995;1.04323;0.06144;0.98368
996;0.37728;0.021504;0.353376
997;0.473152;0.026624;0.447616
998;0.872032;0.050176;0.82864
999;0.824928;0.050176;0.831104
1000;0.430848;0.023552;0.414528
1001;0.07088;0.008192;0.069568
1002;0.423488;0.023296;0.413152
1003;0.473376;0.026656;0.448576
1004;0.441056;0.024704;0.42384
1005;0.451808;0.0256;0.437088
1006;0.473344;0.027648;0.447008
1007;0.431936;0.024576;0.407328
1008;0.452992;0.024576;0.435072
1009;0.37648;0.02048;0.353184
1010;1.03843;0.06144;0.9832
1011;0.29616;0.021504;0.363136
1012;0.482208;0.026848;0.447744
1013;0.882656;0.049152;0.819456
1014;0.87072;0.050176;0.82224
1015;0.430784;0.023552;0.414592
1016;0.070816;0.008192;0.069472
1017;0.422912;0.022528;0.408384
1018;0.473184;0.026624;0.457536
1019;0.441312;0.116736;0.434336
1020;0.452032;0.026624;0.427488
1021;0.472992;0.026688;0.438496
1022;0.431808;0.024576;0.407584
1023;0.450016;0.024576;0.426912
1024;0.376512;0.020608;0.361536
1025;1.02944;0.06144;0.974848
1026;0.29616;0.021504;0.362784
1027;0.47312;0.026624;0.447584
1028;0.883968;0.050176;0.828512
1029;0.882496;0.050176;0.83104
1030;0.430944;0.023552;0.415104
1031;0.070848;0.008192;0.06944
1032;0.44192;0.023552;0.421632
1033;0.473312;0.026624;0.456928
1034;0.440064;0.024576;0.415488
1035;0.452064;0.0256;0.427872
1036;0.47328;0.026624;0.438048
1037;0.43808;0.024576;0.416448
1038;0.452;0.024576;0.435776
1039;0.374464;0.02048;0.362368
1040;1.03075;0.062464;0.9752
1041;0.377216;0.021504;0.353952
1042;0.473152;0.026624;0.457568
1043;0.87584;0.050176;0.837568
1044;0.873824;0.050176;0.835488
1045;0.430816;0.023552;0.414656
1046;0.070784;0.008288;0.069472
1047;0.423232;0.023552;0.399008
1048;0.47328;0.026624;0.457216
1049;0.44064;0.0256;0.423872
1050;0.452128;0.0256;0.427648
1051;0.47312;0.026624;0.447296
1052;0.431712;0.024576;0.40736
1053;0.452704;0.024576;0.426208
1054;0.37648;0.02048;0.35264
1055;1.03843;0.06144;0.974944
1056;0.296192;0.021504;0.362368
1057;0.47328;0.026624;0.448192
1058;0.875744;0.050176;0.828672
1059;0.882304;0.050176;0.8304
1060;0.431488;0.023552;0.415072
1061;0.070816;0.008192;0.0696
1062;0.423136;0.023552;0.408128
1063;0.473216;0.026624;0.457728
1064;0.440064;0.024576;0.415328
1065;0.452512;0.0256;0.418688
1066;0.473152;0.026624;0.438752
1067;0.431872;0.023552;0.416992
1068;0.452608;0.024576;0.435872
1069;0.2936;0.02048;0.371136
1070;1.02486;0.062464;0.983328
1071;0.377248;0.021504;0.363136
1072;0.472832;0.026624;0.448704
1073;0.840672;0.050176;0.820704
1074;0.877984;0.050176;0.831296
1075;0.431808;0.023552;0.415008
1076;0.07088;0.008288;0.069472
1077;0.423232;0.024288;0.407808
1078;0.473344;0.026624;0.457632
1079;0.44016;0.024576;0.423872
1080;0.452064;0.025632;0.436608
1081;0.473728;0.026624;0.456448
1082;0.348864;0.024576;0.407456
1083;0.452032;0.024576;0.436768
1084;0.376448;0.02048;0.3528
1085;1.0249;0.06144;0.974624
1086;0.383328;0.021504;0.362624
1087;0.47328;0.026656;0.448832
1088;0.883008;0.04944;0.820224
1089;0.868736;0.050176;0.821344
1090;0.430912;0.023552;0.41504
1091;0.070816;0.008192;0.069472
1092;0.432576;0.023552;0.399296
1093;0.473216;0.026624;0.44896
1094;0.396096;0.024576;0.4384
1095;0.45216;0.0256;0.436512
1096;0.473728;0.026624;0.45664
1097;0.432608;0.024576;0.417024
1098;0.452672;0.024576;0.417056
1099;0.376736;0.021504;0.361856
1100;1.02483;0.06144;0.974528
1101;0.376896;0.021504;0.362848
1102;0.473344;0.027648;0.448608
1103;0.874752;0.050176;0.828768
1104;0.87808;0.050176;0.84112
1105;0.431968;0.023552;0.424256
1106;0.070816;0.009216;0.069504
1107;0.423168;0.022528;0.408256
1108;0.482432;0.026624;0.453536
1109;0.440384;0.024576;0.423808
1110;0.452288;0.0256;0.43632
1111;0.47376;0.026624;0.447424
1112;0.431968;0.023552;0.408064
1113;0.45264;0.024576;0.434976
1114;0.377536;0.021504;0.353088
1115;1.03558;0.061472;0.974624
1116;0.376672;0.021504;0.3632
1117;0.473344;0.026624;0.448064
1118;0.875712;0.050176;0.828416
1119;0.878016;0.050176;0.830336
1120;0.430784;0.023552;0.414688
1121;0.070848;0.008192;0.069696
1122;0.425056;0.022528;0.412864
1123;0.472832;0.026624;0.457056
1124;0.440704;0.024576;0.424352
1125;0.452384;0.0256;0.436544
1126;0.473024;0.026624;0.456704
1127;0.431808;0.024576;0.407488
1128;0.45296;0.024576;0.435744
1129;0.376448;0.021504;0.353088
1130;1.04314;0.06144;0.98288
1131;0.377568;0.021504;0.362592
1132;0.4736;0.026624;0.439232
1133;0.871584;0.050176;0.818752
1134;0.877024;0.050176;0.830624
1135;0.43184;0.022528;0.419872
1136;0.070976;0.00832;0.069568
1137;0.423328;0.022528;0.399264
1138;0.471264;0.026624;0.457952
1139;0.438304;0.024576;0.424384
1140;0.452128;0.0256;0.427488
1141;0.474272;0.026624;0.438528
1142;0.432416;0.024576;0.416832
1143;0.452288;0.024576;0.435104
1144;0.309824;0.02048;0.36192
1145;1.0391;0.06144;0.97456
1146;0.289248;0.021504;0.3624
1147;0.473152;0.026624;0.461728
1148;0.874656;0.050176;0.837248
1149;0.871296;0.050176;0.830944
1150;0.430816;0.023552;0.406144
1151;0.070944;0.008288;0.069472
1152;0.432832;0.023552;0.42256
1153;0.473216;0.026624;0.43968
1154;0.440384;0.024576;0.415136
1155;0.452096;0.0256;0.436512
1156;0.473824;0.026624;0.452896
1157;0.431776;0.024576;0.417056
1158;0.46176;0.024576;0.426592
1159;0.376448;0.021504;0.362368
1160;1.01197;0.06144;0.983808
1161;0.28912;0.021504;0.362336
1162;0.47312;0.026624;0.457728
1163;0.876736;0.050176;0.837056
1164;0.869984;0.050336;0.830528
1165;0.4288;0.023552;0.4056
1166;0.070848;0.008192;0.069472
1167;0.43216;0.023552;0.431232
1168;0.473248;0.026656;0.4392
1169;0.396384;0.0256;0.527616
1170;0.452192;0.0256;0.427296
1171;0.482656;0.026688;0.456704
1172;0.4408;0.024576;0.416704
1173;0.452064;0.024576;0.436288
1174;0.376448;0.020768;0.362464
1175;1.04358;0.06144;0.983104
1176;0.377248;0.021504;0.363296
1177;0.48272;0.026656;0.46288
1178;0.875744;0.050176;0.837664
1179;0.88688;0.050176;0.830656
1180;0.432032;0.023552;0.405888
1181;0.070848;0.008192;0.069472
1182;0.43312;0.023552;0.431072
1183;0.472512;0.026624;0.448096
1184;0.440704;0.024576;0.414912
1185;0.452672;0.0256;0.418112
1186;0.473856;0.026624;0.447392
1187;0.431776;0.024576;0.416992
1188;0.368928;0.024576;0.435104
1189;0.37648;0.02048;0.3624
1190;1.0369;0.06144;0.983264
1191;0.29584;0.021504;0.353408
1192;0.471456;0.026624;0.448192
1193;0.871712;0.050176;0.819328
1194;0.883136;0.050176;0.830144
1195;0.430848;0.023552;0.4152
1196;0.07088;0.009216;0.069504
1197;0.432576;0.022816;0.407904
1198;0.482048;0.026624;0.448
1199;0.440896;0.024576;0.415168
1200;0.452736;0.0256;0.43616
1201;0.471104;0.026624;0.45648
1202;0.431744;0.024576;0.417024
1203;0.452672;0.024576;0.425984
1204;0.376512;0.020576;0.3624
1205;1.04269;0.062464;0.983616
1206;0.377248;0.021504;0.36256
1207;0.473696;0.026624;0.447968
1208;0.871552;0.050176;0.820128
1209;0.877984;0.050176;0.831168
1210;0.431808;0.023552;0.415104
1211;0.070848;0.008192;0.069568
1212;0.432224;0.023552;0.42256
1213;0.464;0.027648;0.439616
1214;0.440576;0.024576;0.423968
1215;0.452736;0.0256;0.436672
1216;0.47312;0.026624;0.456928
1217;0.43168;0.023552;0.417344
1218;0.45296;0.024576;0.41728
1219;0.300896;0.02048;0.371776
1220;1.03722;0.06144;0.97552
1221;0.377216;0.021504;0.353376
1222;0.47376;0.026624;0.447424
1223;0.875488;0.049152;0.828576
1224;0.877664;0.050176;0.821504
1225;0.431008;0.023552;0.405888
1226;0.070912;0.00832;0.069504
1227;0.4232;0.023552;0.408
1228;0.47296;0.027648;0.448384
1229;0.44016;0.024576;0.42384
1230;0.443616;0.0256;0.427712
1231;0.481888;0.027648;0.44704
1232;0.431424;0.023552;0.398624
1233;0.408448;0.024576;0.43584
1234;0.376704;0.020576;0.353216
1235;1.04733;0.06144;0.9832
1236;0.377216;0.021504;0.362944
1237;0.473152;0.026624;0.448032
1238;0.86752;0.050176;0.819904
1239;0.88432;0.050176;0.840608
1240;0.430848;0.023552;0.414624
1241;0.070848;0.008192;0.069504
1242;0.423168;0.023296;0.408416
1243;0.42976;0.026624;0.457632
1244;0.440992;0.024576;0.415488
1245;0.460896;0.0256;0.436576
1246;0.473792;0.026624;0.457056
1247;0.4416;0.023552;0.416832
1248;0.452928;0.024576;0.435424
1249;0.376576;0.02048;0.362336
3750;6.39775e-270;8.41907e-317;1.04198
3751;8.07997e-270;0;0.386304
3752;3.91746e-294;0;0.472896
3753;5.51744e-312;8.3102e-222;0.874976
3754;7.29112e-304;1.39875e-163;0.876864
3755;2.56634e-289;1.15349e-192;0.428416
3756;3.91516e-294;2.41034e-144;0.070848
3757;5.44448e-241;7.57644e-188;0.432128
3758;7.22362e-275;2.10199e-192;0.47344
3759;6.64644e-270;1.15023e-245;0.448704
3760;2.15525e-314;9.77069e-275;0.451776
3761;3.72174e-294;1.63678e-226;0.472704
3762;1.6663e-255;2.56735e-289;0.535008
3763;8.88755e-246;3.05349e-260;0.45248
3764;2.41954e-231;6.61641e-183;0.37632
3765;1.01819e-298;1.01e-187;1.02333
3766;2.25567e-231;4.08975e-120;0.377088
3767;9.09532e-217;3.39802e-231;0.482112
3768;2.54537e-260;7.74266e-217;0.879776
3769;4.97785e-265;1.13794e-216;0.8736
3770;1.86714e-255;4.87697e-241;0.430464
3771;7.27825e-222;9.04012e-275;0.07088
3772;5.46761e-207;1.53228e-226;0.43136
3773;1.38158e-279;3.69288e-236;0.472896
3774;7.15466e-212;1.17926e-221;0.439968
3775;6.30089e-246;1.37374e-192;0.384512
3776;5.216e-217;7.15241e-212;0.473568
3777;1.86532e-255;2.26949e-72;0.431488
3778;2.74901e-260;2.95431e-236;1.49405e-319
3779;5.29668e-294;2.34053e-260;8.10465e-320
3780;9.08648e-217;5.22207e-270;0.026624
3781;1.40017e-255;1.80211e-255;0.026624
3782;5.2548e-241;1.42261e-139;0.024576
3783;2.70764e-236;2.1303e+40;0.024576
3784;2.56735e-289;1.21753e+45;0.021504
3785;2.93529e-178;1.83121e-76;0.062464
3786;5.63369e-309;1.42581e-105;0.021504
3787;6.2844e-299;2.74314e-139;0.026624
3788;3.46923e-289;5.68314e-236;0.050176
3789;5.44854e-270;5.79995e-154;0.050208
3790;1.22485e-250;3.10983e-265;0.023552
3791;4.95605e-183;8.55321e-270;0.008192
3792;5.66671e-183;2.69371e-202;0.023552
3793;7.28942e-217;5.45318e-270;0.026624
3794;1.59892e-255;8.26316e-159;0.024576
3795;9.0373e-275;3.33845e-289;0.0256
3796;8.6777e-275;6.00807e-246;0.026624
3797;6.65923e-236;3.71628e-231;0.024576
3798;2.44304e-284;1.09271e-250;0.024576
3799;4.2965e-207;5.0703e-241;0.021504
3800;1.09306e-250;5.44447e-241;0.06144
3801;4.68582e-236;8.68195e-275;0.021504
3802;3.80009e-149;2.06929e-255;0.027648
3803;7.22504e-275;6.99707e-309;0.050176
3804;6.39962e-270;6.39918e-314;0.050176
3805;3.4467e-236;3.13151e-294;0.023552
3806;8.02712e-125;9.1264e-304;0.008192
3807;7.1512e-212;3.13229e-294;0.022528
3808;1.26815e-279;2.43909e-289;0.026624
3809;2.25914e-231;6.39918e-314;0.024576
3810;5.82088e-241;0;0.0256
3811;9.75937e-275;4.73962e-270;0.026624
3812;5.66868e-236;4.16738e-212;0.024576
3813;1.16354e-274;6.83706e-188;0.024576
3814;9.99646e-217;1.68221e-284;0.021504
3815;6.64457e-270;2.18205e-289;0.06144
3816;3.9064e-207;2.43757e-289;0.021504
3817;7.18501e-299;3.13151e-294;0.026624
3818;7.58749e-275;5.37677e-299;0.050176
3819;9.11569e-304;3.59701e-289;0.050176
3820;5.44617e-217;2.43708e-289;0.023552
3821;2.45416e-250;2.06904e-255;0.008288
3822;2.8264e-289;1.93472e-284;0.023552
3823;1.53165e-226;1.93392e-231;0.026624
3824;9.12999e-304;5.66963e-236;0.0256
3825;1.03178e-245;3.19293e-197;0.0256
3826;2.43959e-289;1.19958e-255;0.026624
3827;5.72204e-246;8.59701e-246;0.024576
3828;2.30982e-289;4.35161e-265;0.024576
3829;9.7495e-275;4.96066e-183;0.02048
3830;5.44575e-270;4.50209e-270;0.062464
3831;2.17704e-231;1.73447e-255;0.021504
3832;1.2113e-192;1.99905e-255;0.026624
3833;7.4297e-159;1.224e-250;0.050176
3834;1.27881e-303;5.66299e-183;0.050176
3835;2.54848e-192;8.30813e-275;0.022528
3836;2.54435e-226;1.13568e-250;0.008192
3837;6.1649e-236;5.68341e-270;0.023552
3838;2.33077e-173;8.64561e-217;0.026624
3839;2.81677e-202;1.04447e-163;0.0256
3840;1.26816e-250;2.41953e-231;0.0256
3841;9.59855e-164;2.95026e-260;0.026624
3842;2.79641e-38;9.17784e-251;0.024576
3843;2.67051e-168;5.21192e-270;0.024576
3844;4.52653e-231;3.55703e-125;0.02048
3845;3.26244e-265;1.49111e-279;0.06144
3846;2.05428e-289;6.63528e-270;0.02048
3847;1.97626e-323;1.90577e-226;0.026624
3848;0;3.15829e-260;0.050176
3849;0;5.63414e-241;0.050176
3850;0;5.49547e-294;0.023552
3851;0;1.1031e-279;0.008192
3852;8.20429e-304;6.87631e-246;0.023552
3853;6.63621e-270;2.52078e-197;0.026624
3854;2.47388e-183;1.93519e-231;0.0256
3855;1.57848e-250;6.86682e-275;0.0256
3856;8.75833e-111;1.08496e-274;0.026624
3857;5.10176e-294;5.38268e-299;0.024576
3858;2.11933e-226;2.13608e-260;0.024576
3859;9.03305e-275;5.18204e-236;0.02048
3860;1.38458e-221;4.11779e-294;0.062464
3861;2.18104e-289;5.97639e-299;0.021504
3862;1.40571e-120;3.25942e-265;0.026624
3863;9.98409e-217;9.5781e-164;0.050176
3864;2.31132e-289;6.40602e-241;0.050176
3865;2.91316e-120;3.95063e-236;0.022528
3866;4.73964e-270;9.04012e-275;0.008192
3867;3.32724e-294;1.48398e-192;0.023552
3868;8.67911e-275;2.22968e-173;0.026624
3869;8.88084e-246;2.56061e-202;0.024576
3870;5.60625e-309;1.37974e-245;0.0256
3871;1.3759e-192;1.54071e-192;0.026624
3872;2.75101e-260;5.36544e-212;0.024576
3873;2.2717e-255;1.24951e-221;0.024736
3874;5.05978e-125;8.28802e-241;0.02048
3875;1.32132e-192;9.04153e-275;0.06144
3876;4.80484e-57;1.46742e-202;0.021504
3877;4.13327e-159;1.8531e-231;0.026624
3878;3.41327e-265;2.74543e-260;0.050176
3879;1.58545e-226;1.51375e-284;0.050176
3880;1.66406e-202;4.98461e-270;0.023552
3881;5.83474e-48;2.19384e-284;0.008192
3882;9.1507e+15;1.04301e-105;0.023552
3883;1.91269e+214;4.18827e-149;0.026624
3884;1.26167e-139;1.18062e-221;0.024576
3885;4.7679e-212;8.31097e-275;0.027648
3886;1.72849e-240;1.97626e-323;0.026624
3887;2.72952e-86;2.18054e-289;0.024576
3888;1.43113e-192;7.29293e-304;0.024576
3889;1.58525e-226;3.5268e-294;0.02048
3890;1.68396e-144;7.46781e-67;0.062464
3891;3.8143e-236;1.9066e-226;0.021504
3892;3.18343e-47;5.82234e-241;0.026624
3893;3.14574e-173;8.02495e-246;0.050176
3894;3.16883e-67;2.03289e-260;0.050176
3895;1.81955e-153;3.57136e-265;0.023552
3896;3.45685e-236;1.93205e-260;0.00832
3897;7.57695e+25;2.85024e-260;0.022528
3898;3.69541e-115;1.00525e-250;0.026784
3899;2.96109e-236;8.30988e-246;0.024576
3900;7.42155e-120;8.30875e-246;0.0256
3901;1.39668e-308;1.10353e-279;0.026816
3902;2.56735e-289;2.54696e-260;0.024576
3903;2.56735e-289;4.50203e-241;0.024576
3904;2.56735e-289;8.88196e-246;0.02048
3905;1.4822e-323;4.19249e-236;0.06144
3906;0;5.96894e-212;0.021504
3907;0;4.19731e-236;0.026624
3908;0;6.90492e-236;0.050176
3909;3.92052e-294;7.23214e-275;0.050176
3910;1.93505e-284;2.49969e-316;0.023552
3911;1.16013e-274;0;0.008192
3912;2.56684e-289;0;0.023552
3913;6.39918e-314;2.0959e-231;0.026624
3914;7.29112e-304;4.7964e-178;0.0256
3915;1.51343e-284;1.2723e-216;0.0256
3916;9.11924e-304;3.7125e-207;0.026624
3917;5.63267e-241;1.46411e-168;0.024576
3918;1.68254e-284;1.66911e-221;0.024768
3919;1.87002e-255;4.49453e-260;0.02048
3920;7.29112e-304;3.41933e-265;0.06144
3921;7.75397e-304;1.2673e-250;0.021504
3922;1.17983e-250;2.18154e-289;0.026624
3923;5.4489e-241;3.68856e-236;0.050176
3924;1.98174e-202;3.87114e-173;0.050176
3925;1.15871e-274;8.35338e-212;0.023552
3926;3.56377e-236;3.6666e-173;0.009216
3927;9.10064e-217;8.60378e-246;0.022528
3928;2.10581e-284;1.63967e-226;0.027648
3929;2.93664e-255;1.18036e-221;0.024704
3930;4.5057e-241;5.68793e-270;0.0256
3931;7.68962e-193;5.92825e-270;0.026624
3932;1.04551e-216;7.59739e-275;0.024576
3933;1.01247e-274;4.9781e-270;0.024576
3934;1.39604e-168;2.18457e-289;0.021504
3935;3.44621e-236;1.17437e-163;0.062464
3936;8.7939e-198;6.40904e-241;0.021504
3937;2.44255e-260;2.22933e-96;0.026624
3938;2.74981e-260;3.02314e-207;0.050176
3939;1.15991e-279;6.86685e-275;0.050176
3940;1.38649e-221;2.10418e-284;0.023552
3941;3.33946e-289;8.59701e-246;0.008192
3942;5.443e-241;2.74104e-144;0.023552
3943;1.6374e-226;1.15045e+74;0.026624
3944;2.56785e-289;5.61615e+54;0.024576
3945;1.34073e-197;2.20359e-105;0.0256
3946;3.92515e-294;4.96925e-91;0.027648
3947;5.09637e-294;1.79936e-134;0.023552
3948;9.40397e-275;1.25196e-221;0.024576
3949;2.33894e-260;1.99457e-168;0.02048
3950;2.14162e-255;2.95146e-260;0.06144
3951;3.12543e-207;2.87123e-284;0.021504
3952;1.31949e-221;1.2113e-192;0.026624
3953;1.38892e-221;4.66411e-265;0.050176
3954;4.96975e-270;8.22359e-193;0.050176
3955;2.02109e-284;3.34047e-289;0.022816
3956;3.33108e-294;1.00456e-250;0.008192
3957;2.01666e-250;4.08247e-260;0.023552
3958;8.54762e-270;8.3076e-246;0.026624
3959;4.7667e-212;1.60101e-255;0.024576
3960;4.97624e-270;6.87066e-246;0.0256
3961;4.9354e-236;2.69763e-289;0.026784
3962;1.08764e-129;6.9806e-309;0.024576
3963;4.50497e-241;5.58995e-309;0.024576
3964;8.67909e-275;6.39918e-314;0.02048
3965;6.01929e-246;7.29112e-304;0.06144
3966;3.67059e-173;2.69712e-289;0.021504
3967;4.93346e-236;2.56735e-289;0.026624
3968;6.27622e-299;2.56736e-289;0.049344
3969;4.46384e-212;2.15528e-314;0.050176
3970;4.34912e-265;0;0.023552
3971;1.15754e-279;4.73962e-270;0.008192
3972;1.66556e-221;3.44717e-236;0.023552
3973;2.53106e-284;6.83425e-188;0.026624
3974;6.54894e-212;2.56734e-289;0.024576
3975;7.11686e-270;2.56735e-289;0.0256
3976;1.24897e-221;3.91668e-294;0.026624
3977;1.93834e-284;2.05227e-289;0.023808
3978;1.80055e-255;2.56735e-289;0.024576
3979;3.91746e-294;2.95107e-260;0.02048
3980;1.26804e-226;1.76627e-284;0.06144
3981;3.6126e-255;3.26549e-260;0.021504
3982;9.04151e-275;4.11318e-294;0.026624
3983;2.41764e-231;4.50276e-241;0.050176
3984;2.02142e-284;2.22527e-226;0.050176
3985;6.39281e-241;1.76418e-192;0.022528
3986;2.56886e-289;9.1693e-251;0.008192
3987;1.1322e-255;5.17626e-236;0.023552
3988;1.39886e-255;1.71105e-279;0.026624
3989;2.74583e-260;5.57177e-188;0.024576
3990;3.91746e-294;5.08517e-299;0.026624
3991;7.16342e-246;3.56809e-236;0.026624
3992;3.52089e-207;4.18093e-236;0.026496
3993;3.07593e-202;1.24707e-221;0.024576
3994;3.60205e-289;8.63823e-188;0.02048
3995;3.64678e-226;3.10434e-265;0.06144
3996;3.45816e-202;2.64619e-260;0.021504
3997;1.18273e-216;5.99178e-299;0.029504
3998;1.59451e-168;3.4438e-236;0.050176
3999;6.37735e-183;2.43224e-173;0.050176
4000;4.03899e-265;1.54598e-279;0.023552
4001;7.71645e-159;7.06273e-294;0.008192
4002;5.83203e-48;5.44817e-241;0.022528
4003;8.54436e-183;1.26781e-250;0.026624
4004;2.54272e-226;3.43301e-149;0.02464
4005;5.69071e-270;6.64274e-270;0.025632
4006;2.05428e-289;9.40398e-275;0.026656
4007;1.97626e-323;1.80065e-226;0.024576
4008;0;3.2687e-260;0.024576
4009;0;8.54948e-270;0.020576
4010;0;1.18856e-303;0.062464
4011;0;1.59914e-284;0.021504
4012;2.43857e-289;1.00594e-250;0.027648
4013;1.86793e-255;5.6008e-178;0.050176
4014;4.41441e-159;2.13728e-260;0.050176
4015;7.74115e-246;9.6143e-251;0.023552
4016;2.23435e-120;2.44255e-260;0.008192
4017;2.10614e-284;3.72582e-265;0.023296
4018;6.16207e-270;6.86963e-275;0.026624
4019;1.00474e-250;1.90618e-226;0.024576
4020;1.79735e-226;1.51442e-284;0.0256
4021;4.50275e-241;6.86115e-275;0.026624
4022;1.03526e-62;6.86824e-275;0.024576
4023;5.06491e-212;3.25161e-178;0.024576
4024;1.85165e-284;4.44587e-236;0.02048
4025;3.8961e-120;3.23194e-231;0.06144
4026;6.14473e-275;1.15733e-279;0.021504
4027;2.30931e-289;1.15327e-192;0.026624
4028;4.8143e-265;1.85191e-202;0.050176
4029;9.76506e-275;1.92993e-197;0.050176
4030;5.60623e-309;9.77214e-275;0.023552
4031;4.49961e-207;1.00125e-216;0.008192
4032;2.52874e-284;7.03879e-217;0.023552
4033;5.63266e-241;1.86209e-168;0.026624
4034;3.67933e-149;2.14374e-255;0.024576
4035;6.38107e-183;6.39683e-270;0.0256
4036;3.6776e-28;1.04546e-197;0.026784
4037;4.02024e-183;1.93487e-231;0.024576
4038;1.0477e-250;9.03164e-275;0.024576
4039;1.09254e-250;2.13648e-260;0.02048
4040;1.22e-163;1.53572e-255;0.06144
4041;1.17555e-42;6.17325e-270;0.021504
4042;3.92638e+25;1.80049e-139;0.026624
4043;1.0678e+161;3.56192e-178;0.050176
4044;1.68855e-139;1.17981e-221;0.050176
4045;2.61322e-33;7.58889e-275;0.023552
4046;1.36944e-182;3.45846e-323;0.008192
4047;5.55457e-101;4.77831e-299;0.023552
4048;8.26847e-101;2.56685e-289;0.026624
4049;1.207e-245;9.1282e-304;0.024576
4050;1.04176e-192;3.49081e-33;0.0256
4051;1.04711e-216;1.00053e-216;0.026624
4052;8.56029e-33;1.01303e-274;0.024576
4053;2.01214e-226;3.72887e-265;0.024576
4054;2.19731e-62;3.69098e-236;0.02064
4055;9.4507e-120;2.25882e-231;0.06144
4056;4.52489e-241;3.10374e-265;0.021504
4057;3.18638e+06;2.95417e-289;0.026624
4058;3.44013e-115;7.73103e-246;0.050176
4059;3.4501e-236;5.82383e-241;0.050176
4060;6.12585e-139;5.44522e-241;0.023552
4061;4.22672e-309;1.76923e-284;0.008192
4062;3.91746e-294;7.18854e-299;0.023424
4063;7.29112e-304;3.19759e-236;0.026624
4064;3.91746e-294;5.63268e-241;0.024576
4065;4.94066e-324;2.41858e-231;0.025632
4066;7.29112e-304;2.81879e-202;0.026624
4067;3.91746e-294;1.03447e-245;0.024576
4068;7.29112e-304;3.281e-226;0.024576
4069;2.56885e-289;8.31947e-275;0.020736
4070;2.0201e-284;3.33186e-316;0.06144
4071;7.34974e-270;0;0.021504
4072;3.91668e-294;0;0.026624
4073;2.15528e-314;8.30649e-246;0.050176
4074;3.13151e-294;3.71133e-202;0.050176
4075;3.72098e-294;5.1781e-231;0.023552
4076;5.58441e-309;1.735e-255;0.008192
4077;1.35528e-250;4.76318e-125;0.022528
4078;6.27973e-299;1.26747e-250;0.026624
4079;3.15829e-260;1.45237e-274;0.024576
4080;3.13151e-294;3.57003e-236;0.0256
4081;5.51752e-312;6.16022e-270;0.026624
4082;1.26747e-250;5.44668e-270;0.023552
4083;1.86793e-255;3.10253e-265;0.024576
4084;1.51056e-197;7.50802e-154;0.02048
4085;1.48843e-250;1.08891e-163;0.06144
4086;2.0659e-255;2.65196e-226;0.021504
4087;3.55841e-231;2.85304e-260;0.026624
4088;1.01289e-274;2.74948e-231;0.050176
4089;2.80397e-255;5.44946e-270;0.050176
4090;8.74135e-251;6.50577e-275;0.023552
4091;1.8473e-197;1.13377e-255;0.008288
4092;5.18866e-183;1.04828e-274;0.023552
4093;2.64501e-260;9.93999e-280;0.026624
4094;1.31152e-86;1.31867e-221;0.0256
4095;7.73216e-246;2.39877e-168;0.0256
4096;4.68034e-188;6.13586e-217;0.026624
4097;1.61999e-319;1.61999e-319;4.19956e-322
4098;0.026624;1.04053e+10;6.90803e-310
4099;0.026624;9.91543e+09;4.2804e-314
4100;0.024576;1.0112e+10;4.2804e-314
4101;0.024576;1.00542e+10;4.2804e-314
4102;0.021504;9.77899e+09;4.22065e-311
4103;0.062464;1.12158e+10;9.88131e-324
4104;0.021504;1.19161e+10;0
4105;0.026624;1.03945e+10;0
4106;0.050176;1.09822e+10;0
4107;0.050208;1.10829e+10;4.19956e-322
4108;0.023552;1.01085e+10;6.90803e-310
4109;0.008192;1.30081e+10;4.2804e-314
4110;0.023552;1.01207e+10;4.2804e-314
4111;0.026624;1.03931e+10;4.2804e-314
4112;0.024576;1.01709e+10;4.21853e-311
4113;0.0256;1.02173e+10;9.88131e-324
4114;0.026624;1.03847e+10;0
4115;0.024576;1.01173e+10;0
4116;0.024576;1.01089e+10;0
4117;0.021504;9.78065e+09;5.78057e-322
4118;0.06144;1.13883e+10;6.90803e-310
4119;0.021504;9.79952e+09;6.90803e-310
4120;0.027648;1.03952e+10;6.90803e-310
4121;0.050176;1.11039e+10;0
4122;0.050176;1.11021e+10;0
4123;0.023552;1.25173e+10;4.94066e-324
4124;0.008192;1.29905e+10;0
4125;0.022528;1.01177e+10;0
4126;0.026624;1.03917e+10;4.94066e-324
4127;0.024576;1.01709e+10;0
4128;0.0256;1.03053e+10;0
4129;0.026624;1.03924e+10;0
4130;0.024576;1.01128e+10;0
4131;0.024576;1.00549e+10;6.57107e-322
4132;0.021504;9.77982e+09;3.31466e-316
4133;0.06144;1.1309e+10;9.88131e-324
4134;0.021504;9.77876e+09;6.90803e-310
4135;0.026624;1.03952e+10;6.90803e-310
4136;0.050176;1.10967e+10;6.90803e-310
4137;0.050176;1.12595e+10;0
4138;0.023552;1.25069e+10;4.24399e-314
4139;0.008288;1.30199e+10;6.90803e-310
4140;0.023552;1.01252e+10;0
4141;0.026624;1.03875e+10;0
4142;0.0256;1.01569e+10;6.90803e-310
4143;0.0256;1.02557e+10;0
4144;0.026624;1.00046e+10;0
4145;0.024576;1.01128e+10;0
4146;0.024576;1.02513e+10;0
4147;0.02048;9.77566e+09;6.57107e-322
4148;0.062464;9.91154e+09;6.90803e-310
4149;0.021504;9.78456e+09;6.90803e-310
4150;0.026624;1.04002e+10;6.90803e-310
4151;0.050176;1.12276e+10;0
4152;0.050176;1.12955e+10;0
4153;0.022528;1.01078e+10;4.94066e-324
4154;0.008192;1.30023e+10;0
4155;0.023552;1.03359e+10;0
4156;0.026624;1.04009e+10;4.94066e-324
4157;0.0256;1.01746e+10;0
4158;0.0256;1.02513e+10;0
4159;0.026624;1.03995e+10;0
4160;0.024576;1.03359e+10;0
4161;0.024576;1.02557e+10;4.94066e-324
4162;0.02048;9.78065e+09;6.32404e-322
4163;0.06144;1.11183e+10;1.60571e-321
4164;0.02048;9.78788e+09;1.87786e-316
4165;0.026624;1.03924e+10;4.24399e-314
4166;0.050176;1.11346e+10;4.94066e-324
4167;0.050176;1.1283e+10;6.90803e-310
4168;0.023552;1.0104e+10;0
4169;0.008192;1.30081e+10;6.90803e-310
4170;0.023552;1.03249e+10;6.90803e-310
4171;0.026624;1.03931e+10;0
4172;0.0256;1.01776e+10;6.90803e-310
4173;0.0256;1.02506e+10;1.87797e-316
4174;0.026624;1.03966e+10;0
4175;0.024576;1.01113e+10;2.27073e-320
4176;0.024576;1.02615e+10;6.90803e-310
4177;0.02048;9.78065e+09;6.90803e-310
4178;0.062464;1.14691e+10;0
4179;0.021504;9.78788e+09;1.82385e-317
4180;0.026624;1.03959e+10;6.90803e-310
4181;0.050176;1.12272e+10;0
4182;0.050176;1.12549e+10;0
4183;0.022528;1.00883e+10;0
4184;0.008192;1.30081e+10;0
4185;0.023552;1.03312e+10;0
4186;0.026624;1.03945e+10;0
4187;0.024576;1.01702e+10;0
4188;0.0256;1.02571e+10;0
4189;0.026624;1.03952e+10;0
4190;0.024576;1.01135e+10;0
4191;0.024736;1.02347e+10;0
4192;0.02048;9.78897e+09;0
4193;0.06144;1.13101e+10;0
4194;0.021504;9.78788e+09;0
4195;0.026624;1.03931e+10;0
4196;0.050176;1.12063e+10;0
4197;0.050176;1.13192e+10;0
4198;0.023552;1.15332e+10;6.90803e-310
4199;0.008192;1.29964e+10;0
4200;0.023552;1.01207e+10;0
4201;0.026624;1.03896e+10;0
4202;0.024576;1.01717e+10;0
4203;0.027648;1.02615e+10;6.57107e-322
4204;0.026624;1.0377e+10;3.31466e-316
4205;0.024576;1.01113e+10;9.88131e-324
4206;0.024576;1.02586e+10;6.90803e-310
4207;0.02048;9.78065e+09;6.90803e-310
4208;0.062464;1.13862e+10;6.90803e-310
4209;0.021504;9.79536e+09;0
4210;0.026624;1.03938e+10;4.24399e-314
4211;0.050176;1.09083e+10;6.90803e-310
4212;0.050176;1.13142e+10;0
4213;0.023552;1.0104e+10;0
4214;0.00832;1.30081e+10;6.90803e-310
4215;0.022528;1.03241e+10;0
4216;0.026784;1.03938e+10;0
4217;0.024576;1.01746e+10;0
4218;0.0256;1.02571e+10;0
4219;0.026816;1.03763e+10;5.78057e-322
4220;0.024576;1.01098e+10;6.90803e-310
4221;0.024576;1.02455e+10;6.90803e-310
4222;0.02048;9.78065e+09;6.90803e-310
4223;0.06144;1.13114e+10;0
4224;0.021504;1.18891e+10;0
4225;0.026624;1.03896e+10;4.94066e-324
4226;0.050176;1.12009e+10;0
4227;0.050176;1.12644e+10;0
4228;0.023552;1.01093e+10;4.94066e-324
4229;0.008192;1.29847e+10;0
4230;0.023552;1.03413e+10;0
4231;0.026624;1.03875e+10;0
4232;0.0256;1.01576e+10;0
4233;0.0256;1.02361e+10;4.19956e-322
4234;0.026624;1.05843e+10;6.90803e-310
4235;0.024576;1.03304e+10;4.2804e-314
4236;0.024768;1.02419e+10;4.2804e-314
4237;0.02048;9.78065e+09;4.2804e-314
4238;0.06144;1.13135e+10;4.21004e-311
4239;0.021504;9.79038e+09;9.88131e-324
4240;0.026624;1.03917e+10;0
4241;0.050176;1.12116e+10;0
4242;0.050176;1.1288e+10;0
4243;0.023552;1.01093e+10;4.99006e-322
4244;0.009216;1.30081e+10;3.31466e-316
4245;0.022528;1.03241e+10;9.88131e-324
4246;0.027648;1.03931e+10;6.90803e-310
4247;0.024704;1.01606e+10;6.90803e-310
4248;0.0256;1.03229e+10;6.90803e-310
4249;0.026624;1.21847e+10;0
4250;0.024576;1.01173e+10;2.122e-314
4251;0.024576;1.02347e+10;0
4252;0.021504;9.76653e+09;0
4253;0.062464;1.12161e+10;0
4254;0.021504;9.78871e+09;0
4255;0.026624;1.03952e+10;4.99006e-322
4256;0.050176;1.09877e+10;1.27619e-192
4257;0.050176;1.12781e+10;1.27619e-192
4258;0.023552;1.00838e+10;1.86766e-316
4259;0.008192;1.3014e+10;6.90803e-310
4260;0.023552;1.03398e+10;6.90803e-310
4261;0.026624;1.0384e+10;6.90803e-310
4262;0.024576;1.01835e+10;0
4263;0.0256;1.02383e+10;2.56761e-312
4264;0.027648;1.03945e+10;0
4265;0.023552;1.01173e+10;0
4266;0.024576;1.02513e+10;0
4267;0.02048;9.77317e+09;4.19956e-322
4268;0.06144;1.14109e+10;6.90803e-310
4269;0.021504;9.78788e+09;4.2804e-314
4270;0.026624;1.03854e+10;4.2804e-314
4271;0.050176;1.10975e+10;4.2804e-314
4272;0.050176;1.09945e+10;4.23338e-311
4273;0.022816;1.01085e+10;9.88131e-324
4274;0.008192;1.30023e+10;0
4275;0.023552;8.32562e+09;0
4276;0.026624;1.0187e+10;0
4277;0.024576;1.01547e+10;4.99006e-322
4278;0.0256;1.02564e+10;6.90803e-310
4279;0.026784;1.01985e+10;4.2804e-314
4280;0.024576;1.0106e+10;4.2804e-314
4281;0.024576;1.02462e+10;4.2804e-314
4282;0.02048;9.78231e+09;4.23126e-311
4283;0.06144;1.14045e+10;9.88131e-324
4284;0.021504;9.79038e+09;0
4285;0.026624;1.03861e+10;0
4286;0.049344;1.12672e+10;0
4287;0.050176;1.12061e+10;0
4288;0.023552;1.01108e+10;0
4289;0.008192;1.30023e+10;6.57107e-322
4290;0.023552;1.03359e+10;3.31466e-316
4291;0.026624;1.03931e+10;9.88131e-324
4292;0.024576;1.01569e+10;6.90803e-310
4293;0.0256;1.0263e+10;6.90803e-310
4294;0.026624;1.03959e+10;6.90803e-310
4295;0.023808;1.01053e+10;0
4296;0.024576;1.02347e+10;4.24399e-314
4297;0.02048;9.78065e+09;6.90803e-310
4298;0.06144;1.14144e+10;0
4299;0.021504;9.78788e+09;0
4300;0.026624;1.01965e+10;6.90803e-310
4301;0.050176;1.15379e+10;0
4302;0.050176;1.12913e+10;0
4303;0.022528;1.0107e+10;0
4304;0.008192;1.30081e+10;0
4305;0.023552;1.03249e+10;4.99006e-322
4306;0.026624;1.0377e+10;3.31466e-316
4307;0.024576;1.01768e+10;9.88131e-324
4308;0.026624;1.0239e+10;6.90803e-310
4309;0.026624;1.03861e+10;6.90803e-310
4310;0.026496;1.03296e+10;6.90803e-310
4311;0.024576;1.0057e+10;0
4312;0.02048;9.86113e+09;2.122e-314
4313;0.06144;1.14148e+10;0
4314;0.021504;9.78871e+09;0
4315;0.029504;1.03826e+10;0
4316;0.050176;1.12001e+10;0
4317;0.050176;1.11335e+10;4.19956e-322
4318;0.023552;1.00868e+10;6.90803e-310
4319;0.008192;1.30081e+10;4.2804e-314
4320;0.022528;1.03343e+10;4.2804e-314
4321;0.026624;1.03973e+10;4.2804e-314
4322;0.02464;1.01598e+10;4.19731e-311
4323;0.025632;1.02571e+10;9.88131e-324
4324;0.026656;1.03875e+10;0
4325;0.024576;1.01188e+10;0
4326;0.024576;1.1902e+10;0
4327;0.020576;9.78231e+09;4.19956e-322
4328;0.062464;1.14155e+10;1.27619e-192
4329;0.021504;9.78955e+09;1.27619e-192
4330;0.027648;1.03931e+10;1.86766e-316
4331;0.050176;1.12256e+10;6.90803e-310
4332;0.050176;1.1113e+10;6.90803e-310
4333;0.023552;1.01093e+10;6.90803e-310
4334;0.008192;1.30023e+10;0
4335;0.023296;1.01215e+10;2.39786e-312
4336;0.026624;1.02033e+10;0
4337;0.024576;1.01768e+10;1.60571e-321
4338;0.0256;1.02579e+10;1.87786e-316
4339;0.026624;1.03952e+10;4.24399e-314
4340;0.024576;1.0332e+10;4.94066e-324
4341;0.024576;1.02383e+10;6.90803e-310
4342;0.02048;9.77982e+09;0
4343;0.06144;1.14176e+10;6.90803e-310
4344;0.021504;9.7962e+09;6.90803e-310
4345;0.026624;1.03938e+10;0
4346;0.050176;1.10959e+10;6.90803e-310
4347;0.050176;1.10873e+10;1.87797e-316
4348;0.023552;1.0107e+10;0
4349;0.008192;1.30081e+10;2.27073e-320
4350;0.023552;1.01818e+10;6.90803e-310
4351;0.026624;1.16771e+10;6.90803e-310
4352;0.024576;1.01598e+10;0
4353;0.0256;1.03266e+10;2.16029e-317
4354;0.026784;1.03798e+10;6.90803e-310
4355;0.024576;1.01045e+10;0
4356;0.024576;1.00583e+10;0
4357;0.02048;9.78065e+09;0
4358;0.06144;1.13139e+10;0
4359;0.021504;9.78788e+09;0
4360;0.026624;1.03931e+10;0
4361;0.050176;1.12128e+10;0
4362;0.050176;1.11077e+10;0
4363;0.023552;1.01093e+10;0
4364;0.008192;1.3014e+10;0
4365;0.023552;1.01215e+10;0
4366;0.026624;1.03763e+10;0
4367;0.024576;1.01717e+10;0
4368;0.0256;1.0255e+10;0
4369;0.026624;1.03812e+10;0
4370;0.024576;1.01195e+10;0
4371;0.024576;1.02586e+10;0
4372;0.02064;9.78065e+09;6.90803e-310
4373;0.06144;1.1446e+10;0
4374;0.021504;9.78042e+09;0
4375;0.026624;1.03931e+10;0
4376;0.050176;1.07984e+10;0
4377;0.050176;1.12834e+10;1.05236e-321
4378;0.023552;1.01003e+10;2.31245e-316
4379;0.008192;1.30081e+10;1.86766e-316
4380;0.023424;1.01252e+10;0
4381;0.026624;1.0384e+10;6.90803e-310
4382;0.024576;1.03708e+10;0.024576
4383;0.025632;1.02361e+10;1.58101e-322
4384;0.026624;1.03875e+10;2.36181e-316
4385;0.024576;1.01195e+10;9.68665e-320
4386;0.024576;1.02593e+10;6.90803e-310
4387;0.020736;9.78231e+09;6.90805e-310
4388;0.06144;1.14052e+10;4.94066e-324
4389;0.021504;9.78788e+09;2.36181e-316
4390;0.026624;1.03861e+10;9.68665e-320
4391;0.050176;1.12194e+10;2.93276e-316
4392;0.050176;1.12245e+10;3.22921e-319
4393;0.023552;1.01115e+10;0
4394;0.008192;1.30199e+10;0
4395;0.022528;1.03327e+10;0
4396;0.026624;1.03945e+10;2.93561e-316
4397;0.024576;1.01761e+10;0
4398;0.0256;1.0255e+10;5.18065e-318
4399;0.026624;1.03707e+10;4.94066e-324
4400;0.023552;1.01105e+10;0
4401;0.024576;8.3439e+09;0
4402;0.02048;9.77566e+09;3.87347e-321
4403;0.06144;1.14623e+10;4.19956e-322
4404;0.021504;9.78705e+09;6.90803e-310
4405;0.026624;1.03931e+10;4.2804e-314
4406;0.050176;1.12231e+10;4.2804e-314
4407;0.050176;1.1227e+10;4.2804e-314
4408;0.023552;1.03801e+10;4.19306e-311
4409;0.008288;1.29964e+10;9.88131e-324
4410;0.023552;1.03366e+10;0
4411;0.026624;1.03924e+10;0
4412;0.0256;1.01746e+10;0
4413;0.0256;1.02579e+10;5.78057e-322
4414;0.026624;1.03945e+10;6.90803e-310
4415;0.024576;1.01105e+10;6.90803e-310
4416;0.024576;1.02441e+10;6.90803e-310
4417;0.021504;9.78148e+09;0
4418;0.0616;1.15132e+10;0
4419;0.021504;9.79121e+09;4.94066e-324
4420;0.026624;1.01958e+10;0
4421;0.050176;1.13021e+10;0
4422;0.050176;1.12098e+10;4.94066e-324
4423;0.023552;1.01003e+10;0
4424;0.008192;1.30081e+10;0
4425;0.022528;1.03319e+10;0
4426;0.026624;1.19468e+10;0
4427;0.024608;1.01702e+10;6.57107e-322
4428;0.0256;1.02651e+10;3.31466e-316
4429;0.026624;1.04016e+10;9.88131e-324
4430;0.024576;1.01105e+10;6.90803e-310
4431;0.024576;1.02282e+10;6.90803e-310
4432;0.021504;1.00331e+10;6.90803e-310
4433;0.06144;1.13149e+10;0
4434;0.021504;9.79038e+09;4.24399e-314
4435;0.026624;1.03931e+10;6.90803e-310
4436;0.050176;1.12231e+10;0
4437;0.050176;1.19892e+10;0
4438;0.023552;1.00845e+10;6.90803e-310
4439;0.008192;1.29555e+10;0
4440;0.023552;1.01215e+10;0
4441;0.026624;1.03868e+10;0
4442;0.024576;1.01672e+10;0
4443;0.0256;1.02579e+10;1.52666e-321
4444;0.026816;1.03686e+10;1.87786e-316
4445;0.023552;1.01038e+10;4.24399e-314
4446;0.024576;1.02368e+10;4.94066e-324
4447;0.021504;9.78647e+09;6.90803e-310
4448;0.06144;1.15139e+10;0
4449;0.021504;9.78456e+09;6.90803e-310
4450;0.026624;1.01857e+10;6.90803e-310
4451;0.050176;1.12095e+10;0
4452;0.050176;1.12163e+10;6.90803e-310
4453;0.023552;1.00995e+10;1.87797e-316
4454;0.009216;1.30081e+10;0
4455;0.023296;1.03327e+10;2.27023e-320
4456;0.027648;1.03875e+10;6.90803e-310
4457;0.024576;1.01776e+10;6.90803e-310
4458;0.0256;1.02455e+10;0
4459;0.026624;1.03896e+10;2.2893e-317
4460;0.024576;1.00903e+10;6.90803e-310
4461;0.024576;1.02376e+10;0
4462;0.021504;9.78398e+09;0
4463;0.06144;1.13539e+10;0
4464;0.021504;9.7937e+09;0
4465;0.026624;1.03889e+10;0
4466;0.050176;1.12751e+10;0
4467;0.050176;1.12106e+10;0
4468;0.022528;1.00525e+10;0
4469;0.008192;1.30081e+10;0
4470;0.023552;1.03327e+10;0
4471;0.026624;1.03861e+10;0
4472;0.024608;1.0168e+10;0
4473;0.0256;1.02477e+10;0
4474;0.026624;1.03707e+10;0
4475;0.024576;1.01083e+10;0
4476;0.024576;1.02528e+10;0
4477;0.021504;9.77816e+09;0
4478;0.06144;1.14531e+10;6.90803e-310
4479;0.021504;9.78373e+09;0
4480;0.026624;1.03945e+10;0
4481;0.050176;1.1242e+10;4.19956e-322
4482;0.050176;1.10721e+10;1.27619e-192
4483;0.023552;1.00995e+10;1.27619e-192
4484;0.008192;1.29964e+10;1.86766e-316
4485;0.023328;1.03312e+10;6.90803e-310
4486;0.026624;1.0572e+10;6.90803e-310
4487;0.024576;1.01503e+10;6.90803e-310
4488;0.0256;1.02586e+10;0
4489;0.026624;1.03882e+10;2.56761e-312
4490;0.024576;1.01045e+10;0
4491;0.024576;1.02397e+10;4.19956e-322
4492;0.02048;9.76819e+09;6.90803e-310
4493;0.06144;1.15067e+10;4.2804e-314
4494;0.021504;9.78373e+09;4.2804e-314
4495;0.028672;1.03714e+10;4.2804e-314
4496;0.050176;1.12705e+10;4.16548e-311
4497;0.050176;1.09969e+10;9.88131e-324
4498;0.023552;1.0086e+10;0
4499;0.008192;1.30023e+10;0
4500;0.023552;1.03179e+10;0
4501;0.02672;1.22137e+10;4.19956e-322
4502;0.024576;1.01488e+10;6.90803e-310
4503;0.0256;1.04541e+10;4.2804e-314
4504;0.02688;1.03693e+10;4.2804e-314
4505;0.023552;1.01113e+10;4.2804e-314
4506;0.024576;1.02368e+10;4.16336e-311
4507;0.02048;9.77317e+09;9.88131e-324
4508;0.06144;1.1261e+10;0
4509;0.021504;9.79204e+09;0
4510;0.026624;1.03868e+10;0
4511;0.050176;1.11968e+10;4.99006e-322
4512;0.050176;1.12897e+10;3.31466e-316
4513;0.023552;1.01018e+10;9.88131e-324
4514;0.008192;1.30023e+10;6.90803e-310
4515;0.024352;1.03304e+10;6.90803e-310
4516;0.026624;1.03812e+10;6.90803e-310
4517;0.024576;1.01665e+10;0
4518;0.0256;1.02542e+10;2.122e-314
4519;0.026624;1.03749e+10;0
4520;0.023552;1.0103e+10;0
4521;0.024576;1.02318e+10;0
4522;0.021504;9.77483e+09;0
4523;0.06144;1.14403e+10;4.19956e-322
4524;0.021504;9.7937e+09;6.90803e-310
4525;0.132096;1.05778e+10;4.2804e-314
4526;0.050176;1.10059e+10;4.2804e-314
4527;0.050176;1.12024e+10;4.2804e-314
4528;0.023552;1.0101e+10;4.06999e-311
4529;0.008192;1.29847e+10;9.88131e-324
4530;0.023552;1.01035e+10;0
4531;0.026624;1.05916e+10;0
4532;0.024576;1.01709e+10;0
4533;0.0256;1.02521e+10;4.99006e-322
4534;0.026752;1.03931e+10;3.31466e-316
4535;0.024576;1.0103e+10;9.88131e-324
4536;0.0256;1.02535e+10;6.90803e-310
4537;0.02048;9.77732e+09;6.90803e-310
4538;0.062464;1.13866e+10;6.90803e-310
4539;0.021504;9.79536e+09;0
4540;0.026624;1.03882e+10;2.122e-314
4541;0.049312;1.12288e+10;0
4542;0.050176;1.12624e+10;0
4543;0.023552;1.0098e+10;0
4544;0.008192;1.30081e+10;0
4545;0.022528;1.03179e+10;4.99006e-322
4546;0.026816;1.03861e+10;3.31466e-316
4547;0.024576;1.01517e+10;9.88131e-324
4548;0.0256;1.0036e+10;6.90803e-310
4549;0.026624;1.03749e+10;6.90803e-310
4550;0.024576;1.18169e+10;6.90803e-310
4551;0.024576;1.04436e+10;0
4552;0.02048;9.78065e+09;2.122e-314
4553;0.06144;1.126e+10;0
4554;0.021504;9.78456e+09;0
4555;0.026624;1.03749e+10;0
4556;0.049152;1.12358e+10;0
4557;0.0512;1.1187e+10;4.19956e-322
4558;0.022528;1.01018e+10;1.27619e-192
4559;0.008192;1.30023e+10;1.27619e-192
4560;0.023552;1.01125e+10;1.86766e-316
4561;0.026624;1.03714e+10;6.90803e-310
4562;0.024576;1.01709e+10;6.90803e-310
4563;0.0256;1.02332e+10;6.90803e-310
4564;0.026624;1.03651e+10;0
4565;0.024576;1.00881e+10;2.39786e-312
4566;0.024576;1.02376e+10;0
4567;0.02048;9.78398e+09;1.52666e-321
4568;0.06144;1.13128e+10;1.87786e-316
4569;0.021504;9.77461e+09;4.24399e-314
4570;0.026624;1.03714e+10;4.94066e-324
4571;0.050176;1.12059e+10;6.90803e-310
4572;0.050176;1.13075e+10;0
4573;0.022528;1.00756e+10;6.90803e-310
4574;0.008192;1.30023e+10;6.90803e-310
4575;0.023552;1.01058e+10;0
4576;0.026624;1.03868e+10;6.90803e-310
4577;0.024576;1.01517e+10;1.87797e-316
4578;0.026624;1.02492e+10;0
4579;0.026624;1.037e+10;2.26875e-320
4580;0.024576;1.01098e+10;6.90803e-310
4581;0.024576;1.02535e+10;6.90803e-310
4582;0.021504;9.77816e+09;9.88131e-324
4583;0.06144;1.14577e+10;0
4584;0.021504;9.79204e+09;0
4585;0.026624;1.03882e+10;0
4586;0.050176;1.0981e+10;3.95253e-322
4587;0.050176;1.12078e+10;2.71736e-322
4588;0.023552;1.01508e+10;4.94066e-324
4589;0.008192;1.30081e+10;7.90505e-323
4590;0.023552;1.03359e+10;7.90505e-323
4591;0.026816;1.0185e+10;4.94066e-324
4592;0.0256;1.01539e+10;0
4593;0.0256;1.02253e+10;0
4594;0.026624;1.03868e+10;0
4595;0.023552;1.00635e+10;0
4596;0.024672;1.00486e+10;0
4597;0.020512;9.77151e+09;0
4598;0.06144;1.14081e+10;0
4599;0.021504;1.2292e+10;0
4600;0.026624;1.23731e+10;0
4601;0.050176;1.11981e+10;0
4602;0.0512;1.12151e+10;6.90803e-310
4603;0.023552;1.01018e+10;0
4604;0.008288;1.30199e+10;0
4605;0.02336;1.01088e+10;5.78057e-322
4606;0.026624;1.03868e+10;6.90803e-310
4607;0.024576;1.01525e+10;6.90803e-310
4608;0.0256;1.02419e+10;6.90803e-310
4609;0.026816;1.0384e+10;0
4610;0.02384;1.01038e+10;0
4611;0.024576;1.02368e+10;4.94066e-324
4612;0.020576;9.77649e+09;0
4613;0.06144;1.14588e+10;0
4614;0.02048;9.78373e+09;4.94066e-324
4615;0.026624;1.03882e+10;0
4616;0.050176;1.12087e+10;0
4617;0.050176;1.12049e+10;0
4618;0.023552;1.00733e+10;0
4619;0.008192;1.30081e+10;4.19956e-322
4620;0.022528;1.01132e+10;1.27619e-192
4621;0.026624;1.03875e+10;1.27619e-192
4622;0.024576;9.94665e+09;1.86766e-316
4623;0.0256;1.13267e+10;6.90803e-310
4624;0.026752;1.03658e+10;6.90803e-310
4625;0.024576;1.00888e+10;6.90803e-310
4626;0.024576;1.02535e+10;0
4627;0.02048;9.76902e+09;2.39786e-312
4628;0.06144;1.14126e+10;0
4629;0.021504;1.00148e+10;4.19956e-322
4630;0.026624;1.03854e+10;6.90803e-310
4631;0.049152;1.12585e+10;4.2804e-314
4632;0.050176;1.1202e+10;4.2804e-314
4633;0.023552;1.00868e+10;4.2804e-314
4634;0.008192;1.30023e+10;4.18245e-311
4635;0.02432;1.01125e+10;9.88131e-324
4636;0.026624;1.03882e+10;0
4637;0.02464;1.02133e+10;0
4638;0.025792;1.02477e+10;0
4639;0.026656;1.03679e+10;4.19956e-322
4640;0.024576;9.88829e+09;6.90803e-310
4641;0.024576;1.02506e+10;4.2804e-314
4642;0.021504;9.78647e+09;4.2804e-314
4643;0.06144;1.1383e+10;4.2804e-314
4644;0.021504;9.78539e+09;4.18033e-311
4645;0.026624;1.03938e+10;9.88131e-324
4646;0.050176;1.12034e+10;0
4647;0.050176;1.13142e+10;0
4648;0.023552;1.00875e+10;0
4649;0.008192;1.29613e+10;5.78057e-322
4650;0.023552;1.01162e+10;6.90803e-310
4651;0.026624;1.03868e+10;6.90803e-310
4652;0.024576;1.01532e+10;6.90803e-310
4653;0.0256;1.02426e+10;0
4654;0.026624;1.25675e+10;0
4655;0.023552;1.01015e+10;4.94066e-324
4656;0.024576;1.02521e+10;0
4657;0.02048;9.76985e+09;0
4658;0.06144;1.12182e+10;4.94066e-324
4659;0.021504;9.78539e+09;0
4660;0.026624;1.03945e+10;0
4661;0.04944;1.1185e+10;0
4662;0.050176;1.10853e+10;0
4663;0.023552;1.01356e+10;6.57107e-322
4664;0.00832;1.30023e+10;3.31466e-316
4665;0.023296;1.03335e+10;9.88131e-324
4666;0.026784;1.03812e+10;6.90803e-310
4667;0.024576;1.01694e+10;6.90803e-310
4668;0.0256;1.02513e+10;6.90803e-310
4669;0.026624;1.05778e+10;0
4670;0.023552;1.01053e+10;4.24399e-314
4671;0.024576;1.02282e+10;6.90803e-310
4672;0.02048;9.77649e+09;0
4673;0.062464;1.09275e+10;0
4674;0.021504;9.7829e+09;6.90803e-310
4675;0.026624;1.03952e+10;0
4676;0.050176;1.12099e+10;0
4677;0.050176;1.12549e+10;0
4678;0.023552;1.00845e+10;0
4679;0.008192;1.29905e+10;1.52666e-321
4680;0.023552;1.03319e+10;1.87786e-316
4681;0.026624;1.03833e+10;4.24399e-314
4682;0.024704;1.0165e+10;4.94066e-324
4683;0.0256;1.0239e+10;6.90803e-310
4684;0.026848;1.03917e+10;0
4685;0.024576;1.01015e+10;6.90803e-310
4686;0.024576;1.02354e+10;6.90803e-310
4687;0.021504;9.77732e+09;0
4688;0.062464;1.14602e+10;6.90803e-310
4689;0.021504;9.55916e+09;1.87797e-316
4690;0.026624;1.03931e+10;0
4691;0.049152;1.10823e+10;2.27073e-320
4692;0.050176;1.11009e+10;6.90803e-310
4693;0.023552;9.89019e+09;6.90803e-310
4694;0.009216;1.29964e+10;0
4695;0.023328;1.01132e+10;2.2893e-317
4696;0.026624;1.03861e+10;6.90803e-310
4697;0.0256;1.09224e+10;0
4698;0.0256;1.02477e+10;0
4699;0.026624;1.26015e+10;0
4700;0.024576;1.00978e+10;0
4701;0.024576;1.02484e+10;0
4702;0.021504;9.77816e+09;0
4703;0.06144;1.14595e+10;0
4704;0.021504;9.78456e+09;0
4705;0.026624;1.03847e+10;0
4706;0.050176;1.11993e+10;0
4707;0.050176;1.10993e+10;0
4708;0.023552;1.00771e+10;0
4709;0.008192;1.29964e+10;0
4710;0.023552;1.03234e+10;0
4711;0.026784;1.03882e+10;0
4712;0.0256;9.95657e+09;0
4713;0.0256;1.02499e+10;0
4714;0.026624;1.03875e+10;6.90803e-310
4715;0.024576;1.0106e+10;0
4716;0.024576;1.02492e+10;0
4717;0.02048;9.78731e+09;5.78057e-322
4718;0.06144;1.13571e+10;6.90803e-310
4719;0.02048;9.55996e+09;6.90803e-310
4720;0.026624;1.03714e+10;6.90803e-310
4721;0.050176;1.11862e+10;0
4722;0.050176;1.12475e+10;0
4723;0.022688;1.0086e+10;4.94066e-324
4724;0.008192;1.30023e+10;0
4725;0.022528;9.90217e+09;0
4726;0.026752;1.03931e+10;4.94066e-324
4727;0.024576;1.01591e+10;0
4728;0.0256;1.02492e+10;0
4729;0.026624;1.03868e+10;0
4730;0.024576;1.01e+10;0
4731;0.024576;1.02492e+10;4.99006e-322
4732;0.02048;9.77649e+09;3.31466e-316
4733;0.06144;1.13038e+10;9.88131e-324
4734;0.021504;9.77876e+09;6.90803e-310
4735;0.026624;1.01864e+10;6.90803e-310
4736;0.050176;1.10675e+10;6.90803e-310
4737;0.050176;1.12073e+10;0
4738;0.023552;1.22006e+10;2.122e-314
4739;0.008192;1.30023e+10;0
4740;0.023552;1.0339e+10;0
4741;0.026624;1.03868e+10;0
4742;0.024576;1.0151e+10;0
4743;0.025632;1.00395e+10;3.21143e-322
4744;0.026624;1.03714e+10;6.90803e-310
4745;0.024576;9.28737e+09;6.90803e-310
4746;0.024576;1.02296e+10;0
4747;0.02048;9.77151e+09;6.90803e-310
4748;0.061472;1.14264e+10;6.90816e-310
4749;0.021504;1.24794e+10;6.90803e-310
4750;0.026624;1.03882e+10;3.16202e-322
4751;0.050176;1.11862e+10;6.52167e-322
4752;0.050176;1.12905e+10;3.31466e-316
4753;0.023552;9.89379e+09;9.88131e-324
4754;0.008192;1.30081e+10;6.90803e-310
4755;0.022528;1.03327e+10;6.90803e-310
4756;0.026624;1.03868e+10;6.90803e-310
4757;0.024576;1.01621e+10;0
4758;0.0256;1.02419e+10;4.24399e-314
4759;0.026624;1.03749e+10;6.90803e-310
4760;0.024576;1.2526e+10;0
4761;0.024576;1.00249e+10;0
4762;0.021504;9.77899e+09;6.90803e-310
4763;0.062464;1.1309e+10;0
4764;0.02048;9.77296e+09;0
4765;0.026624;1.03903e+10;0
4766;0.050176;1.0968e+10;0
4767;0.050176;1.20674e+10;4.19956e-322
4768;0.023552;1.00965e+10;6.90803e-310
4769;0.008192;1.29613e+10;4.2804e-314
4770;0.024576;1.00879e+10;4.2804e-314
4771;0.027648;1.0588e+10;4.2804e-314
4772;0.024672;1.01665e+10;4.17184e-311
4773;0.0256;1.03185e+10;9.88131e-324
4774;0.026624;1.03714e+10;0
4775;0.024576;1.00813e+10;0
4776;0.024576;1.02455e+10;0
4777;0.021504;9.851e+09;4.99006e-322
4778;0.062464;1.12948e+10;3.31466e-316
4779;0.021504;9.78456e+09;9.88131e-324
4780;0.026688;1.03735e+10;6.90803e-310
4781;0.050176;1.1212e+10;6.90803e-310
4782;0.050176;1.12826e+10;6.90803e-310
4783;0.022528;1.01018e+10;0
4784;0.008192;1.29964e+10;2.122e-314
4785;0.02432;1.012e+10;0
4786;0.026816;1.03931e+10;0
4787;0.024576;1.2517e+10;0
4788;0.0256;1.02477e+10;0
4789;0.026624;1.26015e+10;4.99006e-322
4790;0.024576;1.00993e+10;3.31466e-316
4791;0.024576;1.02528e+10;9.88131e-324
4792;0.02048;9.77317e+09;6.90803e-310
4793;0.062464;1.13564e+10;6.90803e-310
4794;0.021504;1.24727e+10;6.90803e-310
4795;0.026624;1.03889e+10;0
4796;0.050176;1.11989e+10;2.122e-314
4797;0.050176;1.12106e+10;0
4798;0.023552;1.0086e+10;0
4799;0.008192;1.3014e+10;0
4800;0.023552;1.01028e+10;0
4801;0.026624;1.03854e+10;4.19956e-322
4802;0.024576;1.01554e+10;6.90803e-310
4803;0.0256;1.02441e+10;4.2804e-314
4804;0.026624;1.03868e+10;4.2804e-314
4805;0.024576;1.01128e+10;4.2804e-314
4806;0.024576;1.02267e+10;4.13577e-311
4807;0.02048;9.78314e+09;9.88131e-324
4808;0.062464;1.14524e+10;0
4809;0.021504;9.78539e+09;0
4810;0.026688;1.03714e+10;0
4811;0.049152;1.10891e+10;4.19956e-322
4812;0.050176;1.12094e+10;6.90803e-310
4813;0.023552;1.00838e+10;4.2804e-314
4814;0.008192;1.3014e+10;4.2804e-314
4815;0.023552;1.03319e+10;4.2804e-314
4816;0.026624;1.03707e+10;4.13365e-311
4817;0.024576;7.89076e+09;9.88131e-324
4818;0.0256;1.02484e+10;0
4819;0.026624;1.03602e+10;0
4820;0.024576;1.01015e+10;0
4821;0.024576;1.0027e+10;5.78057e-322
4822;0.02048;9.75908e+09;6.90803e-310
4823;0.06144;1.14162e+10;6.90803e-310
4824;0.021504;9.78456e+09;6.90803e-310
4825;0.026624;1.03931e+10;0
4826;0.050176;1.11116e+10;0
4827;0.050176;1.12582e+10;4.94066e-324
4828;0.023552;1.00786e+10;0
4829;0.008192;1.29905e+10;0
4830;0.023552;1.03327e+10;4.94066e-324
4831;0.027648;1.03882e+10;0
4832;0.024576;1.01414e+10;0
4833;0.0256;1.02303e+10;0
4834;0.026624;1.03728e+10;0
4835;0.024576;1.01045e+10;6.57107e-322
4836;0.024576;1.00493e+10;3.31466e-316
4837;0.020736;9.77732e+09;9.88131e-324
4838;0.06144;1.15078e+10;6.90803e-310
4839;0.02048;1.24794e+10;6.90803e-310
4840;0.026624;1.03882e+10;6.90803e-310
4841;0.049408;1.12503e+10;0
4842;0.050176;1.24636e+10;4.24399e-314
4843;0.023552;1.01025e+10;6.90803e-310
4844;0.008192;1.3014e+10;0
4845;0.022528;1.01215e+10;0
4846;0.026624;1.03861e+10;6.90803e-310
4847;0.024736;1.0165e+10;0
4848;0.0256;1.0226e+10;0
4849;0.026624;1.03532e+10;0
4850;0.024576;1.01068e+10;0
4851;0.024576;1.02274e+10;5.78057e-322
4852;0.02048;9.77816e+09;6.90803e-310
4853;0.06144;1.12178e+10;6.90803e-310
4854;0.021504;9.7829e+09;6.90803e-310
4855;0.026624;1.03861e+10;0
4856;0.050176;1.11964e+10;0
4857;0.050176;1.12529e+10;4.94066e-324
4858;0.023552;1.01003e+10;0
4859;0.008192;1.30081e+10;0
4860;0.023552;1.01125e+10;4.94066e-324
4861;0.026624;1.03868e+10;0
4862;0.024576;1.01702e+10;0
4863;0.0256;1.00563e+10;0
4864;0.026624;1.03875e+10;0
4865;0.024576;1.0097e+10;4.19956e-322
4866;0.024576;1.00493e+10;6.90803e-310
4867;0.020576;9.77732e+09;4.2804e-314
4868;0.06144;1.19871e+10;4.2804e-314
4869;0.021504;1.24673e+10;4.2804e-314
4870;0.026624;1.03721e+10;4.1485e-311
4871;0.050176;1.11989e+10;9.88131e-324
4872;0.050176;1.12033e+10;0
4873;0.023552;1.01003e+10;0
4874;0.009216;1.30023e+10;0
4875;0.022528;1.01102e+10;4.99006e-322
4876;0.02672;1.03861e+10;6.90803e-310
4877;0.024576;1.0168e+10;4.2804e-314
4878;0.0256;1.02506e+10;4.2804e-314
4879;0.026816;1.03875e+10;4.2804e-314
4880;0.024576;1.00978e+10;4.14638e-311
4881;0.024576;1.02296e+10;9.88131e-324
4882;0.020768;1.00218e+10;0
4883;0.06144;1.14595e+10;0
4884;0.021504;9.77627e+09;0
4885;0.026624;1.03658e+10;0
4886;0.050176;1.12532e+10;0
4887;0.050176;1.12143e+10;1.60571e-321
4888;0.023552;1.00763e+10;1.87786e-316
4889;0.008192;1.30023e+10;4.24399e-314
4890;0.023552;1.0111e+10;4.94066e-324
4891;0.026624;1.14286e+10;6.90803e-310
4892;0.024576;1.01702e+10;0
4893;0.0256;1.0247e+10;6.90803e-310
4894;0.026816;1.03882e+10;6.90803e-310
4895;0.023552;1.01015e+10;0
4896;0.024576;1.02339e+10;6.90803e-310
4897;0.021504;9.78314e+09;1.87797e-316
4898;0.061472;1.23759e+10;0
4899;0.021504;9.76882e+09;2.27073e-320
4900;0.026688;1.03896e+10;6.90803e-310
4901;0.050176;1.10871e+10;6.90803e-310
4902;0.050176;1.13258e+10;0
4903;0.023552;1.0095e+10;2.42843e-317
4904;0.009216;1.3014e+10;6.90803e-310
4905;0.02432;1.03156e+10;0
4906;0.026624;1.03574e+10;0
4907;0.024576;1.01458e+10;0
4908;0.0256;1.02477e+10;0
4909;0.026624;1.03868e+10;0
4910;0.023552;1.01038e+10;0
4911;0.024576;1.02368e+10;0
4912;0.02048;9.75908e+09;0
4913;0.06144;1.111e+10;0
4914;0.021504;9.77379e+09;0
4915;0.026624;1.01951e+10;0
4916;0.050176;1.1212e+10;0
4917;0.050176;1.12636e+10;0
4918;0.023552;1.00973e+10;0
4919;0.008192;1.29964e+10;0
4920;0.023552;1.00908e+10;0
4921;0.026624;1.0391e+10;0
4922;0.024576;1.01606e+10;6.90803e-310
4923;0.0256;1.02492e+10;0
4924;0.026624;1.01783e+10;0
4925;0.024576;1.00993e+10;0
4926;0.024576;1.02492e+10;0
4927;0.021504;9.77649e+09;1.05236e-321
4928;0.06144;1.14627e+10;2.31245e-316
4929;0.02048;9.79287e+09;1.86766e-316
4930;0.026624;1.01823e+10;0
4931;0.049152;1.09755e+10;6.90803e-310
4932;0.050176;1.12057e+10;6.90795e-310
4933;0.023552;1.00853e+10;1.58101e-322
4934;0.008288;1.3014e+10;2.32071e-316
4935;0.023424;1.03319e+10;3.0553e-320
4936;0.027648;1.037e+10;6.90803e-310
4937;0.024576;1.01517e+10;6.90805e-310
4938;0.0256;1.02564e+10;6.90795e-310
4939;0.026624;1.03728e+10;2.36181e-316
4940;0.024576;1.09661e+10;9.70246e-320
4941;0.024576;1.02376e+10;4.94066e-324
4942;0.021504;9.76902e+09;6.90803e-310
4943;0.06144;1.14091e+10;6.90795e-310
4944;0.021504;9.77461e+09;2.36181e-316
4945;0.026688;1.03721e+10;9.70246e-320
4946;0.050176;1.10831e+10;4.94066e-324
4947;0.050176;1.10829e+10;6.90803e-310
4948;0.023552;1.00778e+10;6.90803e-310
4949;0.008192;1.30023e+10;6.90803e-310
4950;0.024576;1.03218e+10;0
4951;0.026624;1.03672e+10;0
4952;0.024576;9.94453e+09;6.90803e-310
4953;0.0256;1.04617e+10;4.19956e-322
4954;0.026624;1.03644e+10;6.90803e-310
4955;0.024576;1.01e+10;4.2804e-314
4956;0.024576;1.02383e+10;4.2804e-314
4957;0.021504;9.77649e+09;4.2804e-314
4958;0.062464;1.13042e+10;4.15911e-311
4959;0.021504;9.78705e+09;9.88131e-324
4960;0.026784;1.03889e+10;0
4961;0.050176;1.11981e+10;0
4962;0.050176;1.11001e+10;0
4963;0.023552;1.03085e+10;4.99006e-322
4964;0.008192;1.29964e+10;3.31466e-316
4965;0.022816;1.01117e+10;9.88131e-324
4966;0.026624;1.03917e+10;6.90803e-310
4967;0.024672;1.01694e+10;6.90803e-310
4968;0.0256;1.02492e+10;6.90803e-310
4969;0.026624;1.03749e+10;0
4970;0.024576;1.01015e+10;2.122e-314
4971;0.024576;1.02521e+10;0
4972;0.020608;9.77899e+09;0
4973;0.06144;1.15081e+10;0
4974;0.021504;9.78456e+09;0
4975;0.026624;1.03714e+10;1.63042e-322
4976;0.050176;1.12532e+10;6.90803e-310
4977;0.050176;1.16583e+10;6.90803e-310
4978;0.023552;1.0098e+10;1.58101e-322
4979;0.009216;1.30081e+10;1.04742e-321
4980;0.023552;1.03296e+10;2.31245e-316
4981;0.026624;1.01931e+10;1.86766e-316
4982;0.024576;1.01657e+10;0
4983;0.0256;1.00388e+10;6.90803e-310
4984;0.026688;1.03889e+10;0.020576
4985;0.02384;1.0103e+10;1.58101e-322
4986;0.023552;1.02217e+10;2.36181e-316
4987;0.02064;9.77566e+09;9.6822e-320
4988;0.06144;1.14137e+10;6.90803e-310
4989;0.021504;1.15847e+10;6.90805e-310
4990;0.026624;1.03931e+10;4.94066e-324
4991;0.050176;1.12507e+10;2.36181e-316
4992;0.050176;1.12442e+10;9.6822e-320
4993;0.023552;1.01003e+10;6.90803e-310
4994;0.008192;1.29964e+10;6.90805e-310
4995;0.02432;1.01088e+10;0.0256
4996;0.027648;1.03826e+10;0.026624
4997;0.024576;1.0168e+10;0.023552
4998;0.0256;1.00458e+10;0.024576
4999;0.026624;1.0391e+10;0.02048
