0;0.38784;0.0256;1.2736
1;0.513888;0.026624;0.73776
2;0.479296;0.0256;0.441664
3;0.87536;0.050176;1.43392
4;0.376096;0.02048;0.361728
5;1.03322;0.06144;1.32374
6;0.377216;0.021504;0.354752
7;0.465088;0.027648;0.456576
8;0.87104;0.050176;0.828
9;0.451488;0.024576;0.426944
10;0.420992;0.023552;0.396096
11;0.070752;0.008192;0.06944
12;0.423104;0.024576;0.3984
13;0.470656;0.026624;0.448128
14;0.43952;0.024576;0.405696
15;0.422656;0.024576;0.407648
16;0.472704;0.026624;0.447136
17;0.451232;0.0256;0.426976
18;0.876128;0.050176;0.821152
19;0.376448;0.02048;0.352992
20;1.02858;0.06144;0.982048
21;0.38608;0.021504;0.362464
22;0.472096;0.026624;0.470048
23;0.993248;0.050176;0.960672
24;0.451488;0.024576;0.427072
25;0.430528;0.023552;0.40576
26;0.07072;0.008288;0.069472
27;0.422624;0.023552;0.399424
28;0.472512;0.026624;0.461888
29;0.43056;0.026624;0.41472
30;0.430816;0.024576;0.398432
31;0.389696;0.026624;0.461888
32;0.451552;0.0256;0.436288
33;0.8768;0.050176;0.82064
34;0.3768;0.02048;0.362464
35;1.02813;0.06144;0.995584
36;0.364672;0.021504;0.344544
37;0.472192;0.026624;0.461888
38;0.869248;0.050176;0.818976
39;0.451616;0.024576;0.427296
40;0.429952;0.023552;0.419072
41;0.070752;0.008192;0.069504
42;0.42016;0.023552;0.399552
43;0.472544;0.026624;0.481216
44;0.439488;0.024576;0.423584
45;0.431072;0.023552;0.417216
46;0.472544;0.026624;0.470048
47;0.451648;0.0256;0.427808
48;0.876288;0.050176;0.82032
49;0.309216;0.021504;0.363424
50;1.03354;0.06144;0.981504
51;0.376608;0.021504;0.353312
52;0.47232;0.026624;0.437824
53;0.873728;0.050176;0.827872
54;0.451552;0.024576;0.436
55;0.43008;0.023552;0.39648
56;0.070688;0.008192;0.069472
57;0.422624;0.022528;0.407776
58;0.4728;0.026624;0.461728
59;0.439488;0.024576;0.423648
60;0.422368;0.024576;0.398912
61;0.472192;0.026624;0.446208
62;0.451232;0.0256;0.42736
63;0.8848;0.050176;0.820256
64;0.376544;0.021504;0.362528
65;1.01862;0.06144;0.981344
66;0.376992;0.021504;0.363232
67;0.47328;0.026624;0.469536
68;0.857184;0.050176;0.827488
69;0.451328;0.024576;0.4272
70;0.432576;0.023552;0.411648
71;0.070784;0.008192;0.069472
72;0.422848;0.023552;0.408384
73;0.472864;0.026624;0.457472
74;0.440256;0.024576;0.414336
75;0.421984;0.024576;0.398016
76;0.473472;0.02672;0.452704
77;0.451712;0.0256;0.436448
234;0.376864;0.021504;0.353792
235;0.472672;0.026624;0.453376
236;0.869696;0.049152;0.818368
237;0.45152;0.024576;0.427552
238;0.430016;0.023552;0.395552
239;0.070816;0.008192;0.069504
240;0.431712;0.023552;0.408096
241;0.472032;0.026816;0.448064
242;0.439168;0.0256;0.414944
243;0.430944;0.024576;0.416224
244;0.46944;0.026624;0.452672
245;0.451584;0.0256;0.427552
246;0.875968;0.050176;0.820608
247;0.376128;0.02064;0.35264
248;0.992256;0.062464;0.986816
249;0.377056;0.021504;0.353856
250;0.472512;0.026624;0.460864
251;0.869216;0.050176;0.82784
252;0.451584;0.024576;0.427488
253;0.430176;0.023552;0.405312
254;0.070752;0.00832;0.069504
255;0.431456;0.022528;0.422048
256;0.472384;0.026624;0.448224
257;0.445376;0.024576;0.424032
258;0.431168;0.023552;0.407488
259;0.472608;0.026624;0.456672
260;0.442464;0.0256;0.418176
261;0.864192;0.050176;0.829696
262;0.376192;0.02048;0.361632
263;1.03354;0.06144;0.982528
264;0.374144;0.021504;0.354784
265;0.47216;0.026624;0.4568
266;0.874432;0.050176;0.828544
267;0.442368;0.024576;0.4176
268;0.430304;0.023552;0.405152
269;0.070784;0.008192;0.06944
270;0.422688;0.023552;0.408352
271;0.472192;0.026624;0.462912
272;0.439136;0.024576;0.424352
273;0.421888;0.024576;0.406912
274;0.464064;0.026624;0.44768
275;0.451264;0.026624;0.427648
276;0.87568;0.050176;0.83856
277;0.367552;0.02048;0.352512
278;1.03357;0.06144;0.98704
279;0.37664;0.021504;0.354432
280;0.410016;0.026624;0.479488
281;0.871296;0.050176;0.827488
282;0.443648;0.024576;0.427264
283;0.422432;0.023552;0.414784
284;0.07072;0.008288;0.069472
285;0.419904;0.02432;0.3984
286;0.472256;0.026624;0.44784
287;0.439232;0.024672;0.42464
288;0.430912;0.024576;0.425664
289;0.472608;0.026624;0.447456
290;0.451136;0.0256;0.418688
291;0.875872;0.050176;0.82896
292;0.376896;0.020704;0.352736
293;1.01862;0.06144;0.981376
294;0.376928;0.021504;0.345664
295;0.472448;0.026624;0.447552
296;0.871008;0.050176;0.819168
297;0.443328;0.024576;0.417248
298;0.430656;0.023552;0.405568
299;0.071008;0.009216;0.069568
300;0.432288;0.023552;0.41792
301;0.472256;0.026624;0.457664
302;0.439168;0.024576;0.424192
303;0.430816;0.024576;0.41584
304;0.472256;0.026624;0.437952
305;0.451552;0.0256;0.42736
306;0.932192;0.050176;0.820736
307;0.376;0.02048;0.343328
308;1.03328;0.06144;0.981696
309;0.376896;0.021504;0.362976
310;0.472576;0.026624;0.447136
311;0.864192;0.050176;0.828416
390;0.432;0.024576;0.415552
391;0.376576;0.020512;0.361888
392;1.024;0.06144;0.974048
393;0.377024;0.021504;0.354624
394;0.472896;0.02688;0.462848
395;0.880896;0.050176;0.819008
396;0.451648;0.024576;0.4352
397;0.4304;0.023552;0.396928
398;0.07072;0.008288;0.069728
399;0.432128;0.023552;0.41856
400;0.4728;0.026624;0.438144
401;0.437248;0.024576;0.407072
402;0.432384;0.024576;0.415936
403;0.472544;0.026624;0.481248
404;0.380544;0.0256;0.460384
405;0.876864;0.050176;0.83136
406;0.367136;0.021504;0.353216
407;1.03814;0.06144;0.9744
408;0.376864;0.021504;0.363648
409;0.472672;0.026624;0.448448
410;0.873376;0.050176;0.82
411;0.451648;0.024576;0.417856
412;0.4304;0.022528;0.415264
413;0.070688;0.008288;0.069504
414;0.420256;0.022528;0.40928
415;0.472736;0.026624;0.45744
416;0.439968;0.024576;0.42544
417;0.422944;0.023552;0.415712
418;0.472544;0.026624;0.453696
419;0.451648;0.0256;0.426528
420;0.875392;0.050176;0.82224
421;0.376032;0.021504;0.3624
422;1.0289;0.06144;0.98336
423;0.377088;0.021504;0.36288
424;0.472928;0.026624;0.472
425;0.869152;0.050176;0.820512
426;0.451712;0.024576;0.440128
427;0.3592;0.022528;0.420256
428;0.070784;0.008192;0.069504
429;0.423008;0.023552;0.399712
430;0.47008;0.026624;0.45216
431;0.43984;0.0256;0.407072
432;0.431392;0.024576;0.416032
433;0.4728;0.026624;0.466848
434;0.452544;0.025664;0.43616
435;0.876256;0.050176;0.840672
436;0.376;0.020608;0.352512
437;1.02906;0.06144;0.983872
438;0.377184;0.021504;0.362656
439;0.472608;0.026624;0.462368
440;0.873824;0.050176;0.820064
441;0.451616;0.024576;0.416768
442;0.430688;0.023552;0.406528
443;0.070688;0.008192;0.069472
444;0.422944;0.023552;0.408896
445;0.472416;0.026624;0.456928
446;0.439616;0.024576;0.425376
447;0.431648;0.024576;0.42576
448;0.472576;0.026912;0.447712
449;0.45136;0.0256;0.426336
450;0.877632;0.050176;0.821632
451;0.376352;0.02048;0.361888
452;1.07459;0.06144;0.974592
453;0.376704;0.021504;0.362624
454;0.472992;0.026624;0.470976
455;0.875584;0.049152;0.82848
456;0.451808;0.024576;0.434944
457;0.43088;0.023552;0.415456
458;0.07072;0.008288;0.069504
459;0.42304;0.022528;0.409248
460;0.472672;0.026688;0.456704
461;0.44;0.024576;0.416128
462;0.43136;0.024576;0.415648
463;0.472864;0.026624;0.46288
464;0.451424;0.0256;0.436768
465;0.875872;0.050176;0.830784
466;0.376;0.021504;0.361824
467;1.03341;0.06144;0.983392
546;0.42304;0.023328;0.409792
547;0.473056;0.026624;0.447456
548;0.451744;0.0256;0.445792
549;0.867552;0.050176;0.83056
550;0.37552;0.02048;0.361888
551;1.02845;0.06144;0.98336
552;0.377024;0.021504;0.353504
553;0.47248;0.026752;0.452672
554;0.866144;0.049152;0.828192
555;0.451808;0.024576;0.427456
556;0.430624;0.023552;0.405536
557;0.070784;0.008192;0.069472
558;0.432192;0.023552;0.41712
559;0.473056;0.026624;0.448192
560;0.439488;0.024576;0.414592
561;0.431264;0.023552;0.416896
562;0.472768;0.027648;0.461888
563;0.451488;0.0256;0.436576
564;0.873984;0.050176;0.821504
565;0.376192;0.021504;0.35312
566;1.03475;0.06144;0.982688
567;0.377024;0.021504;0.354592
568;0.473344;0.026624;0.457184
569;0.871648;0.050176;0.828704
570;0.451936;0.024576;0.436704
571;0.430528;0.022784;0.415264
572;0.070784;0.008192;0.069504
573;0.422976;0.023296;0.408224
574;0.473024;0.026752;0.461696
575;0.439904;0.0256;0.414688
576;0.431616;0.024576;0.417088
577;0.47232;0.026624;0.461888
578;0.451552;0.0256;0.4288
579;0.882784;0.050176;0.829856
580;0.375968;0.021504;0.353248
581;1.03382;0.06144;0.992096
582;0.377088;0.021504;0.363392
583;0.472416;0.026624;0.461888
584;0.88336;0.050176;0.83856
585;0.45184;0.024576;0.418336
586;0.43056;0.023552;0.419584
587;0.070752;0.008192;0.069504
588;0.42288;0.023552;0.408224
589;0.472576;0.026624;0.4624
590;0.439744;0.024576;0.424608
591;0.431744;0.024576;0.41664
592;0.46496;0.026848;0.438272
593;0.45152;0.0256;0.418688
594;0.876352;0.050176;0.831296
595;0.376224;0.02048;0.361824
596;1.03379;0.06144;0.997312
597;0.377056;0.021504;0.363136
598;0.472768;0.026624;0.45664
599;0.97616;0.050176;0.828416
600;0.452192;0.024576;0.418368
601;0.430592;0.023552;0.406528
602;0.070752;0.008192;0.06944
603;0.432608;0.022528;0.407904
604;0.472864;0.026624;0.448288
605;0.439712;0.024576;0.415552
606;0.431424;0.024576;0.416512
607;0.472704;0.026624;0.47056
608;0.451712;0.0256;0.436608
609;0.87584;0.050176;0.82224
610;0.376544;0.021504;0.362016
611;1.03274;0.06144;0.982976
612;0.377056;0.021504;0.344736
613;0.472768;0.026624;0.461696
614;0.87056;0.050176;0.819808
615;0.458208;0.024576;0.43664
616;0.431264;0.022528;0.414816
617;0.070784;0.008192;0.069536
618;0.423744;0.02432;0.4176
619;0.472992;0.026688;0.448512
620;0.439744;0.024736;0.406464
621;0.428416;0.023552;0.407648
622;0.472768;0.027648;0.45616
623;0.45152;0.025696;0.441664
624;0.876288;0.0512;0.82096
703;0.430048;0.022528;0.406496
704;0.452352;0.0256;0.435616
705;0.877312;0.050176;0.839488
706;0.37632;0.02048;0.36208
707;1.03306;0.06144;0.975232
708;0.377056;0.021504;0.362688
709;0.473216;0.026624;0.4624
710;0.872128;0.049152;0.828736
711;0.44448;0.024576;0.435168
712;0.421184;0.023552;0.397504
713;0.07072;0.008192;0.069504
714;0.432288;0.023552;0.42288
715;0.473376;0.026624;0.447744
716;0.439552;0.024576;0.415872
717;0.431168;0.024576;0.415488
718;0.470272;0.026624;0.462848
719;0.45168;0.0256;0.436352
720;0.876128;0.050176;0.831456
721;0.37328;0.02048;0.361824
722;1.02349;0.06144;0.974592
723;0.37712;0.021504;0.353952
724;0.410368;0.026624;0.580736
725;0.870016;0.050176;0.829088
726;0.451616;0.024576;0.43536
727;0.427968;0.023552;0.406304
728;0.07072;0.008192;0.069504
729;0.432256;0.022784;0.409504
730;0.463296;0.026656;0.447584
731;0.439936;0.024576;0.407712
732;0.431744;0.024576;0.41664
733;0.472928;0.026624;0.481248
734;0.442784;0.0256;0.440608
735;0.876;0.050176;0.82208
736;0.295136;0.021504;0.361792
737;1.03869;0.06144;0.97392
738;0.367872;0.021504;0.344736
739;0.473184;0.026624;0.462848
740;0.873696;0.050176;0.838688
741;0.442496;0.024576;0.427488
742;0.430432;0.022528;0.406528
743;0.07088;0.008192;0.06944
744;0.423104;0.023552;0.409504
745;0.472416;0.026624;0.452672
746;0.439968;0.024672;0.406656
747;0.431392;0.023552;0.407488
748;0.472576;0.026624;0.480256
749;0.384288;0.0256;0.436064
750;0.885664;0.050176;0.830976
751;0.376384;0.02048;0.352608
752;1.04262;0.06144;0.983456
753;0.376736;0.021504;0.35392
754;0.473184;0.026624;0.480224
755;0.882432;0.050176;0.838176
756;0.451712;0.024576;0.435808
757;0.430464;0.023552;0.420128
758;0.07072;0.00832;0.069504
759;0.422976;0.022528;0.40928
760;0.4728;0.026624;0.461888
761;0.430432;0.024576;0.415808
762;0.431296;0.024576;0.406848
763;0.472608;0.026624;0.481152
764;0.45136;0.0256;0.427264
765;0.885184;0.050176;0.830816
766;0.375936;0.021504;0.3624
767;1.03338;0.06144;0.983872
768;0.376736;0.021504;0.353376
769;0.472928;0.026624;0.472096
770;0.873408;0.050176;0.82832
771;0.451648;0.024576;0.441664
772;0.35184;0.023552;0.41568
773;0.07072;0.008192;0.069472
774;0.432256;0.023584;0.418112
775;0.472416;0.026624;0.452672
776;0.439552;0.024576;0.407552
777;0.431296;0.024576;0.406688
778;0.472896;0.02672;0.46704
779;0.442464;0.0256;0.426432
780;0.872448;0.050176;0.830752
859;0.430752;0.023552;0.406624
860;0.431648;0.023552;0.416544
861;0.472768;0.026624;0.461856
862;0.45072;0.0256;0.427552
863;0.876224;0.050176;0.821472
864;0.376288;0.021504;0.362944
865;1.02397;0.06144;0.983616
866;0.377024;0.021504;0.362592
867;0.473184;0.026624;0.45696
868;0.874016;0.050176;0.828128
869;0.451808;0.024576;0.436352
870;0.421376;0.023552;0.40576
871;0.070752;0.00848;0.069472
872;0.42288;0.023552;0.408064
873;0.590656;0.026624;0.49088
874;0.439744;0.024576;0.424864
875;0.431456;0.024576;0.421632
876;0.472736;0.026624;0.44784
877;0.44256;0.0256;0.427168
878;0.87584;0.050176;0.830976
879;0.375936;0.02048;0.35328
880;1.02854;0.06144;0.983616
881;0.37776;0.021504;0.363616
882;0.472704;0.026624;0.47088
883;0.871232;0.049152;0.83888
884;0.451744;0.024576;0.442816
885;0.430496;0.023552;0.42032
886;0.070784;0.008192;0.069472
887;0.42304;0.023456;0.39936
888;0.472864;0.026624;0.461888
889;0.44048;0.024576;0.406496
890;0.43152;0.024576;0.416928
891;0.472896;0.026624;0.448128
892;0.451968;0.026624;0.437088
893;0.876192;0.050176;0.831968
894;0.37632;0.021504;0.344416
895;1.05197;0.06144;0.982464
896;0.377472;0.021504;0.353984
897;0.472512;0.026624;0.471072
898;0.873472;0.050176;0.82912
899;0.451808;0.0256;0.43632
900;0.431328;0.023552;0.41536
901;0.07072;0.008192;0.069504
902;0.42288;0.023552;0.407936
903;0.4736;0.026624;0.462848
904;0.440224;0.0256;0.41584
905;0.431488;0.024576;0.407008
906;0.472384;0.02672;0.452704
907;0.451616;0.0256;0.427936
908;0.874144;0.050176;0.831072
909;0.376448;0.021504;0.344288
910;1.05184;0.06144;0.984032
911;0.376736;0.021504;0.353376
912;0.4728;0.026624;0.46192
913;0.873984;0.050176;0.828928
914;0.4512;0.024576;0.427776
915;0.43056;0.023552;0.405696
916;0.070752;0.008192;0.069504
917;0.431872;0.022816;0.418304
918;0.463648;0.029696;0.447616
919;0.439616;0.024576;0.42384
920;0.431616;0.023744;0.417216
921;0.473152;0.027648;0.461408
922;0.45152;0.0256;0.427328
923;0.883712;0.050176;0.83136
924;0.300672;0.021504;0.362656
925;1.03338;0.06144;0.982336
926;0.377184;0.021504;0.353376
927;0.47248;0.026624;0.447808
928;0.873216;0.050176;0.819776
929;0.451776;0.024576;0.427616
930;0.430624;0.023552;0.405376
931;0.070752;0.008192;0.069504
932;0.432384;0.023552;0.407904
933;0.472928;0.026624;0.44832
934;0.439744;0.024576;0.425088
935;0.431456;0.023808;0.417024
936;0.473376;0.026624;0.461632
1015;0.881216;0.050176;0.829504
1016;0.432288;0.023552;0.409632
1017;0.472384;0.026624;0.471072
1018;0.439968;0.024864;0.425376
1019;0.431232;0.024576;0.41648
1020;0.473184;0.02672;0.457792
1021;0.442848;0.0256;0.426432
1022;0.866656;0.050176;0.8312
1023;0.366816;0.02048;0.352448
1024;1.02912;0.06144;0.97472
1025;0.377056;0.021504;0.362592
1026;0.461376;0.027648;0.457984
1027;0.871808;0.050176;0.828608
1028;0.4424;0.024576;0.426656
1029;0.430656;0.022752;0.415808
1030;0.07072;0.008192;0.069472
1031;0.423072;0.022528;0.408896
1032;0.47296;0.026624;0.45696
1033;0.440192;0.024576;0.4256
1034;0.422592;0.024576;0.407264
1035;0.472576;0.026624;0.448384
1036;0.452224;0.0256;0.426304
1037;0.873344;0.050176;0.831264
1038;0.376352;0.02048;0.361504
1039;1.04342;0.06144;0.974912
1040;0.377056;0.021504;0.3624
1041;0.472576;0.026624;0.466592
1042;0.874016;0.050176;0.828288
1043;0.451296;0.0256;0.435424
1044;0.430688;0.023552;0.415712
1045;0.070688;0.008192;0.069472
1046;0.422656;0.023552;0.408704
1047;0.462912;0.026624;0.447264
1048;0.549376;0.024576;0.429952
1049;0.43072;0.024576;0.41584
1050;0.472832;0.026624;0.449248
1051;0.449856;0.0256;0.426816
1052;0.884672;0.0512;0.83072
1053;0.376288;0.02048;0.352992
1054;1.02867;0.06144;0.974496
1055;0.376992;0.021504;0.354048
1056;0.47296;0.026624;0.463424
1057;0.871776;0.049152;0.829728
1058;0.45184;0.024576;0.42656
1059;0.430368;0.023552;0.406656
1060;0.07072;0.008192;0.06976
1061;0.422976;0.022528;0.39968
1062;0.472384;0.026624;0.462208
1063;0.439744;0.024576;0.424864
1064;0.431072;0.024576;0.407584
1065;0.47296;0.026624;0.44864
1066;0.45168;0.0256;0.426496
1067;0.874112;0.050176;0.822336
1068;0.376416;0.02048;0.352704
1069;1.02925;0.06144;0.983872
1070;0.374528;0.021504;0.353952
1071;0.473024;0.026624;0.462816
1072;0.848064;0.050176;0.952448
1073;0.449568;0.024576;0.4272
1074;0.43072;0.023552;0.406144
1075;0.070912;0.008192;0.069504
1076;0.423392;0.023552;0.400544
1077;0.472672;0.026624;0.456992
1078;0.44;0.024576;0.416128
1079;0.431296;0.024576;0.41664
1080;0.46992;0.026624;0.448864
1081;0.451744;0.0256;0.426656
1082;0.873504;0.050176;0.822464
1083;0.376416;0.021504;0.354048
1084;1.02925;0.06144;0.974656
1085;0.376576;0.021504;0.372384
1086;0.47248;0.026624;0.47104
1087;0.874368;0.050176;0.82864
1088;0.451648;0.024576;0.435392
1089;0.430688;0.022528;0.40608
1090;0.070688;0.009216;0.069568
1091;0.422944;0.023488;0.408704
1092;0.472576;0.027648;0.461312
1171;1.08835;0.061536;0.982496
1172;0.430624;0.023552;0.406336
1173;0.070752;0.008192;0.069472
1174;0.423296;0.023552;0.399392
1175;0.473024;0.026624;0.472096
1176;0.440512;0.0256;0.414848
1177;0.431488;0.024576;0.425952
1178;0.48176;0.026624;0.461888
1179;0.45152;0.026624;0.436736
1180;0.873984;0.050176;0.82192
1181;0.37648;0.02048;0.362144
1182;1.02541;0.06144;0.983328
1183;0.376704;0.021504;0.354016
1184;0.47264;0.026752;0.447328
1185;0.87408;0.050176;0.829568
1186;0.451104;0.024576;0.426336
1187;0.430848;0.023552;0.405984
1188;0.070752;0.008288;0.069792
1189;0.422784;0.023296;0.40848
1190;0.47264;0.026624;0.458112
1191;0.43952;0.024576;0.414688
1192;0.440448;0.024576;0.426272
1193;0.472448;0.026624;0.447264
1194;0.451744;0.0256;0.427648
1195;0.883168;0.050176;0.830656
1196;0.294976;0.021504;0.36192
1197;1.02525;0.06144;0.983808
1198;0.377376;0.021504;0.354592
1199;0.473728;0.02672;0.456736
1200;0.874976;0.050176;0.828544
1201;0.451872;0.024576;0.427616
1202;0.430528;0.023552;0.406048
1203;0.070784;0.008192;0.069472
1204;0.4232;0.023552;0.408032
1205;0.47264;0.026624;0.461824
1206;0.440064;0.024576;0.4152
1207;0.4312;0.024576;0.407872
1208;0.472704;0.026624;0.447872
1209;0.451808;0.0256;0.427424
1210;0.875968;0.050176;0.83072
1211;0.37632;0.02048;0.352928
1212;1.02022;0.06144;0.987136
1213;0.37712;0.021504;0.362688
1214;0.473472;0.026624;0.4512
1215;0.869856;0.049152;0.829504
1216;0.451904;0.024576;0.43664
1217;0.43136;0.022752;0.4056
1218;0.070752;0.008288;0.069504
1219;0.432064;0.023328;0.41376
1220;0.420224;0.027648;0.499808
1221;0.44016;0.024576;0.429216
1222;0.431136;0.023552;0.407808
1223;0.472448;0.02672;0.447648
1224;0.451584;0.026624;0.427392
1225;0.874272;0.050176;0.822112
1226;0.376384;0.02048;0.35264
1227;1.0335;0.06144;0.98352
1228;0.367552;0.021504;0.35344
1229;0.473856;0.026624;0.452992
1230;0.873248;0.050176;0.828928
1231;0.451808;0.024576;0.43664
1232;0.430304;0.023552;0.405664
1233;0.070784;0.008192;0.069504
1234;0.431904;0.023552;0.408896
1235;0.473344;0.026624;0.462912
1236;0.436896;0.024576;0.428928
1237;0.431616;0.023552;0.407808
1238;0.472672;0.02672;0.461888
1239;0.451584;0.0256;0.427264
1240;0.875872;0.050176;0.830912
1241;0.376;0.02048;0.353376
1242;1.02445;0.06144;0.996832
1243;0.295968;0.021504;0.36256
1244;0.404256;0.026624;0.552288
1245;0.873504;0.050176;0.819392
1246;0.451552;0.024576;0.427456
1247;0.43024;0.023552;0.405408
1248;0.070784;0.008192;0.06944
1249;0.432192;0.024352;0.417376
1328;0.472704;0.029696;0.472544
1329;0.87488;0.050176;0.828064
1330;0.448704;0.024576;0.435424
1331;0.430848;0.023552;0.405504
1332;0.070688;0.008288;0.069568
1333;0.432224;0.023392;0.418592
1334;0.473536;0.026624;0.452672
1335;0.439648;0.0256;0.416224
1336;0.428672;0.024576;0.416608
1337;0.473024;0.026624;0.462848
1338;0.451552;0.0256;0.435584
1339;0.871296;0.050176;0.821824
1340;0.37632;0.02048;0.36192
1341;1.01971;0.06144;0.974272
1342;0.368224;0.021504;0.36352
1343;0.401248;0.026624;0.580928
1344;0.874944;0.050176;0.819744
1345;0.45168;0.024576;0.42656
1346;0.430624;0.023552;0.415264
1347;0.070656;0.008288;0.069504
1348;0.423328;0.023552;0.409408
1349;0.472768;0.026624;0.447424
1350;0.439552;0.02464;0.415648
1351;0.43136;0.023808;0.424704
1352;0.472928;0.026624;0.448096
1353;0.452256;0.0256;0.427104
1354;0.877184;0.050176;0.821888
1355;0.376288;0.02048;0.361888
1356;1.03347;0.06144;0.983488
1357;0.367904;0.021504;0.362624
1358;0.389856;0.02688;0.462336
1359;0.869792;0.050176;0.819328
1360;0.451648;0.024576;0.435424
1361;0.43072;0.023552;0.406208
1362;0.070656;0.008192;0.069504
1363;0.432096;0.023552;0.409696
1364;0.472416;0.026624;0.461856
1365;0.439584;0.024576;0.416256
1366;0.43104;0.024576;0.416032
1367;0.472992;0.026624;0.462816
1368;0.451712;0.0256;0.426464
1369;0.889824;0.050176;0.821952
1370;0.376352;0.02048;0.353184
1371;1.03379;0.06144;0.982816
1372;0.376864;0.02048;0.362592
1373;0.472736;0.026624;0.472192
1374;0.869536;0.050176;0.820224
1375;0.45168;0.024576;0.4264
1376;0.430688;0.023552;0.406112
1377;0.070688;0.008192;0.069472
1378;0.43216;0.023296;0.422784
1379;0.472928;0.026624;0.446944
1380;0.439872;0.0256;0.415616
1381;0.43104;0.023808;0.41616
1382;0.470528;0.026624;0.461856
1383;0.451488;0.0256;0.436064
1384;0.873536;0.050176;0.822368
1385;0.36752;0.02048;0.362368
1386;1.0193;0.06144;0.983424
1387;0.3768;0.021504;0.362112
1388;0.472896;0.026816;0.448
1389;0.874848;0.050176;0.828928
1390;0.451648;0.024576;0.418016
1391;0.430304;0.023552;0.406624
1392;0.070784;0.008192;0.069504
1393;0.422656;0.022528;0.409312
1394;0.472832;0.026624;0.45248
1395;0.439584;0.024576;0.424896
1396;0.359808;0.024576;0.430848
1397;0.472992;0.026624;0.46288
1398;0.451296;0.0256;0.426752
1399;0.876256;0.050176;0.821824
1400;0.376448;0.021504;0.353184
1401;1.03341;0.06144;0.983456
1402;0.377152;0.021504;0.362624
1403;0.472832;0.026624;0.462784
1404;0.87424;0.050176;0.838304
1405;0.45168;0.024576;0.435264
1562;0.070784;0.008288;0.069472
1563;0.432096;0.023296;0.417248
1564;0.47264;0.026624;0.463168
1565;0.439328;0.024576;0.415616
1566;0.431552;0.024576;0.416256
1567;0.472704;0.026624;0.461856
1568;0.451776;0.0256;0.428256
1569;0.885088;0.050176;0.830208
1570;0.376288;0.02048;0.35264
1571;1.02416;0.06144;0.982784
1572;0.367648;0.021504;0.353984
1573;0.472352;0.026624;0.447296
1574;0.873248;0.050176;0.819776
1575;0.451872;0.024576;0.427488
1576;0.431264;0.023552;0.414656
1577;0.070752;0.008192;0.069568
1578;0.422848;0.024352;0.407712
1579;0.472576;0.026624;0.457952
1580;0.439456;0.024576;0.414688
1581;0.431552;0.023552;0.417024
1582;0.473504;0.026624;0.447392
1583;0.45184;0.0256;0.428032
1584;0.873664;0.050176;0.830912
1585;0.376288;0.02048;0.354336
1586;1.02416;0.06144;0.983776
1587;0.367552;0.021504;0.353664
1588;0.463712;0.026624;0.471104
1589;0.883296;0.050176;0.829248
1590;0.451808;0.024576;0.427776
1591;0.430496;0.022816;0.405344
1592;0.07072;0.008192;0.069504
1593;0.432128;0.022528;0.408576
1594;0.463648;0.026624;0.453728
1595;0.37744;0.024576;0.52608
1596;0.43168;0.024576;0.425664
1597;0.463264;0.026624;0.446912
1598;0.451072;0.0256;0.436608
1599;0.871488;0.050176;0.831264
1600;0.376352;0.020736;0.353184
1601;1.03357;0.06144;0.98304
1602;0.37712;0.021504;0.35424
1603;0.472736;0.026624;0.447776
1604;0.874624;0.050176;0.828768
1605;0.451808;0.024576;0.428032
1606;0.430272;0.023552;0.4152
1607;0.071008;0.008192;0.069504
1608;0.42288;0.023552;0.40896
1609;0.47296;0.026624;0.457536
1610;0.439872;0.024576;0.415776
1611;0.431488;0.024576;0.40832
1612;0.4632;0.026624;0.447488
1613;0.448928;0.0256;0.427296
1614;0.88528;0.05024;0.83104
1615;0.376192;0.02048;0.35312
1616;1.03437;0.06144;0.992384
1617;0.377152;0.021504;0.353376
1618;0.58352;0.027648;0.4808
1619;0.862336;0.049248;0.829024
1620;0.451808;0.024576;0.441984
1621;0.421184;0.023552;0.4152
1622;0.070784;0.008288;0.069504
1623;0.422976;0.022528;0.408096
1624;0.472576;0.026624;0.461888
1625;0.440096;0.024576;0.415744
1626;0.431136;0.023552;0.406592
1627;0.4728;0.026848;0.447648
1628;0.45168;0.0256;0.427392
1629;0.874496;0.050176;0.831104
1630;0.376384;0.021504;0.353152
1631;1.02909;0.06144;1.00198
1632;0.369856;0.021504;0.353408
1633;0.472896;0.026624;0.461888
1634;0.87376;0.050176;0.829344
1635;0.451776;0.024576;0.418368
1636;0.43024;0.023552;0.405792
1637;0.070784;0.008192;0.069504
1638;0.432064;0.023552;0.422112
1639;0.472576;0.026624;0.457536
1718;0.870624;0.049152;0.836608
1719;0.442592;0.024576;0.436096
1720;0.42992;0.023552;0.405536
1721;0.070752;0.008288;0.069504
1722;0.422624;0.023392;0.398752
1723;0.47264;0.026688;0.471136
1724;0.439488;0.024576;0.4144
1725;0.431168;0.024576;0.406592
1726;0.472448;0.026624;0.446656
1727;0.451328;0.0256;0.427328
1728;0.875744;0.050176;0.829344
1729;0.375904;0.02048;0.361728
1730;1.02262;0.062464;1.00029
1731;0.377984;0.021504;0.353248
1732;0.472448;0.026624;0.460352
1733;0.8736;0.050176;0.818464
1734;0.45152;0.024576;0.436032
1735;0.430336;0.023552;0.4056
1736;0.07072;0.008288;0.069472
1737;0.431776;0.022528;0.422112
1738;0.463776;0.026688;0.447584
1739;0.439168;0.024576;0.414432
1740;0.360928;0.024576;0.439968
1741;0.472224;0.026624;0.460864
1742;0.451648;0.0256;0.436064
1743;0.867808;0.050176;0.830016
1744;0.37632;0.021504;0.353568
1745;1.0361;0.06144;0.981376
1746;0.367648;0.021504;0.353792
1747;0.47248;0.026624;0.446976
1748;0.873248;0.050176;0.82736
1749;0.4512;0.024576;0.426752
1750;0.430368;0.023552;0.414848
1751;0.070816;0.008192;0.069472
1752;0.42208;0.023552;0.416608
1753;0.472608;0.02672;0.447136
1754;0.439392;0.024576;0.414592
1755;0.431136;0.023552;0.415776
1756;0.472704;0.02672;0.461856
1757;0.448192;0.0256;0.42704
1758;0.876288;0.050176;0.820832
1759;0.376192;0.02048;0.352544
1760;1.03309;0.06144;0.981728
1761;0.367744;0.021504;0.345184
1762;0.478592;0.026624;0.469824
1763;0.872928;0.050176;0.827328
1764;0.451168;0.024576;0.427616
1765;0.358624;0.022752;0.511584
1766;0.070784;0.008192;0.069472
1767;0.43168;0.022528;0.407616
1768;0.469792;0.02672;0.471104
1769;0.439392;0.024672;0.405952
1770;0.43088;0.024576;0.40704
1771;0.472448;0.026624;0.45168
1772;0.451168;0.0256;0.435872
1773;0.870592;0.050176;0.820256
1774;0.376064;0.021504;0.353152
1775;1.03322;0.062464;0.996224
1776;0.376928;0.021504;0.362784
1777;0.472288;0.026624;0.4384
1778;0.874112;0.050176;0.826944
1779;0.451744;0.024576;0.42656
1780;0.430144;0.022528;0.405568
1781;0.070752;0.008192;0.069504
1782;0.42256;0.023552;0.407744
1783;0.469504;0.026624;0.448064
1784;0.43968;0.024576;0.415136
1785;0.431072;0.024576;0.430336
1786;0.472416;0.026624;0.451456
1787;0.442944;0.025824;0.427328
1788;0.884992;0.050176;0.830048
1789;0.37584;0.02048;0.352576
1790;1.02714;0.06144;0.981216
1791;0.37696;0.021504;0.93008
1792;0.472448;0.026624;0.488256
1793;0.874432;0.050176;1.58029
1794;0.451648;0.024576;0.42752
1795;0.430048;0.023552;0.405696
1875;0.472448;0.026624;0.462176
1876;0.867904;0.050176;0.81968
1877;0.451744;0.024576;0.428064
1878;0.431264;0.022528;0.406176
1879;0.070784;0.008192;0.069472
1880;0.43216;0.023552;0.417824
1881;0.472544;0.026624;0.44848
1882;0.360928;0.024576;0.425056
1883;0.431424;0.024576;0.398688
1884;0.472736;0.026752;0.456416
1885;0.45184;0.02576;0.43728
1886;0.872064;0.050176;0.821632
1887;0.366976;0.021504;0.362432
1888;1.03338;0.062464;1.41507
1889;0.377024;0.021504;1.01315
1890;0.472416;0.026784;0.470048
1891;0.874176;0.050176;1.24035
1892;0.45184;0.024576;0.41888
1893;0.430528;0.023552;0.41456
1894;0.070752;0.008192;0.069472
1895;0.422912;0.022528;0.408928
1896;0.472992;0.02672;0.457408
1897;0.439808;0.024576;0.423872
1898;0.431104;0.023552;0.408736
1899;0.473376;0.026624;0.44704
1900;0.45216;0.0256;0.427616
1901;0.8664;0.050176;0.830752
1902;0.37632;0.020736;0.353184
1903;1.02525;0.06144;1.39926
1904;0.310528;0.021504;1.02634
1905;0.472736;0.026624;0.47088
1906;0.882816;0.049152;1.19315
1907;0.45184;0.024576;0.418528
1908;0.43024;0.022528;0.405376
1909;0.070784;0.009216;0.069504
1910;0.423552;0.023296;0.408544
1911;0.472864;0.027648;0.443456
1912;0.430656;0.024672;0.415104
1913;0.431616;0.023552;0.416512
1914;0.4728;0.026624;0.447232
1915;0.451584;0.0256;0.427872
1916;0.875584;0.050176;0.821984
1917;0.37632;0.02048;0.352768
1918;1.02576;0.06144;1.29638
1919;0.377088;0.021504;0.87488
1920;0.463168;0.026624;0.480576
1921;0.874944;0.049152;1.24013
1922;0.442304;0.024576;0.42736
1923;0.430816;0.023552;0.41584
1924;0.070752;0.008288;0.069504
1925;0.42288;0.023456;0.40896
1926;0.472928;0.026624;0.45792
1927;0.43968;0.024576;0.4152
1928;0.465024;0.024576;0.417056
1929;0.472416;0.026624;0.45264
1930;0.451456;0.0256;0.427264
1931;0.87648;0.050368;0.82144
1932;0.37632;0.02048;0.36192
1933;1.04256;0.06144;1.42586
1934;0.368544;0.021504;0.856384
1935;0.472448;0.026624;0.47088
1936;0.87056;0.050176;1.24003
1937;0.451456;0.024576;0.427424
1938;0.430304;0.023552;0.39664
1939;0.070752;0.008192;0.06944
1940;0.432384;0.023552;0.417344
1941;0.472864;0.026624;0.438912
1942;0.43024;0.024672;0.415552
1943;0.4312;0.024576;0.417024
1944;0.473504;0.026624;0.447488
1945;0.451808;0.026624;0.427424
1946;0.885088;0.050176;0.83024
1947;0.376064;0.02048;0.344
1948;1.04259;0.06144;1.00614
1949;0.376736;0.021504;0.801632
1950;0.4728;0.026624;0.471616
1951;0.827584;0.050176;1.92608
1952;0.432288;0.023552;0.408992
2031;0.463488;0.026624;0.438752
2032;0.873632;0.049152;0.838304
2033;0.451808;0.024576;0.44064
2034;0.430208;0.023552;0.406208
2035;0.070752;0.008192;0.0696
2036;0.422848;0.023552;0.408192
2037;0.481984;0.026624;0.453696
2038;0.440416;0.024576;0.42384
2039;0.431168;0.023808;0.407616
2040;0.472928;0.026624;0.456704
2041;0.451488;0.0256;0.436512
2042;0.876064;0.050176;0.839808
2043;0.375936;0.021504;0.3624
2044;1.09274;0.06144;0.992544
2045;0.377024;0.021504;0.8656
2046;0.472704;0.026624;0.51696
2047;0.874048;0.050176;1.82195
2048;0.451808;0.024576;0.43664
2049;0.430816;0.022528;0.406464
2050;0.070784;0.008192;0.069536
2051;0.422656;0.023552;0.408544
2052;0.473248;0.02672;0.45408
2053;0.43952;0.024576;0.416416
2054;0.431488;0.024576;0.407584
2055;0.463936;0.026624;0.451744
2056;0.451616;0.0256;0.427392
2057;0.894944;0.050176;0.830304
2058;0.375968;0.02048;0.36192
2059;1.03789;0.06144;0.987712
2060;0.377088;0.021504;0.865056
2061;0.472704;0.026624;0.49904
2062;0.874048;0.050176;1.96819
2063;0.451776;0.024576;0.436768
2064;0.430592;0.022528;0.420224
2065;0.070752;0.008192;0.069472
2066;0.422912;0.023552;0.408032
2067;0.463808;0.026624;0.457824
2068;0.431104;0.024576;0.407392
2069;0.4312;0.024576;0.416544
2070;0.4736;0.026816;0.447488
2071;0.451744;0.0256;0.427232
2072;0.882656;0.050176;0.821952
2073;0.376608;0.02048;0.353568
2074;1.02029;0.06144;0.996608
2075;0.377088;0.021504;0.855584
2076;0.464256;0.026624;0.480288
2077;0.8712;0.050176;1.83866
2078;0.451744;0.024576;0.436288
2079;0.430176;0.023552;0.406048
2080;0.070752;0.00832;0.069504
2081;0.432128;0.023328;0.41744
2082;0.463456;0.026624;0.448416
2083;0.43968;0.024576;0.41472
2084;0.431136;0.024576;0.398144
2085;0.472736;0.026784;0.461888
2086;0.451904;0.0256;0.436544
2087;0.885728;0.050176;0.83072
2088;0.376288;0.020608;0.361824
2089;1.03334;0.06144;0.9832
2090;0.37712;0.021504;0.838464
2091;0.464896;0.02672;0.461664
2092;0.87408;0.050176;1.24931
2093;0.451776;0.024576;0.41888
2094;0.430592;0.023552;0.406336
2095;0.070752;0.008192;0.069472
2096;0.431552;0.023552;0.41728
2097;0.472544;0.026624;0.45728
2098;0.439712;0.024576;0.424224
2099;0.431488;0.02384;0.416544
2100;0.47248;0.026624;0.447456
2101;0.45152;0.0256;0.42752
2102;0.874784;0.050176;0.822144
2103;0.3672;0.02048;0.353312
2104;1.02493;0.06144;0.983264
2105;0.377056;0.021504;0.875232
2106;0.472832;0.026624;0.48928
2107;0.880384;0.050176;1.56365
2108;0.44224;0.024576;0.427552
2187;0.327456;0.021504;0.380864
2188;1.07466;0.06144;0.984512
2189;0.395552;0.021504;0.87472
2190;0.486528;0.026624;0.48048
2191;0.862912;0.049152;1.42131
2192;0.448928;0.024576;0.426304
2193;0.421504;0.023552;0.406336
2194;0.070688;0.009216;0.069472
2195;0.42304;0.02432;0.40912
2196;0.46352;0.026624;0.43872
2197;0.463328;0.024576;0.45264
2198;0.4312;0.024576;0.415552
2199;0.463392;0.02688;0.481344
2200;0.451296;0.0256;0.445088
2201;0.876032;0.050176;0.873664
2202;0.367136;0.02048;0.35264
2203;1.02422;0.06144;0.997536
2204;0.377088;0.021504;0.809312
2205;0.472864;0.026624;0.480544
2206;0.87408;0.050176;1.24186
2207;0.442208;0.024576;0.426176
2208;0.430432;0.023552;0.416544
2209;0.07072;0.008192;0.069472
2210;0.423808;0.02352;0.409216
2211;0.473184;0.026624;0.45616
2212;0.439936;0.024576;0.424832
2213;0.348448;0.023552;0.406848
2214;0.472896;0.026816;0.452928
2215;0.451328;0.0256;0.426784
2216;0.875936;0.050176;0.821856
2217;0.37632;0.02048;0.362368
2218;1.02016;0.06144;0.982784
2219;0.377088;0.021504;0.893664
2220;0.472608;0.026624;0.4896
2221;0.873376;0.050176;1.19523
2222;0.451808;0.024576;0.43552
2223;0.430464;0.023552;0.40736
2224;0.070688;0.008192;0.069504
2225;0.423008;0.023488;0.409952
2226;0.4728;0.026624;0.447424
2227;0.43968;0.024576;0.425568
2228;0.432448;0.024576;0.430592
2229;0.472576;0.026624;0.45264
2230;0.451648;0.0256;0.426304
2231;0.883296;0.050176;0.8312
2232;0.376192;0.02048;0.35264
2233;1.01984;0.06144;0.975776
2234;0.377024;0.021504;0.80016
2235;0.472864;0.026624;0.47184
2236;0.88032;0.050176;1.15789
2237;0.451808;0.024576;0.416928
2238;0.430496;0.023552;0.406016
2239;0.070688;0.008192;0.069504
2240;0.422912;0.023552;0.417984
2241;0.464864;0.026624;0.446912
2242;0.439616;0.024576;0.4248
2243;0.43136;0.024576;0.41552
2244;0.472928;0.026624;0.453472
2245;0.45264;0.0256;0.426944
2246;0.873824;0.050176;0.831072
2247;0.376;0.02048;0.361856
2248;1.01942;0.06144;0.983936
2249;0.377056;0.021504;0.782048
2250;0.473216;0.026624;0.462816
2251;0.867872;0.049152;1.16656
2252;0.442272;0.024576;0.417152
2253;0.430976;0.023552;0.405984
2254;0.070688;0.008192;0.069472
2255;0.423008;0.023552;0.400192
2256;0.472832;0.026624;0.44752
2257;0.439584;0.024576;0.425024
2258;0.431296;0.024576;0.415584
2259;0.472864;0.026624;0.44832
2260;0.451328;0.0256;0.426528
2261;0.875936;0.050176;0.830976
2262;0.376192;0.02048;0.361824
2263;1.0296;0.06144;0.97504
2264;0.377088;0.021504;0.837984
2343;0.470784;0.026624;0.438304
2344;0.372896;0.0256;0.551072
2345;0.868224;0.050176;0.82992
2346;0.376224;0.02048;0.361856
2347;1.04355;0.06144;0.99184
2348;0.376992;0.021504;0.910752
2349;0.470368;0.026624;0.489536
2350;0.874144;0.050176;0.983136
2351;0.452;0.024576;0.43648
2352;0.430656;0.023552;0.405536
2353;0.070784;0.008192;0.069504
2354;0.422816;0.023296;0.408576
2355;0.463712;0.026624;0.448512
2356;0.439744;0.024576;0.416288
2357;0.431744;0.024576;0.407616
2358;0.472768;0.026624;0.456672
2359;0.451456;0.0256;0.428128
2360;0.881216;0.050176;0.82176
2361;0.376416;0.02048;0.354048
2362;1.02867;0.06144;1.00211
2363;0.377056;0.021504;0.939168
2364;0.470656;0.026624;0.461344
2365;0.880736;0.050176;1.06368
2366;0.380288;0.024576;0.442688
2367;0.430624;0.022528;0.40592
2368;0.070752;0.008192;0.069504
2369;0.423328;0.023552;0.398784
2370;0.472544;0.026688;0.4624
2371;0.439488;0.024576;0.406112
2372;0.42288;0.024576;0.416864
2373;0.4728;0.026624;0.461376
2374;0.452256;0.0256;0.437088
2375;0.868288;0.050176;0.821664
2376;0.376288;0.021504;0.3624
2377;1.03338;0.061568;0.984736
2378;0.377088;0.021504;0.883648
2379;0.472448;0.026624;0.489824
2380;0.871712;0.050176;0.963136
2381;0.451552;0.024576;0.427744
2382;0.430752;0.023552;0.405824
2383;0.07072;0.008192;0.069504
2384;0.431744;0.023552;0.417824
2385;0.472992;0.026624;0.439136
2386;0.439808;0.024576;0.414656
2387;0.422944;0.024576;0.417024
2388;0.47376;0.026624;0.461344
2389;0.44224;0.0256;0.427968
2390;0.876512;0.050176;0.82112
2391;0.30032;0.021504;0.353344
2392;1.03338;0.062464;0.982944
2393;0.377056;0.021504;0.846592
2394;0.472448;0.026752;0.49872
2395;0.874432;0.050176;0.991072
2396;0.4432;0.024576;0.436928
2397;0.430432;0.023552;0.414816
2398;0.07088;0.008192;0.069504
2399;0.43216;0.023552;0.417504
2400;0.46464;0.026624;0.447872
2401;0.439456;0.024704;0.415104
2402;0.431136;0.024576;0.416544
2403;0.473152;0.026624;0.45264
2404;0.451488;0.025664;0.428768
2405;0.867648;0.050176;0.8216
2406;0.367712;0.021504;0.361952
2407;1.03341;0.06144;0.983104
2408;0.377376;0.021504;0.94816
2409;0.472672;0.026624;0.461856
2410;0.8744;0.050176;0.962816
2411;0.451808;0.024576;0.437184
2412;0.421888;0.023552;0.396768
2413;0.070752;0.008192;0.069504
2414;0.359616;0.02432;0.423488
2415;0.472544;0.026624;0.4624
2416;0.439488;0.024736;0.424032
2417;0.42288;0.024576;0.398592
2418;0.4728;0.027648;0.461376
2419;0.45152;0.0256;0.427552
2420;0.871552;0.050176;0.821376
2500;6.79116e-241;1.86688e-255;0.050176
2501;2.5312e-120;5.21378e-270;0.02048
2502;7.27315e-34;3.06682e-235;0.06144
2503;3.56666e-236;8.2452e-202;0.021504
2504;2.95215e-289;1.58965e-71;0.026624
2505;2.00008e-255;7.97011e-169;0.049152
2506;3.86975e-212;3.27882e-173;0.024576
2507;3.22754e-231;2.79584e+11;0.023552
2508;7.10299e-270;-4.80518e-130;0.008288
2509;5.29436e-308;2.35307e-08;0.022528
2510;1.93374e-284;2.5943e+175;0.026688
2511;3.91669e-294;3.37064e-197;0.024576
2512;2.18205e-289;2.47814e-106;0.024576
2513;7.22644e-275;3.92515e-294;0.026624
2514;2.18054e-289;6.16207e-270;0.0256
2515;2.95215e-289;5.44744e-241;0.050176
2516;3.91746e-294;9.89535e-193;0.021504
2517;4.77949e-299;2.63927e-245;0.06144
2518;1.32303e-279;4.93002e-114;0.021504
2519;4.4984e-270;1.94718e+20;0.022528
2520;7.9457e-275;2.84764e-202;0.008288
2521;1.53421e-202;3.64459e+77;0.023296
2522;1.90538e-226;7.20354e-172;0.026688
2523;3.75507e-187;1.38352e-235;0.024576
2524;2.23236e-14;4.10157e-106;0.024576
2525;4.52846e-240;2.48668e-269;0.026688
2526;8.25079e-120;1.53962e-192;0.0256
2527;2.68035e-28;3.71349e-201;0.050176
2528;5.7882e-188;1.46515e-43;0.021504
2529;2.20836e-143;5.02309e-81;0.06144
2530;1.37034e-182;3.33737e-245;0.021504
2531;9.23481e-145;6.76363e-91;0.026624
2532;6.01589e-246;7.74971e+107;0.050176
2533;3.72325e-289;8.55114e+116;0.024576
2534;1.73476e-260;6.01943e-33;0.023552
2535;3.36364e+53;2.39259e-81;0.008192
2536;2.25362e+87;1.1971e+88;0.023552
2537;6.17731e-177;2.23067e-226;0.026624
2538;2.45243e-08;2.09817e-279;0.024576
2539;5.17048e+107;1.00051e-192;0.023552
2540;7.64583e+212;-1.39098e-210;0.027648
2541;4.36126e-129;1.39426e-192;0.0256
2542;3.23714e-231;1.39002e-210;0.050176
2543;6.77839e-130;2.33559e+07;0.02048
2544;5.42835e-159;-1.07385e-134;0.06144
2545;2.07979e+84;2.2351e-38;0.021504
2546;4.63469e+219;1.77453e+69;0.02672
2547;1.00519e-32;-1.30038e+44;0.049152
2548;1.92205e+31;-3.00729e-205;0.024576
2549;3.54864e-72;1.19648e-36;0.023552
2550;5.409e-72;1.29692e+89;0.00832
2551;6.84547e-178;9.19911e-111;0.024352
2552;2.02842e-28;6.48217e+156;0.026624
2553;9.75942e-275;6.19156e+179;0.024576
2554;1.51735e+25;-5.00442e-12;0.024576
2555;2.49945e-48;7.68523e-112;0.026624
2556;7.1557e-24;1.21706e+132;0.0256
2557;1.03384e-47;-7.356e-233;0.050176
2558;1.1668e-14;2.45987e+68;0.021504
2559;8.04866e-270;1.05072e+124;0.06144
2560;7.05999e-260;1.49042e+64;0.021504
2561;6.83597e-144;1.06983e-94;0.026624
2562;3.49114e-162;7.30896e-82;0.049152
2563;2.89268e-269;2.89912e+300;0.024576
2564;-2.16718e-187;4.12393e+306;0.023552
2565;-469.023;4.32711e+140;0.008288
2566;-2.69193e-117;1.82723e+68;0.023552
2567;-7.01052e-47;1.33079e-38;0.026624
2568;3.50761e+99;3.79165e-235;0.024576
2569;-1.64796e+100;8.94479e-140;0.024576
2570;2.03824e-138;-2.00483e-296;0.026624
2571;4.39092e-167;-2.53835e-249;0.0256
2572;-4.7775e+234;5.16313e-42;0.050176
2573;-9.60652e-113;-1.12135e+48;0.02048
2574;2.52836e+60;-5.46977e-286;0.06144
2575;5.5607e+193;-6.14652e-192;0.021504
2576;4.02387e-250;6.36863e-240;0.026752
2577;5.50102e+89;5.89066e-217;0.050176
2656;5.41842e+103;8.3108e-91;0.024576
2657;1.2112e+11;7.75357e-246;0.026624
2658;1.39495e-186;1.59028e-274;0.0256
2659;1.97949e+06;3.02955e+25;0.050176
2660;2.57995e-186;1.49747e-13;0.021504
2661;1.23697e-129;1.97119e-64;0.06144
2662;1.84389e-144;2.63481e+179;0.021504
2663;1.1192e-173;5.82674e+06;0.026624
2664;1.52703e-115;2.06186e+208;0.050176
2665;-1.54839e-196;4.157e+117;0.024576
2666;1.12371e+285;-2.01177e-138;0.022528
2667;5.69207e-62;-3.53982e-239;0.008192
2668;-7.40363e-292;-1.43591e-98;0.02432
2669;8.51764e+92;2.20189e+291;0.026688
2670;6.40438e+130;5.98405e-42;0.024736
2671;3.73381e-265;1.50391e+88;0.023552
2672;2.17605e+256;6.80492e+16;0.027648
2673;1.62218e-178;4.76314e+150;0.025696
2674;1.12493e-167;-7.41164e-233;0.0512
2675;5.51472e-144;1.4137e-241;0.02048
2676;1.70261e-182;1.5496e-294;0.050176
2677;8.93558e+20;1.70812e-245;0.024576
2678;6.34894e-43;-5.51709e+265;0.023552
2679;2.49796e-144;1.65718e+258;0.008192
2680;2.74831e+256;-5.06444e-75;0.023552
2681;2.36229e-133;1.58202e+64;0.026624
2682;1.04396e-50;9.0148e-135;0.024576
2683;1.40882e-67;2.61782e+15;0.023808
2684;2.19939e+161;2.32627e-51;0.026752
2685;-2.66351e-74;-8.53595e-293;0.025696
2686;3.8403e+07;7.76045e-120;0.050176
2687;-1.06096e-193;1.03078e-175;0.02048
2688;4.30879e-28;7.11407e-38;0.06144
2689;1.92792e+133;3.85485e-125;0.021504
2690;-4.65725e+98;2.77067e-123;0.026624
2691;5.00129e+103;2.80212e+237;0.050176
2692;5.33223e-42;-2.56299e-221;0.024576
2693;3.69737e-172;-7.96759e-273;0.023552
2694;-1.47086e+197;-1.08709e+263;0.008192
2695;1.83843e+16;1.16349e+64;0.023296
2696;1.39801e-91;3.95337e+121;0.026624
2697;1.51608e-230;3.43829e-40;0.024576
2698;1.86992e-81;2.36e-120;0.024576
2699;4.80228e+247;2.95147e-260;0.026784
2700;7.01861e+184;2.55376e-240;0.0256
2701;1.0399e+30;4.56898e+24;0.050176
2702;4.08429e+20;5.65562e-164;0.02048
2703;3.57683e+102;1.4693e-57;0.06144
2704;0.000464951;2.7898e+252;0.021504
2705;2.15192e-125;-5.93125e+195;0.026624
2706;1.18653e-43;3.19515e-158;0.049152
2707;-8.76001e-14;1.02317e-114;0.024576
2708;-4.58211e-255;3.66886e-260;0.023552
2709;6.5115e-275;1.16354e-226;0.008192
2710;7.98748e+73;5.78795e-275;0.023552
2711;2.17723e-124;1.4683e-149;0.026624
2712;-4.76168e-223;5.44353e-96;0.024576
2713;3.74212e-255;4.86869e-279;0.024576
2714;1.04391e-216;5.16902e+255;0.026624
2715;9.95542e-236;5.3725e-135;0.0256
2716;1.63184e-18;1.11956e-187;0.0512
2717;1.20125e+59;3.43585e+147;0.020768
2718;9.86325e-116;1.31881e-173;0.06144
2719;3.9222e+94;4.38436e-18;0.021504
2720;-8.64512e-114;-9.52201e-79;0.026624
2721;2.00014e-139;7.30624e+77;0.050176
2722;1.70924e-226;1.01219e-153;0.024576
2723;-1.7356e-153;6.61206e-53;0.023552
2724;7.99765e+165;1.04126e+121;0.00832
2725;4.88842e+60;1.84309e-250;0.023296
2726;2.53856e+248;1.85099e-284;0.026624
2727;5.74355e-13;1.43343e-279;0.024576
2728;5.89501e-265;1.43428e-279;0.023552
2729;7.45637e-212;8.07996e-270;0.026624
2730;1.79694e-226;3.54896e-231;0.0256
2731;3.81382e-236;7.01352e-309;0.050176
2732;1.82322e-96;8.66921e-275;0.02048
2733;1.91882e-72;5.68609e-270;0.06144
2812;4.46659e-100;8.33069e-57;0.024576
2813;-9.47212e+69;1.3492e+258;0.026624
2814;-2.19435e+249;-3.88912e+158;0.0256
2815;3.88847e-47;2.08728e+79;0.050176
2816;4.60043e-183;1.30916e+244;0.021504
2817;2.3615e-85;1.86734e+119;0.06144
2818;4.03931e-23;2.18596e-196;0.021504
2819;2.54247e-115;2.44335e-260;0.026624
2820;1.38806e+06;2.76244e-106;0.050176
2821;3.66188e-09;3.40171e-14;0.024576
2822;9.68082e-110;9.221e-39;0.023552
2823;1.92785e+281;1.58101e+277;0.008192
2824;-1.20889e+52;5.87331e+286;0.023584
2825;6.87601e-106;-2.94356e+187;0.026624
2826;1.90267e-28;1.79259e+179;0.024576
2827;-1.74302e+169;3.6717e-57;0.024576
2828;1.34269e+204;1.10047e-303;0.02672
2829;1.17967e-250;3.90944e-207;0.0256
2830;5.22927e-149;4.66288e-265;0.050176
2831;4.162e-23;9.15084e+14;0.02048
2832;-2.82074e+10;2.30745e-70;0.050176
2833;1.46048e-168;1.87376e-206;0.024672
2834;1.78963e-202;5.50516e+160;0.023552
2835;1.65557e-158;7.80163e-246;0.008192
2836;1.43282e-158;1.89455e-240;0.023552
2837;2.84241e-139;2.1791e-215;0.026624
2838;2.52386e-42;1.69589e-139;0.024576
2839;1.92875e-167;3.3015e-47;0.023808
2840;1.18016e-90;1.75826e+55;0.026624
2841;1.5527e-245;7.33521e+24;0.0256
2842;2.58332e-144;1.70489e-172;0.050176
2843;-4.07478e-274;9.1877e-130;0.02048
2844;8.35436e-134;1.38279e+11;0.06144
2845;4.27349e+47;1.54968e-279;0.021504
2846;2.4088e+21;6.57839e-299;0.026624
2847;2.95126e-216;3.08344e-289;0.050176
2848;4.89411e-246;8.67905e-275;0.024704
2849;4.683e-236;1.04839e-250;0.023552
2850;6.51713e-275;4.91809e-236;0.009216
2851;9.85321e-116;9.80025e-309;0.02432
2852;-1.33729e-273;3.56955e-265;0.02672
2853;2.04407e+92;1.15776e-279;0.0256
2854;6.8854e-48;5.68237e-270;0.024576
2855;4.85878e-18;4.0224e-270;0.026624
2856;1.62716e-172;1.26901e-279;0.0256
2857;9.25811e-121;3.07992e-289;0.050176
2858;1.39681e+06;2.18054e-289;0.02048
2859;2.70345e-77;2.18205e-289;0.06144
2860;5.47661e-183;3.92436e-294;0.021504
2861;6.10216e-130;4.97437e-270;0.026624
2862;1.72086e-62;1.38073e+252;0.050176
2863;5.22577e-217;1.36361e+30;0.024576
2864;1.04779e-279;1.61357e-144;0.023552
2865;3.0519e-260;9.10543e-87;0.009216
2866;5.68886e-270;1.75112e-120;0.023552
2867;5.92361e-270;6.45596e+106;0.026624
2868;2.64741e-260;1.79475e-139;0.0256
2869;4.19712e-308;9.05365e-154;0.023552
2870;7.77297e-299;5.11767e+78;0.02672
2871;1.0119e-274;9.74587e+96;0.0256
2872;8.20966e-304;4.5146e-294;0.050176
2873;7.22501e-275;1.53125e-226;0.020608
2874;5.3803e-299;2.83145e-236;0.06144
2875;2.56735e-289;6.14617e-275;0.021504
2876;7.75397e-304;1.47391e-202;0.026624
2877;1.26747e-250;1.40257e-172;0.050176
2878;3.59498e-289;2.51051e-221;0.024576
2879;5.06514e-241;3.7537e+160;0.023552
2880;2.09495e-231;1.22166e-158;0.00832
2881;2.82713e-236;2.74723e-187;0.023552
2882;5.42139e-159;4.28743e+132;0.026624
2883;3.01115e-120;4.14749e-81;0.024672
2884;1.11541e+64;1.27516e+15;0.024576
2885;8.20959e-67;8.66417e+10;0.026624
2886;8.60969e-135;1.80263e-152;0.0256
2887;4.01741e-183;4.63595e-48;0.050176
2888;8.87343e+14;3.74874e-245;0.02048
2889;3.95721e-115;9.07161e-110;0.06144
2968;8.08001e-270;2.3365e-231;0.029696
2969;1.8448e-250;1.49132e-279;0.024576
2970;1.04958e-250;7.34603e-270;0.023744
2971;4.03728;9.8002e-309;0.027648
2972;1.21778e+244;1.76595e-284;0.0256
2973;-2.09682e-296;1.42885e-309;0.050176
2974;9.56824e-212;1.85e-284;0.021504
2975;3.3449e+174;3.78578e-270;0.06144
2976;1.8468e-201;5.45038e-270;0.021504
2977;3.4353e-159;2.82388e-289;0.026624
2978;3.73039e-134;3.52372e-294;0.050176
2979;5.28902e-226;5.08163e-299;0.024576
2980;1.06098e-186;7.18034e-299;0.023552
2981;2.80616e-115;1.68287e-284;0.008192
2982;1.74387e-177;-6.73311e-230;0.023552
2983;1.93714e-255;2.18499e-269;0.026624
2984;1.93637e-284;3.40887e-225;0.024576
2985;1.22349e-250;4.84848e-245;0.023808
2986;6.99034e-251;5.23998e-231;0.026624
2987;7.95275e-275;8.71337e+116;0.025664
2988;2.53106e-284;1.19538e-201;0.021504
2989;4.77523e-308;1.98436e+136;0.026624
2990;1.68287e-284;2.52557e-33;0.050176
2991;2.27228e-284;2.70301e+145;0.024576
2992;5.56277e-309;1.18802e-303;0.023552
2993;6.86538e-275;7.34879e-270;0.009216
2994;5.68514e-270;1.4345e-279;0.023552
2995;2.74702e-260;1.24788e-221;0.026624
2996;5.97639e-299;1.47316e-202;0.0256
2997;2.34013e-260;7.58378e+185;0.024576
2998;6.62881e-270;9.80974e+72;0.026624
2999;8.30814e-275;1.64004e-273;0.0256
3000;3.07236e-236;2.10704e+155;0.050176
3001;1.13551e-250;5.27199e-140;0.020672
3002;7.17574e-299;924058;0.06144
3003;3.43956e-158;4.46501e-279;0.021504
3004;1.31125e-18;3.43058e-28;0.026624
3005;3.0646e-96;8.12069e-270;0.050176
3006;3.59987e+92;5.52674e+06;0.024576
3007;1.4647e-62;1.62318e+15;0.023552
3008;8.01618e-82;5.43788e-135;0.008192
3009;2.13489e-255;1.36846e-31;0.023328
3010;2.3286e-139;7.04695e+63;0.026624
3011;7.73724e-212;8.2727e-48;0.024576
3012;2.24208e-260;1.67656e-61;0.024576
3013;1.09403e-303;6.03668e+145;0.026624
3014;1.32491e-303;2.64072e-52;0.0256
3015;5.63062e-111;5.26555e-58;0.050176
3016;1.79398e-28;1.25308e-221;0.021504
3017;1.71179e-91;6.63482e-169;0.06144
3018;6.29922e-53;3.06792e-202;0.021504
3019;0.000352402;5.2408e+45;0.026624
3020;3.98765e-168;2.80258e-67;0.050176
3021;7.31788e-183;7.28529e+303;0.024576
3022;1.84699e-197;4.35435e-61;0.023552
3023;1.57073e-163;2.96486e-28;0.009216
3024;1.28976e-23;2.28067e+06;0.024352
3025;9.08995e-87;2.56376e+39;0.026624
3026;1.11315e-100;2.90716e+32;0.0256
3027;2.65733e-61;-4.07459e-264;0.024576
3028;6.59082e+87;-1.38017e-264;0.026624
3029;8.42945e-58;1.00997e+186;0.0256
3030;1.0364e-100;7.08635e+113;0.050176
3031;1.02261e+60;1.89941e+242;0.02048
3032;2.31675e+161;3.59788e-139;0.06144
3033;1.50696e+155;2.06966e+98;0.021504
3034;3.03093e-09;5.08748e+123;0.026624
3035;2.94056e-28;1.52955e+97;0.050176
3036;2.19936e-202;6.1195e+83;0.024576
3037;2.1142e-19;2.73672e+141;0.022528
3038;3.57278e-32;7.07321e+130;0.009216
3039;1.52173e-18;4.36064e-274;0.023328
3040;2.12097e+136;1.07883e-221;0.026624
3041;7.03252e+189;-1.94639e-74;0.024576
3042;-1.32274e-114;2.78687e-187;0.024576
3043;2.233e-187;4.48419e-137;0.026624
3044;1.61707e+73;9.6638e-87;0.0256
3045;1.13304e+126;1.74557e-100;0.050176
3125;1.37757e-211;8.31908e-241;0.008192
3126;1.25086e-90;3.23032e-144;0.023552
3127;4.24857e-173;2.03388e+20;0.026624
3128;3.7688e-67;2.30941e-206;0.024576
3129;1.43141e-211;2.13981e-172;0.024576
3130;5.5037e-298;-1.78521e+122;0.026624
3131;5.03244e-188;4.73441e-47;0.0256
3132;1.86741e-255;13.0514;0.050176
3133;6.57137e-299;1.16454e-08;0.021504
3134;1.65573e-279;2.79954e-28;0.06144
3135;5.83363e-111;1.33128e+39;0.021504
3136;0.00941675;8.29167e-82;0.026624
3137;1.03432e+156;9.62813e-87;0.050176
3138;1.97862e-28;5.57037e-188;0.024576
3139;1.18094e-293;2.44296e-08;0.022528
3140;1.54446e-158;4.45104e-47;0.009216
3141;7.19212e-188;1.07606e+146;0.023488
3142;3.16374e-250;-1.69092e-239;0.027648
3143;2.52343e-158;-3.33664e-142;0.024576
3144;4.15256e-182;1.57525e-258;0.050176
3145;7.13632e-149;1.64957e-71;0.021504
3146;2.85299e-37;9.14781e+234;0.06144
3147;3.0584e-85;-5.17783e-55;0.021504
3148;7.94076e+68;-7.4286e+06;0.026624
3149;5.00788e-47;1.97562e+89;0.050176
3150;0.000494257;-6.50014e-75;0.024576
3151;1.61496e-274;1.94548e-158;0.022528
3152;4.83495e-57;-4.30016e+178;0.008192
3153;4.17742e+170;3.2938e-66;0.023328
3154;3.05634e+40;-8.12284e-144;0.026624
3155;4.34118;3.57836e+35;0.024576
3156;1.70106e+55;-4.21396e-245;0.024576
3157;1.63676e-129;-4.5513e-267;0.026624
3158;2.23324e-133;9.74254e+106;0.0256
3159;5.98056e+140;1.08829e+244;0.050176
3160;8.92675e-52;1.53116e-176;0.02048
3161;2.12581e-52;3.64799e-177;0.06144
3162;6.55485e+299;4.46284e-125;0.021504
3163;1.26109e-211;1.23832e+110;0.026752
3164;3.28387e+16;4.56337e-235;0.050176
3165;-2.4179e-137;6.74581e-24;0.024576
3166;6.31777e-223;1.39335e-47;0.023552
3167;7.82076e+44;-3.41471e-14;0.008192
3168;-1.62658e-154;8.81247e+252;0.023552
3169;-1.26471e-243;1.81712e-221;0.026624
3170;-1.11271e+13;3.144e+141;0.024576
3171;2.61308e+209;-8.6792e-294;0.024576
3172;-9.37284e+162;1.01586e+71;0.027648
3173;-6.68059e+305;1.82013e+137;0.0256
3174;8.63078e-182;8.15225e-278;0.050464
3175;3.47384e+239;1.32153e+150;0.021504
3176;-8.02295e+268;-1.77489e-51;0.06144
3177;1.72183e-172;5.8805e-168;0.021504
3178;3.14398e+44;1.74573e-43;0.026624
3179;2.81146e+272;1.04821e-250;0.050176
3180;3.58268e-211;2.49849e-231;0.024576
3181;-2.71464e-180;6.73446e-77;0.023552
3182;4.39371e+213;7.78403e+107;0.008192
3183;-7.58917e-100;4.44998e+30;0.022528
3184;1.63183e-180;5.45655e-153;0.026656
3185;5.61109e+54;-7.39388e+241;0.024576
3186;2.75784e-260;9.557e-43;0.024576
3187;-1.19657e+117;7.11046e-270;0.026624
3188;1.06188e-186;1.59352e-226;0.0256
3189;4.61179e-212;1.0513e-250;0.050176
3190;6.69716e-28;6.59081e-217;0.021504
3191;5.92593e-183;-7.17815e-299;0.06144
3192;4.71756e-36;129.319;0.021504
3193;1.36e-240;1.89765e+59;0.026688
3194;7.6408e-145;-4109.56;0.050176
3195;3.42011e-212;3.26669e-196;0.024576
3196;1.82892e-80;1.4106e-255;0.023552
3197;1.98686e-46;-3.00911e-188;0.008192
3198;2.62327e+238;1.51953e-47;0.023552
3199;3.12455e+39;9.98128e+10;0.026624
3200;5.44329e+30;3.83648e+270;0.024576
3201;3.21241e+97;1.99689e-182;0.023808
3202;3.01804e+121;3.65495e+135;0.026688
3281;2.18337e+199;2.81927e-149;0.024576
3282;4.03518e+188;3.18997e-154;0.023552
3283;2.34334e-207;-8.06928e+292;0.008192
3284;2.69926e+213;1.41043e-129;0.023552
3285;7.57416e-155;1.58118e-100;0.026624
3286;-1.56897e-157;4.27804e+146;0.024576
3287;3.22209e-110;2.0727e-255;0.023552
3288;4.50187e+36;1.48528e-103;0.02672
3289;2.72042e+190;7.64029e-270;0.0256
3290;9.76643e+265;-1.52863e-271;0.050176
3291;9.49333e+150;-3.10982e-288;0.02048
3292;6.95137e+103;3.93319e-67;0.06144
3293;-4.66739e+98;2.02032e+233;0.021504
3294;6.48436e-308;6.937e+198;0.026624
3295;1.14026e-168;1.11513e+170;0.050176
3296;1.69379e+262;8.96691e+164;0.024576
3297;2.05269e-81;9.42364e-19;0.023552
3298;7.25057e-34;3.47111e-202;0.008192
3299;1.57471e+214;7.23351e-275;0.024352
3300;1.87191e-105;1.06667e-120;0.026624
3301;5.5707e-112;1.00187e-110;0.0256
3302;-1.26418e-162;4.51277e+232;0.050176
3303;1.86088e+217;4.60168e+247;0.02048
3304;1.73253e+271;6.46172e-14;0.06144
3305;3.46996e-36;-1.36706e-166;0.02048
3306;-1.40838e-156;1.26683e+06;0.026624
3307;-1.09922e+136;5.18313e+20;0.050176
3308;3.90529e-250;1.90545e-226;0.024576
3309;1.0518e-250;9.79518e-241;0.023552
3310;7.08886e-152;2.17937e-202;0.00832
3311;7.9929e-168;-3.05576e-144;0.022528
3312;1.5381e+32;1.20667e+59;0.026624
3313;6.95668e-260;2.13828e-134;0.0256
3314;2.67862e-255;5.36979e-216;0.024576
3315;1.87143e-221;1.26072e-85;0.026624
3316;1.2012e-158;1.35622e-240;0.026624
3317;9.8336e-90;-1.33593e+243;0.050176
3318;4.32164e-168;2.23617e-96;0.02048
3319;2.98384e+21;1.1507e+117;0.06144
3320;7.34172e-129;1.67604e+189;0.021504
3321;3.34053e-143;2.92748e-86;0.026624
3322;1.57686e+10;3.67076e-149;0.050176
3323;1.17104e-119;2.56353e-72;0.024576
3324;-6.23438e-221;1.46413e+97;0.023552
3325;2.42309e+16;4.86258e-125;0.008192
3326;3.38604e+282;2.95416e-289;0.023552
3327;2.78823e-288;1.18623e-303;0.026624
3328;4.06896e-260;4.96976e-270;0.024576
3329;3.40465e-178;1.37012e-303;0.024576
3330;5.2138e-270;7.59372e-270;0.026624
3331;5.09365e+101;1.2527e-308;0.0256
3332;6.48019e-111;3.7246e-265;0.050176
3333;9.17693e-38;8.31665e-275;0.02048
3334;9.80907e-29;4.4987e-265;0.06144
3335;6.56224e-53;1.60023e-255;0.021504
3336;1.20064e-153;1.61407e-231;0.026624
3337;1.12246e-32;2.95165e-289;0.050176
3338;2.60691e+166;2.43758e-289;0.024576
3339;1.6632e-100;1.42904e-284;0.023552
3340;5.48358e-207;4.98086e-270;0.008192
3341;1.63753e-129;2.25567e-231;0.023552
3342;1.03603e+11;5.42713e-67;0.026624
3343;3.07978e-255;1.92601e-47;0.024576
3344;2.27196e-284;1.01598e-119;0.024576
3345;3.87845e-265;1.90271e-28;0.026624
3346;2.5958e-130;2.2288e-14;0.0256
3347;5.09157e-260;4.74296e+10;0.050176
3348;7.87697e-251;5.77868e+63;0.020672
3349;3.07533e-308;8.825e-05;0.06144
3350;2.56786e-289;1.14366e+49;0.021504
3351;2.56734e-289;2.89866e-144;0.026624
3352;2.18054e-289;2.01979e-284;0.050176
3353;7.29113e-304;5.93103e-270;0.024576
3354;1.93322e-255;1.42572e-226;0.023552
3355;1.93472e-284;4.03535e-265;0.008192
3356;7.22644e-275;2.88263e-101;0.023328
3357;2.48287e-265;2.12404e+228;0.026624
3358;5.08047e-299;4.02532e-183;0.024576
3437;2.65601e+64;-3.79993e-271;0.021504
3438;4.90866e-62;1.25292e-71;0.026816
3439;1.85103e-13;6.73599e+241;0.050176
3440;2.23708e+276;20.0862;0.024576
3441;3.40085e+103;426376;0.023552
3442;9.01054e-101;1.26209e-139;0.008192
3443;265359;6.5843e-226;0.022528
3444;-3.20481e-279;3.85869e-124;0.026624
3445;2.81598e-62;1.90085e-206;0.024576
3446;-1.06633e+95;1.59914e-284;0.024576
3447;8.24735e-217;4.73873e-270;0.026624
3448;1.08481e-274;9.40114e-275;0.0256
3449;2.58143e-236;2.57036e-289;0.050176
3450;5.81357e-241;1.25618e-298;0.021504
3451;6.99155e-18;1.67262e-308;0.06144
3452;-3.18434e-235;3.75438e-241;0.021504
3453;1.34608e+11;1.83122e-260;0.026624
3454;1.34623e-67;5.14171e-289;0.050176
3455;9.32063e-178;6.86622e-246;0.024576
3456;3.40269e-226;3.57075e-265;0.026624
3457;2.1254e-47;1.51573e-284;0.024576
3458;5.20851e+10;2.56735e-289;0.024576
3459;3.51147e+87;5.07932e-299;0.026624
3460;1.60081e-197;2.70954e-236;0.0256
3461;1.83147e-23;2.54495e-260;0.050176
3462;4.27232e-159;4.06783e-173;0.021504
3463;2.5051e-231;2.10086e-163;0.06144
3464;2.27229e-284;-2.4836e-288;0.021504
3465;4.11394e-294;4.89533e-173;0.026624
3466;2.95238e-236;6.03315e+10;0.050176
3467;9.16031e-246;4.34758e-187;0.024576
3468;6.51568e-275;1.34265e-115;0.023552
3469;1.00309e-307;3.43371e-154;0.008192
3470;2.64461e-260;1.08942e-95;0.023552
3471;1.76594e-284;6.48663e-231;0.027648
3472;2.43708e-289;1.05699e-226;0.024576
3473;7.29292e-304;3.57146e-236;0.023552
3474;2.33814e-260;2.1148e-226;0.026688
3475;2.3093e-289;1.08496e-274;0.0256
3476;5.08047e-299;1.4582e+39;0.050176
3477;5.68607e-270;2.0091e-157;0.02048
3478;6.27972e-299;2.72964e-43;0.06144
3479;8.19053e-217;9.39174e-173;0.021504
3480;5.68235e-270;18.209;0.026624
3481;5.43934e-246;4.59716e-202;0.050176
3482;1.81766e+11;2.41666e-178;0.024576
3483;6.57002e-96;8.80531e-72;0.022752
3484;1.8827e-153;8.42544e-250;0.008192
3485;4.87415e+68;1.13104e-249;0.02336
3486;5.87054e+10;2.06434e-134;0.026624
3487;2.4775e-201;1.53568e-115;0.024576
3488;9.14934e+203;1.54368e-267;0.024576
3489;9.85301e-106;9.0286e-144;0.026624
3490;1.84016e-149;8.77045e-115;0.0256
3491;6.05619e-207;3.45066e-12;0.050176
3492;1.45592e-221;4.19798e-91;0.02048
3493;1.73079e-260;8.48308e-106;0.06144
3494;8.8898e-246;1.26022e-206;0.021504
3495;3.74807e-111;1.7911e-211;0.026688
3496;1.91416e-81;2.02829e-134;0.050176
3497;4.85846e+45;2.45316e-182;0.024576
3498;4.58747e+135;8.42411e-140;0.023552
3499;9.20458e+174;5.81494e-144;0.008288
3500;6.75496e+20;1.07371e-191;0.022528
3501;6.79904e+125;1.16098e+40;0.026624
3502;1.04228e-91;2.57864e-96;0.0256
3503;6.67824e-289;1.6782e-191;0.023552
3504;3.08068e-183;4.01331e-91;0.026624
3505;3.6958e-110;-6.8032e-294;0.0256
3506;1.79429e+185;-6.75453e+73;0.050176
3507;1.35088e+131;-1.44931e-219;0.02048
3508;9.75117e-231;1.84876e+152;0.06144
3509;1.06018e+54;-2.24141e-210;0.021504
3510;1.14037e+83;1.28168e+262;0.026656
3511;2.39158e+169;6.18138e-188;0.050176
3512;1.73638e-177;4.34745e-31;0.024576
3513;5.39862e+84;2.6661e+299;0.023552
3514;8.42447e-09;4.01297e+40;0.008192
3593;2.18204e-289;1.3037e-274;0.02048
3594;1.68385e-284;2.40385e-255;0.061536
3595;2.54337e-260;4.26361e-270;0.021504
3596;5.67893e-299;8.20137e+53;0.026624
3597;2.56584e-289;2.95122e-249;0.050176
3598;9.39833e-275;6.53857e-101;0.024576
3599;1.03985e-221;6.55165e-52;0.022528
3600;7.5889e-275;1.74311e-187;0.008192
3601;1.21393e-279;1.0303e-158;0.023296
3602;1.62285e-182;6.52986e-91;0.026624
3603;8.36669e-192;1.4365e+30;0.024576
3604;2.32584e-187;2.16141e-71;0.024576
3605;1.22211e-61;2.35878e-293;0.026624
3606;2.4303e-86;4.22523e-19;0.0256
3607;9.04963e-260;3.64527e-173;0.050176
3608;8.20486e-14;1.40722e-233;0.02048
3609;7.75033e+140;3.71782e-110;0.06144
3610;4.89704e-241;4.9393e+208;0.021504
3611;3.34072e-207;-2.75839e-278;0.026624
3612;6.77806e-241;1.85578e-47;0.008288
3613;9.35168e-222;3.36471e-24;0.023296
3614;2.92237e-207;6.8766e-14;0.026624
3615;9.47789e-140;1.40158e-302;0.024576
3616;0.00177891;4.89169e-67;0.024576
3617;7.64979e+218;3.83287e-216;0.026624
3618;1.34504e-76;3.74719e-221;0.0256
3619;4.96613e+228;2.4243e-72;0.050176
3620;3.88503e-86;1.82621e+50;0.02048
3621;2.93518e+236;1.96864e-149;0.06144
3622;1.53093e-96;1.71767e-48;0.021504
3623;1.18479e-250;7.26694e-96;0.026624
3624;3.8583e-125;9.90535e+17;0.050176
3625;1.13356e-182;-1.67548e-303;0.024576
3626;1.04571e-171;-1.22541e+70;0.023552
3627;9.75336e+19;8.05774e-255;0.008192
3628;7.15154e-125;1.20276e+107;0.024352
3629;5.41306e-149;7.45257e+39;0.026624
3630;6.16271e+261;5.72559e+76;0.024576
3631;4.91988e+135;2.63202e-67;0.023552
3632;6.41923e-144;-4.40955e-285;0.026624
3633;-2.57923e-273;1.69484e+165;0.0256
3634;1.87796e-119;-4.5585e-249;0.050176
3635;1.60262e-187;9.86719e+237;0.02048
3636;1.10128e-302;4.59335e+154;0.06144
3637;1.08517e+69;7.32809e+175;0.021504
3638;8.57891e-120;-1.62439e-40;0.026624
3639;1.52461e-43;4.13192e-254;0.050176
3640;2.12913e+190;1.00885e-163;0.024576
3641;1.3728e-71;1.42632e-109;0.022816
3642;7.14863e+21;3.96383e-71;0.008192
3643;2.00998e-139;4.56949e+58;0.022528
3644;3.70824e+152;7.3575e-163;0.026624
3645;1.33764e-32;5.2756e-134;0.024576
3646;2.22626e-25;4.69791e+11;0.024576
3647;5.63183e+44;1.68201e-196;0.026624
3648;-6.24084e-30;3.58503e-168;0.0256
3649;1.11198e-93;1.09309e-250;0.050176
3650;2.20901e-38;2.99054e+51;0.020736
3651;1.62494e+10;1.20156e-18;0.06144
3652;1.05724e+257;1.91867e+30;0.021504
3653;2.03433e+249;-2.59268e+42;0.026624
3654;2.18365e-187;2.94013e+26;0.050176
3655;2.03378e-48;-1.2594e+36;0.024576
3656;3.45143e+247;1284.06;0.023552
3657;1.29044e+100;4.70874e-207;0.008192
3658;2.20891e-138;2.34833e-172;0.023552
3659;4.69045e-207;1.70363e-192;0.026624
3660;2.52072e+59;1.85165e-284;0.024576
3661;1.14223e-293;4.41408e-105;0.024576
3662;1.28151e-104;-5.29112e-287;0.026624
3663;2.78995e+304;4.35401e-144;0.0256
3664;5.18944e-230;3.56277e-28;0.05024
3665;-6.94081e-94;-3.13289e-205;0.02048
3666;1.04943e-163;1.32183e-191;0.06144
3667;1.99689e-131;8.67445e+217;0.021504
3668;1.59443e-192;1.22086e-163;0.027648
3669;3.26155e-260;3.30989e-149;0.049248
3670;3.10406e-91;1.31569e-216;0.024576
3750;4.15759e-08;-3.37412e-305;0.0256
3751;3.39451e+146;3.44821e-32;0.050176
3752;3.13942e-119;5.15547e-186;0.02048
3753;5.13631e+285;-1.05909e+306;0.06144
3754;4.77014e-125;1.61209e-21;0.021504
3755;4.32824e-57;5.96218e+174;0.026624
3756;8.27849e-38;2.7994e+209;0.050176
3757;6.73769e-110;-1.51832e-301;0.024576
3758;2.54604e-120;3.45861e+152;0.023552
3759;3.28474e-226;2.16029e-43;0.008192
3760;1.32477e-71;3.15013e+69;0.023552
3761;8.37813e+208;9.26379e+21;0.026624
3762;2.03929e+272;7.3607e+185;0.024672
3763;5.9953e+198;8.90339e-246;0.023552
3764;3.03249e-41;1.39828e+63;0.026624
3765;7.75333e+87;4.78491e-05;0.0256
3766;-2.58673e+157;-0.001361;0.050176
3767;1.03651e-47;7.16816e-67;0.02048
3768;-3.60252e-166;3.30666e-192;0.049152
3769;-2.13063e-215;3.40443e-96;0.024576
3770;6.02527e-120;-3.00197e+56;0.023552
3771;2.24198e+35;2.2456e+164;0.008288
3772;7.11896e-18;2.08087e+229;0.023392
3773;1.13139e+85;-4.15029e+70;0.026688
3774;-3.92743e-69;1.56581e-66;0.024576
3775;-5.62976e-148;3.48401e-05;0.024576
3776;2.92367e+183;1.45736e+147;0.026624
3777;3.7334e-116;3.15564e-212;0.0256
3778;2.64587e-81;4.61926e-115;0.050176
3779;1.76066e+247;4.26344e-106;0.02048
3780;1.26073e-168;1.32039e-226;0.062464
3781;5.06184e+54;1.41982e-143;0.021504
3782;4.02106e-250;6.17886e+280;0.026624
3783;3.56315e-71;2.19019e-182;0.050176
3784;3.09478e+266;1.16388e+30;0.024576
3785;0.0026176;3.97936e+83;0.023552
3786;3.6072e+88;4.74858e-235;0.008288
3787;4.20097e-186;2.03859e-43;0.022528
3788;5.45991e-241;2.69866e-202;0.026688
3789;1.08917e-269;1.0455e-163;0.024576
3790;6.83488e-24;4.31493e-188;0.024576
3791;-7.16726e-267;1.00422e+42;0.026624
3792;1.56345e+75;3.40424e-130;0.0256
3793;4.83259e-104;6.01417e-298;0.050176
3794;1.32161e-139;3.11706e-177;0.021504
3795;2.04343e+92;5.43609e-178;0.06144
3796;6.14055e-231;1.25329e-293;0.021504
3797;6.26275e-159;3.19104e-149;0.026624
3798;1.1376e-163;2.95244e-130;0.050176
3799;1.61672e+189;1.27751e-33;0.024576
3800;3.90684e+217;0.000116146;0.023552
3801;9.28667e-48;1.8286e-254;0.008192
3802;5.36906e+78;2.32457e-279;0.023552
3803;4.57778e-72;1.42907e-110;0.02672
3804;2.66201e-28;0.000802888;0.024576
3805;3.37368e+121;1.39167e-205;0.023552
3806;1.08144e-205;6.0159e-246;0.02672
3807;7.45957e-289;2.64579e-260;0.0256
3808;3.47073e-289;5.97641e-299;0.050176
3809;2.8109e-125;5.92082e-270;0.02048
3810;2.92504e-207;8.66778e-275;0.06144
3811;1.03704e-235;9.77311e-309;0.021504
3812;6.714e+10;8.59589e-246;0.026624
3813;1.47857e+246;4.50114e-265;0.050176
3814;2.31251e-57;2.60919e-284;0.024576
3815;13.1605;1.93406e-284;0.022752
3816;1.35498e-250;6.87235e-299;0.008192
3817;4.35766e-265;5.98107e-299;0.022528
3818;3.43214e-149;2.69612e-289;0.02672
3819;4.30617e-159;3.91822e-294;0.024672
3820;7.5863e+64;4.18286e-236;0.024576
3821;9.40433e-09;1.17215e-61;0.026624
3822;2.57716e-09;1.60633e-124;0.0256
3823;6.85e-265;1.13734e+16;0.050176
3824;5.20913e-270;-1.04104e+80;0.021504
3825;4.30662e-294;1.04196e-148;0.062464
3826;1.80003e-255;2.09265e-52;0.021504
3827;1.53228e-226;3.36917e+213;0.026624
3906;7.54601e+189;5.77397e-187;0.024576
3907;1.33546e-210;3.02259e-110;0.026624
3908;1.37711e-245;2.42059e-255;0.0256
3909;1.37383e-269;6.40775e-236;0.050176
3910;3.28218e+102;3.96249e-202;0.02048
3911;-1.68202e-286;1.40481e-60;0.06144
3912;-2.4999e-283;6.35101e-82;0.021504
3913;8.14802e+23;8.94467e+14;0.026624
3914;7.34698e-43;1.07862e+64;0.049152
3915;-5.21298e-138;2.12557e-192;0.024576
3916;1.34887e-163;2.0878e-269;0.022528
3917;2.49292e-144;1.45979e-09;0.008192
3918;9.98932e-10;1.34148e-14;0.023552
3919;6.24566e-66;2.6691e-95;0.026624
3920;8.5001e+82;4.57516e-154;0.024576
3921;4.44103e+39;2.48126e-177;0.024576
3922;1.67125e+208;7.24607e-135;0.026624
3923;6.50365e+53;4.47623e-57;0.0256
3924;3.13175e-207;2.10054e-210;0.021504
3925;5.04314e+154;1.42128e-137;0.026624
3926;2.97054e-183;7.35253e-270;0.050176
3927;8.95602e-183;1.59716e-284;0.024576
3928;2.54456e-260;2.31081e-289;0.022528
3929;1.08988e-245;5.97407e-299;0.008192
3930;4.98157e-265;5.29439e-294;0.023552
3931;1.05015e-149;4.19924e-309;0.026624
3932;3.17511e-09;3.0738e-236;0.024576
3933;1.96804e+179;1.93349e-255;0.024576
3934;9.2848e+72;3.15354e-260;0.026752
3935;1.37561e-225;3.08141e-289;0.02576
3936;7.14669e-212;1.76759e-284;0.050176
3937;5.24351e-217;7.22364e-275;0.021504
3938;4.29187e-130;3.08192e-289;0.062464
3939;8.64225e+108;5.97874e-299;0.021504
3940;1.12066e-37;4.24632e-183;0.026784
3941;1.05302e+68;0.00172712;0.050176
3942;2.5401e-168;4.89821e+131;0.024576
3943;8.04919e-270;1.88189e+25;0.023552
3944;5.15777e-246;-7.93842e-288;0.008192
3945;2.05478e-289;8.18914e-10;0.022528
3946;1.30201e-274;1.7995e-235;0.02672
3947;2.06539e-255;1.31389e-91;0.024576
3948;4.6791e-236;1.70313e-239;0.023552
3949;7.80964e-308;2.10332e-192;0.026624
3950;7.59313e-275;3.15122e+145;0.0256
3951;7.77644e-299;2.05383e-202;0.050176
3952;8.22646e-294;8.91589e-173;0.020736
3953;2.18255e-289;8.92771e-212;0.06144
3954;1.93768e-284;2.44176e-260;0.021504
3955;5.09256e-294;6.87404e-246;0.026624
3956;1.10267e-279;3.17891e-134;0.049152
3957;9.12105e-304;3.90537e-153;0.024576
3958;1.68122e-284;1.59577e-28;0.022528
3959;2.69864e-289;6.8852e-149;0.009216
3960;4.97161e-270;8.19851e-34;0.023296
3961;6.11985e-217;1.35167e+296;0.027648
3962;5.76265e-188;4.84005e-212;0.024672
3963;6.59075e-72;7.0488e-135;0.023552
3964;1.97969e+15;4.11556e+10;0.026624
3965;8.0431e-222;1.46116e-86;0.0256
3966;3.55523e-235;3.16231e-29;0.050176
3967;3.8354e-135;1.06119e-81;0.02048
3968;8.32899e+251;3.93415e-260;0.06144
3969;7.03716e-29;2.30629e+251;0.021504
3970;1.00649e-226;3.08226e+141;0.026624
3971;1.37161e-192;9.08641e+207;0.049152
3972;4.32192e-241;1.10501e-134;0.024576
3973;3.88028e-265;1.52956e-62;0.023552
3974;1.90495e-226;6.69866e+145;0.008288
3975;8.08031e-197;2.34877e-167;0.023456
3976;1.15307e+210;1.47763e-76;0.026624
3977;8.01234e-159;7.24568e-226;0.024576
3978;2.92258e-154;-5.50045e-118;0.024576
3979;4.09083e+164;4.04489e-226;0.026624
3980;3.54055e-53;4.64155e-178;0.0256
3981;6.90035e-86;3.11753e-177;0.050368
3982;3.27828e-139;8.79573e-231;0.02048
3983;1.73375e-168;1.89931e+122;0.06144
4062;3.36479e-197;5.67535e+242;0.023552
4063;1.74874e-250;9.15943e+29;0.02672
4064;2.34052e-260;1.66652e-245;0.024672
4065;2.02109e-284;1.34533e-62;0.023808
4066;1.15815e-274;9.25837e+20;0.026624
4067;3.97981e-289;825481;0.0256
4068;2.22417e-173;1.32531e-173;0.050176
4069;3.90704e-308;1.30848e-129;0.02048
4070;1.11907e-308;6.1854e+159;0.06144
4071;3.08242e-289;1.06633e-120;0.021504
4072;4.87822e-289;4.29323e-101;0.02672
4073;9.11749e-304;1.23205e-269;0.050176
4074;5.38965e-299;3.75071e-241;0.024576
4075;7.94852e-275;2.56735e-289;0.023552
4076;4.77949e-299;1.49867e-153;0.008288
4077;7.74682e-304;4.50931e-144;0.023552
4078;1.10181e-279;2.02234e-13;0.02672
4079;9.13357e-304;0.000152977;0.0256
4080;3.91824e-294;2.19579e+122;0.021504
4081;2.44255e-260;1.00407e-134;0.026624
4082;4.74327e+87;6.22659e-187;0.049152
4083;2.59262e-100;1.70934e-61;0.024576
4084;2.35881e-129;2.73057e-130;0.023552
4085;2.11804e-231;5.15942e-43;0.008192
4086;5.96145e+159;6.14205e-183;0.023552
4087;1.07488e-177;1.269e-168;0.026624
4088;9.9661e-39;2.63111e-106;0.024576
4089;9.15215e-217;3.48514e+170;0.023808
4090;3.38898e-241;9.34543e+73;0.026624
4091;6.7734e-231;2.09252e-216;0.0256
4092;5.44721e-246;1.2588e-52;0.050176
4093;4.11013e-294;4.35927e-187;0.021504
4094;2.41732e-231;3.00998e+15;0.06144
4095;3.10061e-91;9.32954e-202;0.021504
4096;1.77119e+161;3.10354e-120;0.026624
4097;1.61999e-319;1.61999e-319;0.050176
4098;0.0256;1.12475e+10;1.62054e-319
4099;0.026624;9.56473e+09;1.52666e-321
4100;0.0256;9.66751e+09;1.73162e-316
4101;0.050176;1.12389e+10;4.24399e-314
4102;0.02048;9.78814e+09;4.94066e-324
4103;0.06144;1.14172e+10;6.93312e-310
4104;0.021504;9.78622e+09;0
4105;0.027648;1.05683e+10;6.93312e-310
4106;0.050176;1.12594e+10;6.93312e-310
4107;0.024576;1.0263e+10;0
4108;0.023552;1.03375e+10;6.93312e-310
4109;0.008192;1.30258e+10;1.7246e-316
4110;0.024576;1.03343e+10;0
4111;0.026624;1.04433e+10;2.27023e-320
4112;0.024576;1.01813e+10;6.93312e-310
4113;0.024576;1.0321e+10;6.93312e-310
4114;0.026624;1.03981e+10;0
4115;0.0256;1.02688e+10;2.42843e-317
4116;0.050176;1.1229e+10;6.93312e-310
4117;0.02048;9.77899e+09;0
4118;0.06144;1.14687e+10;0
4119;0.021504;9.56154e+09;0
4120;0.026624;1.04114e+10;0
4121;0.050176;9.87403e+09;0
4122;0.024576;1.0263e+10;0
4123;0.023552;1.01085e+10;0
4124;0.008288;1.30317e+10;0
4125;0.023552;1.0346e+10;0
4126;0.026624;1.04023e+10;0
4127;0.026624;1.03932e+10;0
4128;0.024576;1.01255e+10;0
4129;0.026624;1.26129e+10;0
4130;0.0256;1.02615e+10;0
4131;0.050176;1.12204e+10;0
4132;0.02048;9.76985e+09;0
4133;0.06144;1.14737e+10;0
4134;0.021504;1.01229e+10;6.93312e-310
4135;0.026624;1.04093e+10;0
4136;0.050176;1.12826e+10;0
4137;0.024576;1.026e+10;4.19956e-322
4138;0.023552;1.01221e+10;1.27623e-192
4139;0.008192;1.30258e+10;1.27623e-192
4296;0.023296;9.91294e+09;0
4297;0.026624;1.04009e+10;2.2893e-317
4298;0.024576;1.02545e+10;6.93312e-310
4299;0.024576;1.01113e+10;0
4300;0.026624;1.04044e+10;0
4301;0.0256;1.02579e+10;0
4302;0.050176;1.12311e+10;0
4303;0.021504;1.1861e+10;0
4304;0.06144;1.14211e+10;0
4305;0.021504;9.80286e+09;0
4306;0.026624;1.04086e+10;0
4307;0.050176;1.12976e+10;0
4308;0.024576;1.02688e+10;0
4309;0.023552;1.01123e+10;0
4310;0.00832;1.30258e+10;0
4311;0.023552;1.03398e+10;0
4312;0.026624;1.04023e+10;0
4313;0.024576;1.01791e+10;0
4314;0.024576;1.01248e+10;0
4315;0.026624;1.04037e+10;0
4316;0.0256;1.02622e+10;6.93312e-310
4317;0.050176;1.12225e+10;0
4318;0.02048;1.00305e+10;0
4319;0.06144;1.14169e+10;4.19956e-322
4320;0.021504;1.00488e+10;1.27623e-192
4321;0.026624;1.04023e+10;1.27623e-192
4322;0.050176;1.12153e+10;2.30635e-316
4323;0.024576;1.0263e+10;6.93312e-310
4324;0.022528;1.01228e+10;6.93312e-310
4325;0.008192;1.30258e+10;6.93312e-310
4326;0.023552;1.03452e+10;0
4327;0.026624;1.04058e+10;2.56761e-312
4328;0.024576;1.21558e+10;0
4329;0.024576;1.01165e+10;1.05236e-321
4330;0.026624;1.04009e+10;1.81309e-316
4331;0.0256;1.0268e+10;2.30635e-316
4332;0.021504;9.79536e+09;0
4333;0.026624;1.03988e+10;6.93312e-310
4334;0.049152;1.12768e+10;1.97626e-323
4335;0.024576;1.02622e+10;1.58101e-322
4336;0.023552;1.01206e+10;4.28032e-314
4337;0.008192;1.3014e+10;6.93298e-310
4338;0.023552;1.01282e+10;1.90786e-316
4339;0.026816;1.04129e+10;3.22842e-319
4340;0.0256;1.01894e+10;6.93298e-310
4341;0.024576;1.01225e+10;4.28032e-314
4342;0.026624;1.04703e+10;6.93298e-310
4343;0.0256;1.02608e+10;1.90786e-316
4344;0.050176;1.12311e+10;3.22921e-319
4345;0.02064;9.78731e+09;4.94066e-324
4346;0.062464;1.18885e+10;1.88075e-316
4347;0.021504;9.79038e+09;1.16906e-319
4348;0.026624;1.04023e+10;6.93312e-310
4349;0.050176;1.1283e+10;6.93318e-310
4350;0.024576;1.02608e+10;4.94066e-324
4351;0.023552;1.01168e+10;1.88075e-316
4352;0.00832;1.30258e+10;1.16906e-319
4353;0.022528;1.01342e+10;6.93312e-310
4354;0.026624;1.04051e+10;6.93318e-310
4355;0.024576;1.00474e+10;4.19956e-322
4356;0.023552;1.01173e+10;6.93312e-310
4357;0.026624;1.04002e+10;4.2804e-314
4358;0.0256;1.04723e+10;4.2804e-314
4359;0.050176;1.13841e+10;4.2804e-314
4360;0.02048;9.78564e+09;4.12728e-311
4361;0.06144;1.14137e+10;9.88131e-324
4362;0.021504;9.86658e+09;0
4363;0.026624;1.041e+10;0
4364;0.050176;1.12157e+10;0
4365;0.024576;1.04745e+10;4.19956e-322
4366;0.023552;1.01138e+10;6.93312e-310
4367;0.008192;1.30199e+10;4.2804e-314
4368;0.023552;1.03445e+10;4.2804e-314
4369;0.026624;1.04093e+10;4.2804e-314
4370;0.024576;1.01902e+10;4.12516e-311
4371;0.024576;1.03398e+10;9.88131e-324
4372;0.026624;1.05916e+10;0
4373;0.026624;1.0268e+10;0
4374;0.050176;1.12348e+10;0
4453;0.023552;1.03202e+10;0
4454;0.008192;1.30435e+10;0
4455;0.023552;1.03195e+10;0
4456;0.026816;1.06026e+10;0
4457;0.024576;1.01702e+10;0
4458;0.023552;1.01195e+10;0
4459;0.026624;1.04009e+10;0
4460;0.0256;1.02426e+10;0
4461;0.050176;1.1227e+10;0
4462;0.02048;9.78314e+09;0
4463;0.06144;1.14155e+10;0
4464;0.021504;9.79204e+09;0
4465;0.026624;1.0391e+10;0
4466;0.050176;1.12256e+10;0
4467;0.024576;1.02586e+10;0
4468;0.023552;1.0113e+10;0
4469;0.008192;1.30435e+10;0
4470;0.023552;1.03359e+10;6.93312e-310
4471;0.026624;1.03819e+10;0
4472;0.024576;9.96437e+09;0
4473;0.024576;1.0103e+10;0
4474;0.026624;1.03945e+10;0
4475;0.0256;1.026e+10;6.57107e-322
4476;0.05024;1.10012e+10;3.24399e-316
4477;0.021504;9.78814e+09;9.88131e-324
4478;0.06144;1.15695e+10;6.93312e-310
4479;0.021504;9.85899e+09;6.93312e-310
4480;0.026624;1.03995e+10;6.93312e-310
4481;0.049152;1.12797e+10;0
4482;0.024576;1.02666e+10;4.24399e-314
4483;0.023552;1.01055e+10;6.93312e-310
4484;0.008192;1.30376e+10;0
4485;0.023328;1.01207e+10;0
4486;0.026624;1.04016e+10;6.93312e-310
4487;0.024576;1.01724e+10;0
4488;0.024576;1.00978e+10;0
4489;0.020512;9.77566e+09;0
4490;0.06144;1.152e+10;0
4491;0.021504;9.79121e+09;5.78057e-322
4492;0.02688;1.03938e+10;6.93312e-310
4493;0.050176;1.11334e+10;6.93312e-310
4494;0.024576;1.02593e+10;6.93312e-310
4495;0.023552;1.01115e+10;0
4496;0.008288;1.30317e+10;0
4497;0.023552;1.01185e+10;4.94066e-324
4498;0.026624;1.03959e+10;0
4499;0.024576;1.02342e+10;0
4500;0.024576;1.00888e+10;4.94066e-324
4501;0.026624;1.04016e+10;0
4502;0.0256;1.21763e+10;0
4503;0.050176;1.12196e+10;0
4504;0.021504;1.0027e+10;0
4505;0.06144;1.1363e+10;4.99006e-322
4506;0.021504;9.79536e+09;3.24399e-316
4507;0.026624;1.03988e+10;9.88131e-324
4508;0.050176;1.12293e+10;6.93312e-310
4509;0.024576;1.02593e+10;6.93312e-310
4510;0.022528;1.01115e+10;6.93312e-310
4511;0.008288;1.30376e+10;0
4512;0.022528;1.04043e+10;2.122e-314
4513;0.026624;1.03973e+10;0
4514;0.024576;1.01709e+10;0
4515;0.023552;1.0314e+10;0
4516;0.026624;1.04016e+10;0
4517;0.0256;1.02593e+10;1.52666e-321
4518;0.050176;1.12385e+10;1.73162e-316
4519;0.021504;9.78981e+09;4.24399e-314
4520;0.06144;1.14652e+10;4.94066e-324
4521;0.021504;9.78955e+09;6.93312e-310
4522;0.026624;1.03931e+10;0
4523;0.050176;1.12838e+10;6.93312e-310
4524;0.024576;1.02579e+10;6.93312e-310
4525;0.022528;1.21158e+10;0
4526;0.008192;1.30199e+10;6.93312e-310
4527;0.023552;1.03366e+10;1.7246e-316
4528;0.026624;1.04561e+10;0
4529;0.0256;1.01739e+10;2.27073e-320
4530;0.024576;1.0112e+10;6.93312e-310
4609;0.026624;1.03812e+10;1.13635e-322
4610;0.049152;1.12251e+10;4.94066e-324
4611;0.024576;1.02673e+10;7.90505e-323
4612;0.023552;1.01048e+10;7.90505e-323
4613;0.008288;1.30435e+10;4.94066e-324
4614;0.023552;1.24467e+10;0
4615;0.026624;1.03995e+10;0
4616;0.024576;1.01731e+10;0
4617;0.024576;1.01135e+10;0
4618;0.026624;1.03988e+10;0
4619;0.0256;1.0467e+10;0
4620;0.050176;1.11158e+10;0
4621;0.02048;9.78981e+09;0
4622;0.06144;1.1317e+10;0
4623;0.021504;1.22489e+10;0
4624;0.026752;1.03988e+10;6.93312e-310
4625;0.050176;1.12186e+10;0
4626;0.0256;1.02441e+10;0
4627;0.022528;1.01108e+10;5.78057e-322
4628;0.008192;1.30376e+10;6.93312e-310
4629;0.023552;1.03343e+10;6.93312e-310
4630;0.026848;1.03973e+10;6.93312e-310
4631;0.024576;1.0397e+10;0
4632;0.024576;1.01075e+10;0
4633;0.026624;1.03896e+10;4.94066e-324
4634;0.0256;1.026e+10;0
4635;0.050304;1.1234e+10;0
4636;0.021504;9.79147e+09;4.94066e-324
4637;0.06144;1.15204e+10;0
4638;0.021504;9.79869e+09;0
4639;0.026624;1.03938e+10;0
4640;0.050176;1.12268e+10;0
4641;0.024576;1.04723e+10;4.19956e-322
4642;0.023552;1.01033e+10;1.27623e-192
4643;0.008192;1.30376e+10;1.27623e-192
4644;0.023328;1.03359e+10;2.30635e-316
4645;0.026624;1.03903e+10;6.93312e-310
4646;0.0256;1.02571e+10;6.93312e-310
4647;0.050176;1.134e+10;6.93312e-310
4648;0.02048;9.80315e+09;0
4649;0.06144;1.14702e+10;2.39786e-312
4650;0.021504;9.79121e+09;0
4651;0.026752;1.0403e+10;4.19956e-322
4652;0.049152;1.1323e+10;6.93312e-310
4653;0.024576;1.02557e+10;4.2804e-314
4654;0.023552;1.01063e+10;4.2804e-314
4655;0.008192;1.30199e+10;4.2804e-314
4656;0.023552;1.0117e+10;4.10606e-311
4657;0.026624;1.03903e+10;9.88131e-324
4658;0.024576;1.0182e+10;0
4659;0.023552;1.0115e+10;0
4660;0.027648;1.03966e+10;0
4661;0.0256;1.0263e+10;4.19956e-322
4662;0.050176;1.12566e+10;6.93312e-310
4663;0.021504;9.78564e+09;4.2804e-314
4664;0.06144;1.14003e+10;4.2804e-314
4665;0.021504;9.79121e+09;4.2804e-314
4666;0.026624;1.0384e+10;4.10394e-311
4667;0.050176;1.12515e+10;9.88131e-324
4668;0.024576;1.02528e+10;0
4669;0.022784;1.01085e+10;0
4670;0.008192;1.30199e+10;0
4671;0.023296;1.03374e+10;5.78057e-322
4672;0.026752;1.0391e+10;6.93312e-310
4673;0.0256;1.01724e+10;6.93312e-310
4674;0.024576;1.01068e+10;6.93312e-310
4675;0.026624;1.04065e+10;0
4676;0.0256;1.02615e+10;0
4677;0.050176;1.11444e+10;4.94066e-324
4678;0.021504;9.79147e+09;0
4679;0.06144;1.14105e+10;0
4680;0.021504;9.78955e+09;4.94066e-324
4681;0.026624;1.04044e+10;0
4682;0.050176;1.11023e+10;0
4683;0.024576;1.0255e+10;0
4684;0.023552;1.01078e+10;0
4685;0.008192;1.30258e+10;6.57107e-322
4686;0.023552;1.03398e+10;3.24399e-316
4765;0.020768;9.79147e+09;0
4766;0.06144;1.14584e+10;0
4767;0.021504;9.79121e+09;4.19956e-322
4768;0.026624;1.05953e+10;6.93312e-310
4769;0.050176;1.1203e+10;4.2804e-314
4770;0.024576;1.02593e+10;4.2804e-314
4771;0.023552;1.0104e+10;4.2804e-314
4772;0.00832;1.30317e+10;4.13789e-311
4773;0.023296;1.03382e+10;9.88131e-324
4774;0.026624;1.04044e+10;0
4775;0.024576;1.01724e+10;0
4776;0.023552;1.01143e+10;0
4777;0.026624;1.03917e+10;6.57107e-322
4778;0.0256;1.02579e+10;3.24399e-316
4779;0.050176;1.14324e+10;9.88131e-324
4780;0.02048;9.76902e+09;6.93312e-310
4781;0.06144;1.14165e+10;6.93312e-310
4782;0.021504;9.79703e+09;6.93312e-310
4783;0.026688;1.04002e+10;0
4784;0.050176;1.13109e+10;4.24399e-314
4785;0.024576;1.02513e+10;6.93312e-310
4786;0.023552;1.01108e+10;0
4787;0.008192;1.30317e+10;0
4788;0.022528;1.03366e+10;6.93312e-310
4789;0.026624;1.03981e+10;0
4790;0.0256;1.01694e+10;0
4791;0.024576;1.0121e+10;0
4792;0.026624;1.03938e+10;0
4793;0.0256;1.04564e+10;4.99006e-322
4794;0.050368;1.12628e+10;3.24399e-316
4795;0.02048;9.78314e+09;9.88131e-324
4796;0.06144;1.1418e+10;6.93312e-310
4797;0.021504;9.78955e+09;6.93312e-310
4798;0.026624;1.03903e+10;6.93312e-310
4799;0.049152;1.12165e+10;0
4800;0.024576;1.02434e+10;2.122e-314
4801;0.022528;1.01198e+10;0
4802;0.0256;1.02434e+10;0
4803;0.050176;1.12139e+10;0
4804;0.02048;9.78231e+09;0
4805;0.06144;1.1419e+10;4.19956e-322
4806;0.021504;9.79038e+09;6.93312e-310
4807;0.026624;1.03868e+10;4.2804e-314
4808;0.049152;1.12453e+10;4.2804e-314
4809;0.024576;1.04248e+10;4.2804e-314
4810;0.023552;1.03328e+10;4.07211e-311
4811;0.008192;1.30317e+10;9.88131e-324
4812;0.023552;1.01147e+10;0
4813;0.026624;1.03833e+10;0
4814;0.024576;1.01805e+10;0
4815;0.024576;1.01173e+10;4.19956e-322
4816;0.026624;1.04518e+10;6.93312e-310
4817;0.0256;1.02586e+10;4.2804e-314
4818;0.050176;1.1229e+10;4.2804e-314
4819;0.02048;9.86198e+09;4.2804e-314
4820;0.06144;1.15258e+10;4.06999e-311
4821;0.021504;9.78871e+09;9.88131e-324
4822;0.026624;1.19775e+10;0
4823;0.050176;1.12726e+10;0
4824;0.024576;1.026e+10;0
4825;0.023552;1.0169e+10;1.63042e-322
4826;0.008192;1.30317e+10;6.93312e-310
4827;0.022784;1.01155e+10;6.93312e-310
4828;0.026656;1.06092e+10;1.58101e-322
4829;0.024576;1.01717e+10;5.73116e-322
4830;0.024576;1.01038e+10;6.93312e-310
4831;0.026624;1.03931e+10;6.93312e-310
4832;0.0256;1.04647e+10;6.93312e-310
4833;0.050176;1.12307e+10;0
4834;0.021504;1.24732e+10;0
4835;0.06144;1.13571e+10;4.94066e-324
4836;0.021504;1.00348e+10;0
4837;0.026624;1.03875e+10;0
4838;0.050176;1.12251e+10;4.94066e-324
4839;0.024576;1.04715e+10;0
4840;0.022528;1.01108e+10;0
4841;0.008192;1.30023e+10;0
4842;0.023552;1.03343e+10;0
4921;0.020608;9.79147e+09;1.86309e-316
4922;0.06144;1.08881e+10;9.75582e-320
4923;0.021504;9.79869e+09;3.10839e-317
4924;0.026624;1.03903e+10;0
4925;0.050176;1.11164e+10;4.94066e-324
4926;0.024576;1.02462e+10;1.86309e-316
4927;0.023552;1.03202e+10;9.75582e-320
4928;0.00832;1.30317e+10;3.10839e-317
4929;0.023552;1.01185e+10;0
4930;0.026624;1.04009e+10;2.52962e-321
4931;0.024672;1.03501e+10;0
4932;0.024576;1.01128e+10;0
4933;0.026624;1.03742e+10;0
4934;0.0256;1.02455e+10;0
4935;0.050176;1.12797e+10;1.60571e-321
4936;0.02048;9.78314e+09;1.73162e-316
4937;0.06144;1.14151e+10;4.24399e-314
4938;0.021504;9.79038e+09;4.94066e-324
4939;0.026624;1.04023e+10;6.93312e-310
4940;0.050176;1.11096e+10;0
4941;0.024576;1.02571e+10;6.93312e-310
4942;0.023552;1.01085e+10;6.93312e-310
4943;0.008192;1.30258e+10;0
4944;0.023552;1.0117e+10;6.93312e-310
4945;0.026624;1.04009e+10;1.7246e-316
4946;0.024576;1.01828e+10;0
4947;0.023552;1.01173e+10;2.27073e-320
4948;0.026656;1.04058e+10;6.93312e-310
4949;0.0256;1.02535e+10;6.93312e-310
4950;0.050176;1.12624e+10;0
4951;0.021504;9.78231e+09;1.82385e-317
4952;0.06144;1.14155e+10;6.93312e-310
4953;0.021504;9.79703e+09;0
4954;0.026624;1.04016e+10;0
4955;0.050176;1.12202e+10;0
4956;0.024576;1.02484e+10;0
4957;0.023552;1.01033e+10;0
4958;0.023552;1.0106e+10;0
4959;0.026624;1.03966e+10;0
4960;0.0256;1.02804e+10;0
4961;0.050176;1.12278e+10;0
4962;0.021504;9.78314e+09;0
4963;0.06144;1.15204e+10;0
4964;0.021504;9.79121e+09;0
4965;0.026624;1.03875e+10;0
4966;0.050176;1.1221e+10;0
4967;0.024576;1.02557e+10;0
4968;0.023552;1.03281e+10;0
4969;0.00848;1.30258e+10;0
4970;0.023552;1.03398e+10;6.93312e-310
4971;0.026624;8.32159e+09;0
4972;0.024576;1.01761e+10;0
4973;0.024576;1.01105e+10;0
4974;0.026624;1.03973e+10;0
4975;0.0256;1.047e+10;6.57107e-322
4976;0.050176;1.12327e+10;6.93312e-310
4977;0.02048;9.79231e+09;6.93312e-310
4978;0.06144;1.14691e+10;6.93312e-310
4979;0.021504;9.77213e+09;0
4980;0.026624;1.03981e+10;0
4981;0.049152;1.12569e+10;4.94066e-324
4982;0.024576;1.02571e+10;0
4983;0.023552;1.01093e+10;0
4984;0.008192;1.30199e+10;4.94066e-324
4985;0.023456;1.03359e+10;0
4986;0.026624;1.03945e+10;0
4987;0.024576;1.01591e+10;0
4988;0.024576;1.0109e+10;0
4989;0.026624;1.03938e+10;4.94066e-324
4990;0.026624;1.02521e+10;6.32404e-322
4991;0.050176;1.12282e+10;6.57107e-322
4992;0.021504;9.78231e+09;6.93312e-310
4993;0.06144;1.12137e+10;6.93312e-310
4994;0.021504;9.77959e+09;6.93312e-310
4995;0.026624;1.04023e+10;0
4996;0.050176;1.1228e+10;0
4997;0.0256;1.02557e+10;4.94066e-324
4998;0.023552;1.00898e+10;0
4999;0.008192;1.30317e+10;0
