78;0.207488;0.021504;0.2248
79;0.303808;0.026624;0.299936
80;0.619648;0.049152;0.572544
81;0.262176;0.024576;0.286464
82;0.259552;0.022528;0.26432
83;0.036096;0.008192;0.03568
84;0.260352;0.023552;0.25744
85;0.295424;0.026656;0.321056
86;0.39504;0.024576;0.290784
87;0.2688;0.023584;0.274432
88;0.296256;0.026624;0.313152
89;0.27216;0.0256;0.27424
90;0.620896;0.050176;0.615424
91;0.21376;0.020608;0.246432
92;0.725312;0.06144;0.648096
93;0.198304;0.021504;0.235552
94;0.295296;0.026624;0.30352
95;0.618752;0.050176;0.581504
96;0.271264;0.024576;0.303168
97;0.260032;0.022528;0.272448
98;0.036096;0.009216;0.03568
99;0.250848;0.023296;0.263936
100;0.29616;0.026624;0.294112
101;0.26384;0.024768;0.296704
102;0.26064;0.023552;0.284128
103;0.29472;0.026624;0.326368
104;0.271168;0.0256;0.275584
105;0.615712;0.050176;0.603616
106;0.206816;0.020576;0.242624
107;0.763904;0.06144;0.6808
108;0.207872;0.021504;0.234144
109;0.294592;0.026624;0.301504
110;0.62096;0.049344;0.579424
111;0.271808;0.024576;0.293952
112;0.268992;0.022528;0.282208
113;0.036096;0.008192;0.035712
114;0.390368;0.023296;0.276448
115;0.286944;0.026624;0.292192
116;0.26416;0.024576;0.287392
117;0.261024;0.023552;0.302048
118;0.286112;0.027648;0.304064
119;0.270496;0.0256;0.292672
120;0.612192;0.050176;0.539616
121;0.19792;0.02048;0.234112
122;0.75216;0.06144;0.667968
123;0.207488;0.02048;0.23328
124;0.276864;0.026624;0.294176
125;0.610688;0.050176;0.557632
126;0.261504;0.024576;0.292608
127;0.268704;0.023552;0.293856
128;0.036128;0.008192;0.035712
129;0.252352;0.023296;0.257728
130;0.287296;0.026624;0.302304
131;0.264864;0.024576;0.287552
132;0.26608;0.023552;0.290272
133;0.2864;0.026624;0.31152
134;0.27008;0.0256;0.292672
135;0.621632;0.050176;0.539552
136;0.207552;0.02048;0.23392
137;0.767776;0.06144;0.651072
138;0.200064;0.021504;0.235584
139;0.294656;0.026624;0.3192
140;0.620352;0.050176;0.554016
141;0.27024;0.024576;0.28288
142;0.25952;0.023552;0.40944
143;0.036096;0.008192;0.03568
144;0.251072;0.023552;0.265056
145;0.294432;0.026624;0.302528
146;0.26512;0.024576;0.287776
147;0.260928;0.023552;0.264864
148;0.28608;0.026624;0.304064
149;0.271872;0.0256;0.273696
150;0.639328;0.050176;0.629664
151;0.20704;0.02048;0.23616
152;0.770624;0.06144;0.65072
153;0.20752;0.021504;0.234048
154;0.285376;0.026624;0.286816
155;0.62384;0.049152;0.573216
156;0.26304;0.023552;0.275232
157;0.294688;0.026624;0.322048
158;0.262688;0.024576;0.297408
159;0.268992;0.023744;0.297728
160;0.286944;0.026624;0.315264
161;0.270816;0.0256;0.293632
162;0.62192;0.050176;0.59888
163;0.208544;0.02048;0.244192
164;0.744992;0.06144;0.650592
165;0.208736;0.021504;0.248768
166;0.285248;0.026624;0.311936
167;0.611584;0.049152;0.528192
168;0.261856;0.024576;0.295072
169;0.315744;0.022528;0.324928
170;0.036256;0.008192;0.03568
171;0.251424;0.02336;0.267744
172;0.286048;0.026624;0.303296
173;0.264832;0.024576;0.28544
174;0.260672;0.023552;0.28304
175;0.286272;0.026624;0.283328
176;0.270016;0.0256;0.311456
177;0.62272;0.050176;0.578528
178;0.198016;0.02048;0.255776
179;0.744736;0.06144;0.6496
180;0.208512;0.021504;0.245376
181;0.295456;0.026624;0.308896
182;0.620768;0.049152;0.530208
183;0.270496;0.024576;0.266016
184;0.270208;0.023552;0.291456
185;0.036192;0.008192;0.03568
186;0.250816;0.023296;0.265632
187;0.27616;0.026624;0.30352
188;0.265536;0.024576;0.28672
189;0.250944;0.023552;0.275264
190;0.285248;0.026624;0.311776
191;0.270816;0.0256;0.275744
192;0.622976;0.050176;0.662336
193;0.208576;0.02048;0.244256
194;0.759776;0.06144;0.651104
195;0.207616;0.02048;0.246816
196;0.295488;0.026624;0.284096
197;0.609568;0.049152;0.53888
198;0.270112;0.024576;0.274176
199;0.26064;0.022784;0.304
200;0.036128;0.008192;0.03568
201;0.260352;0.023296;0.266624
202;0.29456;0.026624;0.312608
203;0.2656;0.024576;0.29392
204;0.278432;0.023552;0.28208
205;0.274656;0.026624;0.301216
206;0.27008;0.0256;0.2936
207;0.621536;0.050176;0.601312
208;0.207872;0.02048;0.24448
209;0.763584;0.06144;0.648864
210;0.20512;0.02048;0.244352
211;0.295456;0.026624;0.295264
212;0.633568;0.050176;0.595008
213;0.270816;0.024576;0.298368
214;0.269824;0.022528;0.27248
215;0.036192;0.008416;0.035712
216;0.250848;0.023552;0.25584
217;0.285344;0.026624;0.302272
218;0.27312;0.024576;0.294528
219;0.260736;0.024576;0.293152
220;0.286272;0.026624;0.32016
221;0.268352;0.0256;0.302176
222;0.621312;0.050176;0.560064
223;0.207936;0.02048;0.243776
224;0.758912;0.06144;0.696768
225;0.198976;0.021504;0.245408
226;0.369792;0.026624;0.358688
227;0.627648;0.049152;0.566848
228;0.266944;0.024576;0.287648
229;0.260576;0.023552;0.264896
230;0.03616;0.008192;0.040032
231;0.251136;0.023296;0.25568
232;0.29456;0.026624;0.321888
233;0.265856;0.024576;0.286496
312;0.277984;0.022528;0.262944
313;0.036096;0.008192;0.03568
314;0.251072;0.023296;0.256896
315;0.283136;0.026624;0.293376
316;0.264096;0.024576;0.288032
317;0.260288;0.023552;0.283584
318;0.2952;0.026624;0.303968
319;0.269824;0.0256;0.292704
320;0.625088;0.050176;0.623552
321;0.206784;0.02048;0.224896
322;0.758816;0.06144;0.677216
323;0.20752;0.021504;0.23728
324;0.294688;0.026624;0.319296
325;0.610176;0.049152;0.53984
326;0.271456;0.024576;0.293984
327;0.256864;0.022528;0.284832
328;0.036096;0.008224;0.03568
329;0.260288;0.02432;0.264928
330;0.276032;0.029408;0.30224
331;0.255648;0.024576;0.267936
332;0.261696;0.023552;0.282976
333;0.287712;0.026624;0.312864
334;0.262848;0.0256;0.29264
335;0.611712;0.050176;0.539616
336;0.206816;0.020672;0.234176
337;0.76256;0.06144;0.674528
338;0.240832;0.021504;0.287104
339;0.285344;0.026624;0.309664
340;0.611296;0.049152;0.58864
341;0.271328;0.024576;0.291552
342;0.26128;0.022528;0.28784
343;0.036096;0.008192;0.03568
344;0.260416;0.023552;0.25584
345;0.286944;0.026624;0.302304
346;0.265184;0.024576;0.297952
347;0.260736;0.023744;0.281856
348;0.285344;0.026624;0.302976
349;0.27296;0.0256;0.291648
350;0.612736;0.050176;0.539104
351;0.20736;0.02048;0.23312
352;0.75376;0.06144;0.681664
353;0.207648;0.021504;0.238816
354;0.285376;0.026752;0.30944
355;0.62016;0.050176;0.528864
356;0.270208;0.024576;0.27344
357;0.260064;0.022816;0.286976
358;0.036096;0.008192;0.035712
359;0.257472;0.023296;0.26512
360;0.28624;0.026624;0.293312
361;0.264448;0.024576;0.306976
362;0.261824;0.023776;0.292128
363;0.286048;0.026624;0.303872
364;0.271296;0.0256;0.301728
365;0.612832;0.050176;0.538592
366;0.198784;0.02048;0.232128
367;0.752704;0.06144;0.67904
368;0.208704;0.021504;0.236512
369;0.29456;0.026624;0.309568
370;0.618592;0.050176;0.61168
371;0.271232;0.024576;0.29344
372;0.25936;0.023552;0.288704
373;0.036096;0.008192;0.03568
374;0.260448;0.023296;0.265408
375;0.286208;0.026624;0.30128
376;0.264928;0.024576;0.287008
377;0.261984;0.023744;0.28192
378;0.287072;0.026624;0.306592
379;0.270272;0.0256;0.291392
380;0.622208;0.050176;0.539584
381;0.204128;0.02048;0.237248
382;0.744448;0.06144;0.657824
383;0.226176;0.021504;0.244544
384;0.286208;0.026688;0.312512
385;0.630656;0.050176;0.562272
386;0.271232;0.024576;0.273664
387;0.269632;0.022752;0.296928
388;0.036096;0.008224;0.03568
389;0.251008;0.022528;0.256992
468;0.277056;0.026624;0.293056
469;0.620128;0.050176;0.535328
470;0.276384;0.024576;0.29504
471;0.26976;0.023552;0.294208
472;0.03616;0.008192;0.035712
473;0.261952;0.023456;0.262816
474;0.294656;0.026624;0.30256
475;0.265888;0.024576;0.285728
476;0.260064;0.023776;0.292128
477;0.28624;0.026624;0.28352
478;0.271968;0.0256;0.304384
479;0.82448;0.050176;0.60304
480;0.208672;0.02048;0.241408
481;0.753824;0.06144;0.66816
482;0.216896;0.021504;0.245376
483;0.303712;0.026624;0.324896
484;0.628352;0.049152;0.539264
485;0.279168;0.024576;0.303232
486;0.26112;0.022528;0.293216
487;0.036192;0.009216;0.035712
488;0.251936;0.023552;0.264704
489;0.295584;0.026624;0.313216
490;0.266048;0.024576;0.287072
491;0.259744;0.024576;0.283136
492;0.29648;0.026624;0.309888
493;0.270272;0.0256;0.30768
494;0.622432;0.050176;0.61328
495;0.198016;0.02064;0.246496
496;0.755712;0.06144;0.662016
497;0.217888;0.020768;0.247776
498;0.287264;0.027648;0.288288
499;0.638368;0.049152;0.576288
500;0.261664;0.024576;0.296032
501;0.261984;0.023552;0.274016
502;0.03616;0.008192;0.03568
503;0.26464;0.023296;0.271776
504;0.286048;0.02688;0.304544
505;0.274528;0.024576;0.28672
506;0.307936;0.023552;0.331328
507;0.287232;0.026624;0.302464
508;0.269888;0.0256;0.278272
509;0.626176;0.050176;0.631712
510;0.208288;0.020608;0.255776
511;0.758176;0.06144;0.683008
512;0.218912;0.021504;0.249984
513;0.29616;0.026624;0.3056
514;0.627744;0.050176;0.568128
515;0.270272;0.024576;0.275264
516;0.260704;0.022528;0.282336
517;0.036192;0.008192;0.035712
518;0.252;0.023552;0.264992
519;0.287104;0.026624;0.312
520;0.273344;0.024576;0.301376
521;0.25168;0.023552;0.282816
522;0.295456;0.026624;0.308672
523;0.270592;0.0256;0.308288
524;0.619808;0.050176;0.565344
525;0.204224;0.02048;0.252704
526;0.763424;0.060416;0.66848
527;0.214336;0.02048;0.234144
528;0.288576;0.026624;0.307616
529;0.635488;0.050176;0.599136
530;0.270912;0.024576;0.293696
531;0.260704;0.022528;0.264096
532;0.036192;0.008192;0.03568
533;0.260576;0.023296;0.294272
534;0.285344;0.026624;0.303328
535;0.265184;0.024576;0.284992
536;0.278528;0.023552;0.282656
537;0.286912;0.026624;0.284032
538;0.270912;0.0256;0.291584
539;0.622976;0.050176;0.566176
540;0.198016;0.02048;0.24144
541;0.772224;0.06144;0.6696
542;0.199936;0.021504;0.247552
543;0.297216;0.026624;0.308832
544;0.619776;0.049376;0.594784
545;0.271008;0.024576;0.29424
625;0.208352;0.02048;0.245088
626;0.285344;0.026624;0.307104
627;0.610368;0.049344;0.529472
628;0.271584;0.024576;0.295776
629;0.269952;0.022528;0.29072
630;0.036096;0.008224;0.035712
631;0.26048;0.023296;0.272768
632;0.28608;0.026624;0.302496
633;0.264096;0.024576;0.280992
634;0.263648;0.023712;0.294688
635;0.286048;0.027648;0.293792
636;0.271264;0.0256;0.29296
637;0.62928;0.050176;0.548832
638;0.198016;0.02048;0.244416
639;0.724832;0.06144;0.661376
640;0.248992;0.021504;0.369152
641;0.29456;0.026624;0.305568
642;0.619552;0.050176;0.552288
643;0.270912;0.024576;0.29808
644;0.279104;0.023552;0.292512
645;0.036288;0.008192;0.035712
646;0.2512;0.023296;0.284
647;0.285216;0.026624;0.301824
648;0.273504;0.024576;0.26832
649;0.260736;0.024576;0.281024
650;0.29456;0.026624;0.31184
651;0.271936;0.0256;0.291872
652;0.638432;0.050176;0.571872
653;0.207616;0.021504;0.235712
654;0.744064;0.06144;0.690592
655;0.207584;0.02048;0.224832
656;0.285376;0.026624;0.300384
657;0.628832;0.049312;0.572256
658;0.270912;0.024576;0.273664
659;0.25968;0.022528;0.283264
660;0.036192;0.008192;0.03568
661;0.261152;0.023328;0.285088
662;0.296256;0.026688;0.312032
663;0.264256;0.024576;0.2872
664;0.259936;0.023552;0.282656
665;0.286048;0.026624;0.320704
666;0.252736;0.0256;0.274752
667;0.617824;0.050176;0.595936
668;0.24864;0.020512;0.2672
669;0.73808;0.06144;0.659872
670;0.19824;0.021504;0.23504
671;0.286016;0.026624;0.313056
672;0.620576;0.050176;0.58864
673;0.26992;0.024576;0.292224
674;0.25936;0.023552;0.283328
675;0.036064;0.008192;0.035712
676;0.260448;0.023552;0.296288
677;0.279168;0.026624;0.311872
678;0.265472;0.024576;0.288064
679;0.261024;0.02368;0.282016
680;0.294528;0.026624;0.316832
681;0.271328;0.0256;0.292704
682;0.610816;0.050176;0.53856
683;0.198016;0.02048;0.243456
684;0.763136;0.06144;0.680288
685;0.199168;0.021504;0.23504
686;0.292192;0.026624;0.315104
687;0.620128;0.050176;0.539264
688;0.271424;0.024736;0.293792
689;0.252256;0.022528;0.282944
690;0.036128;0.008224;0.035712
691;0.241696;0.023296;0.256672
692;0.286208;0.026624;0.30288
693;0.26496;0.024576;0.287712
694;0.280288;0.024576;0.264288
695;0.286048;0.026624;0.30864
696;0.271936;0.0256;0.292672
697;0.610592;0.050176;0.54368
698;0.199296;0.021504;0.2352
699;0.7528;0.060416;0.667328
700;0.203904;0.021504;0.245792
701;0.294528;0.026624;0.315616
702;0.036064;0.008224;0.03568
781;0.261152;0.023552;0.282592
782;0.285344;0.026624;0.31408
783;0.272352;0.0256;0.304224
784;0.620224;0.050176;0.55856
785;0.214528;0.02048;0.244736
786;0.7536;0.06144;0.660352
787;0.202912;0.02048;0.246816
788;0.285408;0.026624;0.314048
789;0.619552;0.050176;0.576032
790;0.281184;0.024576;0.306272
791;0.259648;0.022528;0.28304
792;0.036064;0.009216;0.03568
793;0.241696;0.023456;0.265696
794;0.286944;0.026624;0.303424
795;0.265664;0.024576;0.306496
796;0.261632;0.024576;0.282208
797;0.294528;0.026624;0.312512
798;0.272064;0.0256;0.306816
799;0.62176;0.050176;0.578016
800;0.207936;0.021504;0.243168
801;0.771936;0.06144;0.659328
802;0.20768;0.021504;0.235424
803;0.303808;0.026624;0.320704
804;0.61904;0.050176;0.589824
805;0.340288;0.024576;0.398048
806;0.260544;0.022528;0.282848
807;0.036096;0.008192;0.035872
808;0.242016;0.023552;0.264608
809;0.286272;0.026624;0.31072
810;0.259936;0.024576;0.286048
811;0.261056;0.023712;0.282624
812;0.286112;0.026624;0.304384
813;0.275648;0.0256;0.292672
814;0.610816;0.050176;0.569312
815;0.198176;0.02048;0.234176
816;0.762848;0.06144;0.649088
817;0.198944;0.021504;0.235584
818;0.29504;0.026624;0.322784
819;0.621504;0.049152;0.634528
820;0.262624;0.027552;0.282592
821;0.250464;0.023552;0.282528
822;0.036064;0.008192;0.03568
823;0.270784;0.023296;0.2832
824;0.294464;0.026624;0.30304
825;0.274176;0.024576;0.286976
826;0.260832;0.024576;0.282656
827;0.295328;0.026624;0.313056
828;0.270176;0.0256;0.292576
829;0.60304;0.050176;0.539104
830;0.198048;0.02048;0.233632
831;0.771488;0.06144;0.717152
832;0.198656;0.021504;0.234528
833;0.296288;0.026624;0.324832
834;0.611584;0.050176;0.544704
835;0.267904;0.024576;0.312384
836;0.25968;0.022528;0.264256
837;0.036096;0.008192;0.035712
838;0.250912;0.023328;0.283488
839;0.267808;0.026624;0.283904
840;0.271232;0.024576;0.302624
841;0.259904;0.023552;0.281952
842;0.29456;0.026624;0.285088
843;0.270912;0.0256;0.303232
844;0.622112;0.050176;0.539616
845;0.207104;0.02048;0.236992
846;0.737408;0.06144;0.676576
847;0.207296;0.021504;0.246848
848;0.286016;0.026688;0.302496
849;0.621472;0.049152;0.603136
850;0.271904;0.024576;0.274208
851;0.250464;0.022752;0.26432
852;0.036096;0.008192;0.035904
853;0.242784;0.02432;0.266848
854;0.286976;0.026624;0.29104
855;0.26464;0.024576;0.28672
856;0.259776;0.023552;0.280512
857;0.304544;0.026624;0.313024
858;0.754752;0.06144;0.6784
937;0.251264;0.023296;0.282624
938;0.296288;0.026624;0.301952
939;0.274016;0.0256;0.2984
940;0.259872;0.023552;0.293152
941;0.294432;0.026624;0.302048
942;0.417024;0.0256;0.319616
943;0.621664;0.050176;0.58208
944;0.209024;0.02048;0.24736
945;0.775968;0.06144;0.744096
946;0.208864;0.021504;0.237696
947;0.28624;0.026624;0.305568
948;0.609632;0.049152;0.5384
949;0.270272;0.024576;0.29728
950;0.25024;0.022528;0.27328
951;0.03616;0.008192;0.03568
952;0.241664;0.023552;0.266368
953;0.285376;0.026624;0.30352
954;0.247072;0.0256;0.266336
955;0.24848;0.023552;0.266656
956;0.286208;0.026624;0.303264
957;0.260864;0.0256;0.26656
958;0.593856;0.050176;0.566848
959;0.217216;0.02048;0.247264
960;0.754016;0.06144;0.667392
961;0.20016;0.021504;0.23616
962;0.296576;0.026624;0.302976
963;0.630304;0.050176;0.538176
964;0.279872;0.024576;0.31344
965;0.247072;0.023552;0.274016
966;0.03616;0.008192;0.03568
967;0.243136;0.023296;0.265088
968;0.28672;0.026624;0.303488
969;0.265088;0.024576;0.287072
970;0.421856;0.024576;0.294688
971;0.285216;0.027648;0.285504
972;0.271264;0.0256;0.304032
973;0.621536;0.050176;0.566176
974;0.209184;0.020768;0.23424
975;0.735552;0.06144;0.656896
976;0.19504;0.021504;0.22544
977;0.304672;0.026624;0.287008
978;0.618816;0.049152;0.577248
979;0.271264;0.024576;0.27424
980;0.25968;0.022528;0.281696
981;0.036192;0.008192;0.03568
982;0.242752;0.02336;0.255936
983;0.285344;0.026624;0.322496
984;0.264128;0.024576;0.303936
985;0.260768;0.023552;0.282464
986;0.287648;0.026624;0.302208
987;0.270944;0.0256;0.282432
988;0.62;0.050176;0.658304
989;0.21712;0.02048;0.245536
990;0.763776;0.06144;0.65936
991;0.1984;0.021504;0.237184
992;0.2864;0.026624;0.318048
993;0.619488;0.050176;0.570048
994;0.270208;0.024576;0.29424
995;0.261472;0.023552;0.283008
996;0.036192;0.008224;0.035712
997;0.241856;0.02432;0.403104
998;0.304224;0.026624;0.321664
999;0.264288;0.024576;0.287072
1000;0.260064;0.023552;0.28304
1001;0.285216;0.026624;0.302976
1002;0.271296;0.0256;0.293952
1003;0.60272;0.050176;0.565152
1004;0.198656;0.020736;0.24512
1005;0.76304;0.060416;0.724416
1006;0.204032;0.021504;0.236192
1007;0.293152;0.026624;0.316672
1008;0.61056;0.050176;0.54096
1009;0.27024;0.024576;0.30688
1010;0.26144;0.022528;0.282656
1011;0.03616;0.008192;0.035744
1012;0.241728;0.023552;0.28448
1013;0.285376;0.026624;0.303488
1014;0.270112;0.024576;0.28064
1093;0.270208;0.024576;0.274784
1094;0.26144;0.023552;0.264288
1095;0.036192;0.008192;0.035712
1096;0.251712;0.023552;0.265888
1097;0.296288;0.026624;0.31424
1098;0.255776;0.024576;0.287232
1099;0.269952;0.024576;0.283936
1100;0.274656;0.026624;0.302464
1101;0.270176;0.0256;0.292416
1102;0.614432;0.050176;0.59824
1103;0.208288;0.020736;0.243456
1104;0.773376;0.06144;0.677888
1105;0.249152;0.021504;0.274144
1106;0.295456;0.026624;0.28912
1107;0.647456;0.050176;0.580192
1108;0.270592;0.024576;0.301888
1109;0.261088;0.023552;0.28272
1110;0.036192;0.008192;0.035712
1111;0.242816;0.023328;0.25552
1112;0.266944;0.026624;0.28352
1113;0.263936;0.024576;0.294912
1114;0.250592;0.023552;0.26416
1115;0.296192;0.026624;0.284832
1116;0.279424;0.0256;0.293472
1117;0.6128;0.050176;0.566176
1118;0.208;0.02048;0.234912
1119;0.75664;0.06144;0.64928
1120;0.20832;0.021504;0.244192
1121;0.285952;0.026624;0.284512
1122;0.619616;0.050176;0.56656
1123;0.270912;0.024576;0.296352
1124;0.259648;0.022528;0.283552
1125;0.036192;0.008192;0.036
1126;0.241728;0.023296;0.256672
1127;0.286048;0.026624;0.322304
1128;0.266048;0.024576;0.296448
1129;0.25984;0.023552;0.289888
1130;0.296192;0.026624;0.315008
1131;0.270944;0.025696;0.282912
1132;0.622208;0.050176;0.649408
1133;0.239616;0.02048;0.265184
1134;0.773888;0.06144;0.68656
1135;0.1992;0.021504;0.224384
1136;0.267936;0.026624;0.28352
1137;0.61072;0.050176;0.537696
1138;0.270176;0.024576;0.296608
1139;0.268864;0.022528;0.2816
1140;0.03616;0.008224;0.035712
1141;0.25136;0.023296;0.266112
1142;0.285376;0.026624;0.301024
1143;0.266048;0.024576;0.29472
1144;0.25984;0.023552;0.282304
1145;0.287264;0.026624;0.302752
1146;0.279488;0.0256;0.293632
1147;0.620992;0.050176;0.56832
1148;0.198784;0.021504;0.238912
1149;0.764;0.06144;0.666432
1150;0.202304;0.021248;0.252192
1151;0.286304;0.026624;0.303424
1152;0.610592;0.050176;0.53792
1153;0.270048;0.024576;0.304288
1154;0.261408;0.022528;0.2832
1155;0.036192;0.008192;0.03568
1156;0.261696;0.023552;0.295104
1157;0.285696;0.026624;0.312544
1158;0.26512;0.024576;0.2864
1159;0.260064;0.023744;0.283616
1160;0.286944;0.026624;0.302432
1161;0.271008;0.0256;0.292928
1162;0.618752;0.050176;0.612256
1163;0.203392;0.02048;0.247008
1164;0.773216;0.06144;0.72544
1165;0.199232;0.021504;0.247264
1166;0.286976;0.026624;0.304384
1167;0.620768;0.050176;0.536896
1168;0.27008;0.024576;0.29472
1169;0.249184;0.023552;0.272992
1170;0.03616;0.008224;0.03568
1250;0.285408;0.026624;0.303328
1251;0.618528;0.04944;0.530464
1252;0.260864;0.024576;0.281952
1253;0.260064;0.02272;0.290432
1254;0.036096;0.008192;0.03568
1255;0.251424;0.023296;0.264576
1256;0.294432;0.026624;0.302592
1257;0.25696;0.024576;0.2704
1258;0.242688;0.023744;0.28208
1259;0.285376;0.026624;0.311808
1260;0.280128;0.0256;0.30368
1261;0.621024;0.050176;0.57648
1262;0.207072;0.02048;0.236992
1263;0.753664;0.06144;0.697984
1264;0.20288;0.021504;0.235456
1265;0.285824;0.026816;0.301248
1266;0.588832;0.050176;0.53664
1267;0.322848;0.024576;0.33696
1268;0.2648;0.022528;0.281664
1269;0.036128;0.008192;0.03568
1270;0.251392;0.02432;0.2656
1271;0.274656;0.026624;0.302336
1272;0.264384;0.024576;0.287328
1273;0.259712;0.024576;0.289408
1274;0.286048;0.026624;0.287104
1275;0.271232;0.0256;0.292672
1276;0.628896;0.050176;0.556992
1277;0.202528;0.02048;0.23392
1278;0.782112;0.06144;0.704384
1279;0.204096;0.021504;0.23552
1280;0.295424;0.026624;0.315392
1281;0.62096;0.050176;0.56784
1282;0.271392;0.024576;0.291424
1283;0.260032;0.022528;0.282848
1284;0.036064;0.008192;0.036032
1285;0.242016;0.023552;0.256992
1286;0.286176;0.026624;0.293568
1287;0.264256;0.024576;0.2872
1288;0.243072;0.023552;0.2624
1289;0.287424;0.02672;0.312032
1290;0.28096;0.0256;0.292992
1291;0.611008;0.050176;0.540128
1292;0.19824;0.021504;0.233632
1293;0.762208;0.06144;0.650624
1294;0.200192;0.021504;0.2248
1295;0.289728;0.026624;0.289248
1296;0.621152;0.050176;0.571456
1297;0.270912;0.024576;0.292256
1298;0.260384;0.023552;0.291264
1299;0.036128;0.008192;0.03568
1300;0.260416;0.023552;0.285056
1301;0.27712;0.026624;0.31232
1302;0.256096;0.024576;0.288032
1303;0.260768;0.024576;0.282912
1304;0.303776;0.027648;0.312032
1305;0.271968;0.0256;0.29216
1306;0.611488;0.050176;0.588736
1307;0.198528;0.02048;0.233952
1308;0.763296;0.06144;0.689888
1309;0.207296;0.021504;0.243648
1310;0.285344;0.026624;0.307584
1311;0.610912;0.050176;0.550784
1312;0.271392;0.024576;0.296736
1313;0.260384;0.022528;0.283008
1314;0.036128;0.008192;0.03568
1315;0.242656;0.023296;0.26512
1316;0.28624;0.026624;0.301312
1317;0.264288;0.024576;0.2872
1318;0.261792;0.024576;0.282624
1319;0.28704;0.026624;0.286112
1320;0.281216;0.0256;0.303168
1321;0.834336;0.050176;0.61264
1322;0.20496;0.021504;0.246368
1323;0.735712;0.06144;0.65968
1324;0.2128;0.021504;0.235392
1325;0.295296;0.026624;0.304576
1326;0.611136;0.050176;0.538656
1327;0.271616;0.024576;0.292864
1406;0.199296;0.02048;0.224032
1407;0.77312;0.06144;0.89984
1408;0.207552;0.02048;0.879072
1409;0.285216;0.026624;0.3064
1410;0.620096;0.049152;1.66285
1411;0.271264;0.024576;0.307296
1412;0.242848;0.022528;0.2648
1413;0.036192;0.008224;0.035712
1414;0.251136;0.023328;0.26592
1415;0.285312;0.026624;0.30416
1416;0.265984;0.024576;0.30576
1417;0.260736;0.023552;0.29216
1418;0.28592;0.026624;0.303424
1419;0.27008;0.0256;0.293056
1420;0.613536;0.050208;0.6112
1421;0.203648;0.02048;0.234272
1422;0.781792;0.06144;0.889504
1423;0.214016;0.021504;1.01747
1424;0.296192;0.026624;0.284
1425;0.619488;0.050176;1.47635
1426;0.279424;0.024576;0.310368
1427;0.26144;0.022752;0.282656
1428;0.03616;0.008192;0.035712
1429;0.241792;0.023296;0.273664
1430;0.295584;0.026624;0.304576
1431;0.262016;0.024576;0.286272
1432;0.261088;0.023552;0.28336
1433;0.286656;0.026624;0.303264
1434;0.279424;0.0256;0.304224
1435;0.641216;0.050176;0.55696
1436;0.1992;0.02048;0.235776
1437;0.765696;0.06144;0.92448
1438;0.205344;0.021504;0.705088
1439;0.286912;0.026624;0.309888
1440;0.611296;0.050176;1.2105
1441;0.270592;0.024576;0.296064
1442;0.252192;0.022528;0.26384
1443;0.036192;0.008192;0.035936
1444;0.242016;0.023552;0.296672
1445;0.27776;0.026624;0.312992
1446;0.26496;0.024576;0.268288
1447;0.269952;0.024576;0.282016
1448;0.36;0.026624;0.333216
1449;0.270208;0.0256;0.284416
1450;0.62096;0.050176;0.613728
1451;0.209056;0.02048;0.239328
1452;0.74688;0.06144;0.94496
1453;0.199424;0.021504;1.0088
1454;0.295424;0.026624;0.301376
1455;0.638048;0.050176;1.43014
1456;0.270592;0.024576;0.299168
1457;0.271008;0.023552;0.291968
1458;0.03616;0.008224;0.03568
1459;0.242048;0.023296;0.284448
1460;0.286368;0.026624;0.3128
1461;0.26544;0.024576;0.286112
1462;0.259968;0.024576;0.292672
1463;0.29648;0.026624;0.3008
1464;0.270592;0.0256;0.308384
1465;0.630624;0.050176;0.546752
1466;0.208544;0.02048;0.236288
1467;0.753184;0.06144;0.86224
1468;0.199488;0.021504;0.963008
1469;0.28624;0.026624;0.284032
1470;0.628128;0.04944;1.24531
1471;0.424544;0.024576;0.306336
1472;0.259744;0.023552;0.292832
1473;0.036224;0.008192;0.03568
1474;0.251264;0.023296;0.283328
1475;0.286656;0.026624;0.305088
1476;0.265184;0.024576;0.2776
1477;0.259712;0.023584;0.284416
1478;0.286944;0.026624;0.283776
1479;0.270208;0.0256;0.292064
1480;0.621696;0.050176;0.560032
1481;0.202656;0.02048;0.235264
1482;0.754496;0.06144;0.952256
1483;0.204064;0.02048;1.05558
1484;0.251744;0.023552;0.26304
1485;0.03616;0.008192;0.03568
1486;0.24208;0.023488;0.25648
1487;0.285344;0.026624;0.312576
1488;0.254752;0.024576;0.284512
1489;0.261024;0.023552;0.282016
1490;0.295456;0.026624;0.30352
1491;0.280128;0.0256;0.291936
1492;0.630112;0.050176;1.4256
1493;0.199776;0.020736;0.2384
1494;0.754816;0.06144;0.881408
1495;0.212288;0.02048;0.952096
1496;0.292352;0.026624;0.292992
1497;0.62448;0.049152;1.27261
1498;0.40048;0.024576;0.308288
1499;0.261824;0.022528;0.2832
1500;0.036192;0.008224;0.035712
1501;0.251872;0.023296;0.292064
1502;0.285472;0.026624;0.313248
1503;0.265312;0.024576;0.301184
1504;0.260768;0.024576;0.282848
1505;0.285248;0.027648;0.292768
1506;0.262016;0.0256;0.293664
1507;0.639744;0.050176;0.599936
1508;0.200096;0.021504;0.234784
1509;0.746112;0.06144;0.943552
1510;0.214304;0.021504;0.87984
1511;0.285248;0.026624;0.302944
1512;0.629472;0.050176;1.51408
1513;0.270176;0.024576;0.298624
1514;0.251808;0.022528;0.2832
1515;0.036192;0.008192;0.03568
1516;0.26048;0.023552;0.264512
1517;0.286592;0.028672;0.314112
1518;0.264;0.024576;0.286048
1519;0.252288;0.024576;0.283744
1520;0.295488;0.026624;0.322752
1521;0.261792;0.028512;0.300576
1522;0.62304;0.050176;0.576224
1523;0.20832;0.02048;0.246816
1524;0.763296;0.06144;0.695552
1525;0.25936;0.021504;0.953824
1526;0.286944;0.026688;0.303776
1527;0.618912;0.049152;1.46954
1528;0.252448;0.024576;0.273792
1529;0.26896;0.022528;0.281632
1530;0.036192;0.008448;0.035712
1531;0.261152;0.023296;0.284576
1532;0.28128;0.026624;0.284544
1533;0.265312;0.024576;0.286336
1534;0.260096;0.024576;0.282624
1535;0.295456;0.026624;0.324224
1536;0.258592;0.025696;0.292928
1537;0.607328;0.050176;0.539552
1538;0.207968;0.021504;0.243616
1539;0.753568;0.06144;0.695296
1540;0.208736;0.021504;0.619072
1541;0.28624;0.026624;0.316576
1542;0.620608;0.049152;1.60358
1543;0.271808;0.024576;0.306976
1544;0.261344;0.023552;0.256576
1545;0.036192;0.008192;0.03568
1546;0.242336;0.023296;0.266048
1547;0.289888;0.026624;0.30336
1548;0.274656;0.024576;0.291392
1549;0.259712;0.023712;0.283584
1550;0.285216;0.026624;0.302752
1551;0.271936;0.0256;0.293632
1552;0.612832;0.05024;0.538496
1553;0.199072;0.02048;0.247872
1554;0.781568;0.06144;0.694048
1555;0.208672;0.021504;0.987776
1556;0.28624;0.026624;0.303264
1557;0.620416;0.049152;1.37994
1558;0.279072;0.024576;0.303872
1559;0.260416;0.023552;0.283264
1560;0.036224;0.008192;0.03568
1561;0.242048;0.023296;0.257024
1640;0.197728;0.02048;0.244672
1641;0.62944;0.049152;0.573344
1642;0.261984;0.024576;0.298848
1643;0.260544;0.02272;0.283232
1644;0.036192;0.008224;0.035808
1645;0.243712;0.023488;0.255968
1646;0.2864;0.026624;0.2856
1647;0.256096;0.024576;0.267328
1648;0.261408;0.023552;0.264736
1649;0.294432;0.026624;0.309696
1650;0.270944;0.0256;0.292192
1651;0.62256;0.050176;0.581536
1652;0.199776;0.02048;0.236192
1653;0.763968;0.06144;0.734496
1654;0.209568;0.021504;0.686848
1655;0.286848;0.026624;0.303456
1656;0.62048;0.050176;1.36835
1657;0.251552;0.024576;0.275264
1658;0.260704;0.022528;0.283296
1659;0.036192;0.008192;0.03568
1660;0.269568;0.023552;0.291904
1661;0.286048;0.026624;0.30256
1662;0.26528;0.024576;0.286752
1663;0.26016;0.023552;0.30288
1664;0.28592;0.026624;0.285536
1665;0.26144;0.0256;0.291968
1666;0.608096;0.050176;0.566176
1667;0.198016;0.02048;0.235168
1668;0.754144;0.06144;0.677664
1669;0.218112;0.021504;0.850688
1670;0.29616;0.026624;0.312608
1671;0.629728;0.049152;1.64461
1672;0.261024;0.024576;0.27456
1673;0.260608;0.023552;0.274016
1674;0.03616;0.008192;0.03568
1675;0.24176;0.023296;0.29408
1676;0.295264;0.026624;0.303008
1677;0.264384;0.024576;0.268064
1678;0.265536;0.023552;0.290848
1679;0.285888;0.026624;0.302432
1680;0.279456;0.0256;0.29344
1681;0.594656;0.050176;0.538528
1682;0.19904;0.02048;0.235072
1683;0.767232;0.06144;0.686912
1684;0.209152;0.021504;0.98112
1685;0.295488;0.026624;0.304288
1686;0.620032;0.050176;1.4849
1687;0.261088;0.024576;0.286944
1688;0.269024;0.023552;0.282688
1689;0.036288;0.008192;0.035648
1690;0.269632;0.023296;0.28176
1691;0.286048;0.026624;0.302976
1692;0.256096;0.024576;0.286048
1693;0.259936;0.023552;0.299328
1694;0.28752;0.026624;0.302432
1695;0.269888;0.0256;0.273152
1696;0.621984;0.050176;0.593888
1697;0.207264;0.02048;0.237344
1698;0.772384;0.06144;0.769312
1699;0.200448;0.02048;0.907584
1700;0.286272;0.026624;0.303264
1701;0.61888;0.050176;1.35542
1702;0.270912;0.024576;0.292544
1703;0.261536;0.022752;0.282944
1704;0.03616;0.008192;0.035904
1705;0.246816;0.02432;0.255904
1706;0.285952;0.026624;0.28384
1707;0.265248;0.024576;0.29664
1708;0.260256;0.023552;0.26512
1709;0.29616;0.026624;0.302464
1710;0.261568;0.0256;0.284416
1711;0.630784;0.050176;0.630016
1712;0.208256;0.020672;0.235776
1713;0.708768;0.06144;0.69408
1714;0.207136;0.021504;0.765792
1715;0.285248;0.026624;0.302688
1716;0.620256;0.049312;1.44781
1717;0.269856;0.024576;0.299168
1796;0.285344;0.026624;0.285088
1797;0.72736;0.060416;0.69552
1798;0.205088;0.021504;0.804512
1799;0.28624;0.026624;0.293184
1800;0.627616;0.049152;1.5361
1801;0.280256;0.024576;0.291648
1802;0.260288;0.022528;0.283232
1803;0.036192;0.008224;0.035936
1804;0.260224;0.023552;0.283296
1805;0.287072;0.026624;0.302784
1806;0.265888;0.024576;0.285728
1807;0.250816;0.023552;0.294112
1808;0.285888;0.026688;0.283776
1809;0.26144;0.0256;0.292928
1810;0.640512;0.050176;0.53696
1811;0.19856;0.02048;0.246624
1812;0.752704;0.06144;0.686912
1813;0.212992;0.021504;0.76816
1814;0.286912;0.026624;0.299968
1815;0.620224;0.049152;1.45978
1816;0.271808;0.024576;0.296768
1817;0.270528;0.023552;0.283296
1818;0.036192;0.008224;0.03568
1819;0.241632;0.023296;0.25536
1820;0.286016;0.026624;0.294112
1821;0.265152;0.024576;0.306592
1822;0.25984;0.02384;0.264672
1823;0.278048;0.026624;0.30272
1824;0.279232;0.0256;0.27472
1825;0.629792;0.050176;0.62096
1826;0.199392;0.020768;0.23808
1827;0.735488;0.06144;0.72016
1828;0.208288;0.021504;0.953152
1829;0.295456;0.026624;0.301952
1830;0.629344;0.050176;1.54397
1831;0.280064;0.024576;0.298144
1832;0.241952;0.023552;0.2648
1833;0.036192;0.008384;0.03568
1834;0.248928;0.023296;0.265472
1835;0.277184;0.026624;0.2936
1836;0.273216;0.024576;0.285984
1837;0.250688;0.024576;0.28288
1838;0.29136;0.026624;0.322816
1839;0.270048;0.0256;0.292
1840;0.613408;0.050176;0.537504
1841;0.198912;0.02048;0.233312
1842;0.771424;0.06144;0.686528
1843;0.208832;0.021504;0.984512
1844;0.285376;0.026624;0.303744
1845;0.595584;0.050176;1.49392
1846;0.269728;0.024576;0.274272
1847;0.259584;0.023552;0.283552
1848;0.03616;0.008192;0.03568
1849;0.269536;0.023296;0.28432
1850;0.286048;0.027648;0.312544
1851;0.264256;0.024576;0.297312
1852;0.260704;0.023552;0.290848
1853;0.462656;0.026624;0.310464
1854;0.270784;0.0256;0.291968
1855;0.631232;0.050176;0.583552
1856;0.198624;0.02048;0.235264
1857;0.726688;0.06144;0.715648
1858;0.208416;0.021504;0.75024
1859;0.285216;0.026624;0.309568
1860;0.618752;0.049152;1.35126
1861;0.270848;0.024576;0.297088
1862;0.256288;0.022528;0.2824
1863;0.036128;0.008192;0.03568
1864;0.251136;0.023552;0.283552
1865;0.29456;0.026624;0.321472
1866;0.274368;0.024576;0.284704
1867;0.269856;0.024576;0.282848
1868;0.296192;0.027648;0.321696
1869;0.270784;0.0256;0.292928
1870;0.6312;0.050176;0.673504
1871;0.204544;0.02048;0.248736
1872;0.736544;0.06144;0.68624
1873;0.208224;0.021504;0.989888
1874;0.295488;0.026624;0.283776
1953;0.264288;0.024576;0.291296
1954;0.616352;0.050176;0.561088
1955;0.198848;0.02048;0.233152
1956;0.789792;0.06144;0.696832
1957;0.199616;0.021504;0.777568
1958;0.303744;0.026624;0.327424
1959;0.620352;0.050176;1.28499
1960;0.280672;0.024576;0.307264
1961;0.260352;0.023552;0.282688
1962;0.036128;0.008192;0.03568
1963;0.241696;0.023296;0.266112
1964;0.28592;0.026624;0.301824
1965;0.264736;0.024576;0.27808
1966;0.249504;0.023776;0.28368
1967;0.285344;0.026624;0.312384
1968;0.270592;0.0256;0.291648
1969;0.615584;0.050176;0.588224
1970;0.198112;0.02048;0.233984
1971;0.773344;0.06144;0.780928
1972;0.20752;0.021504;0.787296
1973;0.303808;0.027648;0.312512
1974;0.630208;0.050176;1.20666
1975;0.270944;0.024576;0.294656
1976;0.260352;0.023552;0.283552
1977;0.036096;0.008192;0.03568
1978;0.243072;0.023488;0.256704
1979;0.380096;0.026624;0.424544
1980;0.25552;0.024576;0.26768
1981;0.26112;0.023552;0.27392
1982;0.285344;0.026624;0.32176
1983;0.271936;0.0256;0.294688
1984;0.634336;0.050176;0.575776
1985;0.198304;0.021504;0.2432
1986;0.772256;0.06144;0.731808
1987;0.1984;0.02048;0.713056
1988;0.294528;0.026624;0.323296
1989;0.639232;0.050176;1.08714
1990;0.280512;0.024576;0.284416
1991;0.259808;0.022784;0.282272
1992;0.036256;0.008192;0.035712
1993;0.250912;0.023296;0.28496
1994;0.300608;0.026624;0.31184
1995;0.264992;0.024576;0.287168
1996;0.261312;0.024576;0.291968
1997;0.286048;0.02688;0.2856
1998;0.273184;0.0256;0.29296
1999;0.613472;0.050176;0.558048
2000;0.200896;0.020672;0.234944
2001;0.77136;0.06144;0.696544
2002;0.207456;0.021504;0.82448
2003;0.37488;0.026624;0.3336
2004;0.64736;0.050176;1.16157
2005;0.270944;0.024576;0.297184
2006;0.268608;0.023552;0.300576
2007;0.036096;0.008224;0.03568
2008;0.251648;0.023552;0.265152
2009;0.286336;0.026624;0.275392
2010;0.264288;0.024576;0.297024
2011;0.252736;0.023552;0.262624
2012;0.293216;0.02672;0.323072
2013;0.270208;0.0256;0.272192
2014;0.602304;0.050176;0.557024
2015;0.207232;0.02048;0.244928
2016;0.7552;0.06144;0.723136
2017;0.216896;0.021504;0.93472
2018;0.28608;0.026624;0.303008
2019;0.624448;0.049152;0.921248
2020;0.272672;0.024576;0.298144
2021;0.252192;0.022528;0.282688
2022;0.036096;0.008192;0.03568
2023;0.250912;0.02432;0.256448
2024;0.285216;0.026624;0.283072
2025;0.26448;0.024576;0.28704
2026;0.260832;0.023552;0.27264
2027;0.276896;0.026624;0.294112
2028;0.271296;0.0256;0.282912
2029;0.776512;0.050176;0.559072
2030;0.197696;0.02048;0.238912
2109;0.036192;0.008192;0.035712
2110;0.260256;0.02432;0.262656
2111;0.295264;0.026624;0.322752
2112;0.270944;0.0256;0.276256
2113;0.620992;0.050176;0.63104
2114;0.207712;0.02048;0.234656
2115;0.764096;0.06144;0.702688
2116;0.207456;0.021504;0.760032
2117;0.286368;0.026624;0.304928
2118;0.606752;0.049152;1.61165
2119;0.271072;0.02464;0.304672
2120;0.26896;0.023552;0.289184
2121;0.03616;0.008192;0.035712
2122;0.25168;0.023296;0.265984
2123;0.285216;0.026624;0.310912
2124;0.263968;0.024576;0.2872
2125;0.262528;0.024576;0.28256
2126;0.284448;0.026624;0.311488
2127;0.26096;0.0256;0.291264
2128;0.617664;0.050176;0.567232
2129;0.18912;0.021504;0.2224
2130;0.763232;0.06144;0.7144
2131;0.202912;0.02048;0.870752
2132;0.295264;0.026624;0.32256
2133;0.630304;0.049152;1.45098
2134;0.271392;0.024576;0.299072
2135;0.250592;0.022528;0.263808
2136;0.036096;0.008256;0.035712
2137;0.251392;0.02432;0.2656
2138;0.277024;0.026624;0.302848
2139;0.264512;0.024576;0.28752
2140;0.262176;0.023552;0.28304
2141;0.295264;0.026752;0.32192
2142;0.260928;0.0256;0.293504
2143;0.630912;0.050176;0.5488
2144;0.198048;0.02048;0.235712
2145;0.762304;0.06144;0.76064
2146;0.207616;0.021504;0.702784
2147;0.303808;0.027648;0.311552
2148;0.62512;0.050176;1.40394
2149;0.261728;0.024576;0.274208
2150;0.258496;0.022784;0.301504
2151;0.036096;0.008192;0.03568
2152;0.251008;0.023552;0.257568
2153;0.294432;0.026624;0.302592
2154;0.32048;0.024576;0.411648
2155;0.260096;0.023552;0.282624
2156;0.285408;0.026624;0.31408
2157;0.270304;0.0256;0.292096
2158;0.62;0.050176;0.558048
2159;0.20816;0.02048;0.2352
2160;0.770912;0.06144;0.731456
2161;0.207392;0.021504;0.897344
2162;0.285856;0.026624;0.294848
2163;0.625056;0.050176;1.16538
2164;0.26224;0.024576;0.283712
2165;0.25968;0.023552;0.283648
2166;0.036096;0.008224;0.03568
2167;0.269664;0.023296;0.28432
2168;0.285216;0.026624;0.301472
2169;0.264384;0.024576;0.287776
2170;0.259776;0.024576;0.290112
2171;0.287072;0.026624;0.313024
2172;0.27024;0.0256;0.291104
2173;0.621408;0.050176;0.612608
2174;0.20704;0.021504;0.24848
2175;0.725824;0.06144;0.726272
2176;0.208864;0.021504;1.0455
2177;0.286368;0.026624;0.30944
2178;0.630144;0.049152;1.13792
2179;0.271296;0.024576;0.298048
2180;0.260288;0.022528;0.283072
2181;0.036064;0.008192;0.03568
2182;0.250944;0.02336;0.256864
2183;0.28592;0.026624;0.293824
2184;0.273888;0.024576;0.2872
2185;0.2608;0.024576;0.281664
2186;0.286048;0.026624;0.322272
2265;0.761984;0.06144;0.751424
2266;0.259776;0.023552;0.540768
2267;0.036128;0.008192;0.03568
2268;0.261088;0.023552;0.263584
2269;0.28624;0.026624;0.302304
2270;0.263936;0.024576;0.280032
2271;0.271008;0.024576;0.282944
2272;0.285344;0.02672;0.303648
2273;0.27088;0.0256;0.293504
2274;0.635232;0.050176;1.46122
2275;0.198016;0.02048;0.23616
2276;0.736896;0.06144;2.01354
2277;0.20768;0.021504;0.234496
2278;0.27696;0.026624;0.311552
2279;0.62176;0.049152;0.535584
2280;0.26272;0.024576;0.291872
2281;0.250144;0.022528;0.2648
2282;0.036096;0.008224;0.03568
2283;0.251264;0.023296;0.284576
2284;0.278208;0.02688;0.312576
2285;0.25552;0.024576;0.269312
2286;0.260096;0.024576;0.281024
2287;0.28128;0.026624;0.303776
2288;0.271264;0.0256;0.292672
2289;0.65856;0.050176;1.7264
2290;0.197728;0.021504;0.242944
2291;0.781696;0.06144;1.26096
2292;0.198528;0.021504;0.225344
2293;0.277504;0.026624;0.302528
2294;0.630432;0.050176;0.538464
2295;0.261696;0.024576;0.2824
2296;0.260064;0.02272;0.281664
2297;0.036096;0.008192;0.035648
2298;0.260128;0.023296;0.284384
2299;0.287264;0.026624;0.303328
2300;0.264512;0.024576;0.287584
2301;0.251584;0.023648;0.281344
2302;0.285376;0.026624;0.306112
2303;0.261696;0.0256;0.30064
2304;0.868544;0.050176;0.559872
2305;0.198496;0.02048;0.243168
2306;0.773248;0.06144;0.64176
2307;0.198944;0.021504;0.234624
2308;0.276192;0.026624;0.303296
2309;0.62048;0.049152;0.560224
2310;0.262848;0.024576;0.282656
2311;0.25088;0.023552;0.291264
2312;0.036096;0.008192;0.03568
2313;0.24272;0.023296;0.267296
2314;0.28624;0.026624;0.2928
2315;0.256512;0.024576;0.295552
2316;0.252288;0.023552;0.2832
2317;0.27616;0.027648;0.302016
2318;0.26064;0.0256;0.291904
2319;0.645216;0.050176;0.539584
2320;0.198464;0.02048;0.224928
2321;0.7344;0.06144;0.640928
2322;0.199424;0.021504;0.2352
2323;0.276864;0.026624;0.30352
2324;0.6208;0.050176;0.538688
2325;0.263072;0.024576;0.28352
2326;0.251552;0.023552;0.282752
2327;0.036352;0.008192;0.035712
2328;0.262528;0.023552;0.293248
2329;0.282144;0.026624;0.320224
2330;0.265472;0.024576;0.297952
2331;0.31552;0.023552;0.31696
2332;0.276128;0.026624;0.315136
2333;0.270944;0.0256;0.292992
2334;0.629952;0.050176;0.529344
2335;0.198784;0.02048;0.2432
2336;0.77024;0.06144;0.632704
2337;0.1984;0.021504;0.234624
2338;0.277216;0.026624;0.283872
2339;0.623968;0.050176;0.583712
2340;0.25936;0.024576;0.292896
2341;0.251392;0.023552;0.283328
2342;0.036096;0.008224;0.035712
2421;0.644096;0.050176;0.590304
2422;0.277056;0.026624;0.283808
2423;0.63296;0.050176;0.550272
2424;0.260736;0.024576;0.293728
2425;0.260864;0.022528;0.293056
2426;0.036288;0.008192;0.035776
2427;0.251232;0.023392;0.256416
2428;0.285408;0.026624;0.313856
2429;0.256928;0.024576;0.29984
2430;0.250848;0.024576;0.28288
2431;0.277728;0.026624;0.30272
2432;0.270208;0.0256;0.291616
2433;0.64448;0.050176;0.559072
2434;0.198784;0.02048;0.243488
2435;0.77264;0.06144;0.631296
2436;0.198528;0.021504;0.244672
2437;0.27776;0.026624;0.303488
2438;0.61888;0.050176;0.548608
2439;0.261024;0.024576;0.27344
2440;0.312288;0.023552;0.310912
2441;0.036192;0.008192;0.03568
2442;0.241696;0.023296;0.256416
2443;0.278176;0.026624;0.30304
2444;0.257856;0.024576;0.30144
2445;0.260512;0.023776;0.281344
2446;0.286592;0.026624;0.318144
2447;0.2704;0.0256;0.293952
2448;0.631904;0.050176;0.534528
2449;0.198176;0.02064;0.244224
2450;0.774304;0.060416;0.641952
2451;0.199968;0.021504;0.224928
2452;0.277024;0.026624;0.284
2453;0.625664;0.049312;0.5976
2454;0.26992;0.024576;0.295456
2455;0.260736;0.022528;0.274848
2456;0.036192;0.008224;0.035904
2457;0.252224;0.023296;0.271744
2458;0.276832;0.026656;0.284576
2459;0.26576;0.024576;0.277536
2460;0.251872;0.024576;0.283936
2461;0.286208;0.026624;0.302464
2462;0.271072;0.0256;0.302176
2463;0.654944;0.050176;0.599232
2464;0.198016;0.02048;0.223872
2465;0.772512;0.06144;0.646368
2466;0.200416;0.021504;0.245184
2467;0.287264;0.026624;0.303488
2468;0.619488;0.050176;0.54864
2469;0.271168;0.024576;0.295936
2470;0.26032;0.023552;0.290176
2471;0.036192;0.008224;0.035712
2472;0.241696;0.023552;0.25488
2473;0.271552;0.026624;0.284064
2474;0.25776;0.024576;0.28704
2475;0.251872;0.023552;0.28304
2476;0.286976;0.026624;0.310976
2477;0.261664;0.0256;0.29376
2478;0.649056;0.050176;0.560128
2479;0.199776;0.02048;0.243968
2480;0.753888;0.06144;0.655872
2481;0.198112;0.021504;0.243488
2482;0.285248;0.026624;0.308032
2483;0.596352;0.049152;0.548128
2484;0.260672;0.024576;0.274272
2485;0.260736;0.022816;0.282528
2486;0.036192;0.008192;0.03568
2487;0.26016;0.023424;0.283872
2488;0.27616;0.026624;0.30352
2489;0.265184;0.024576;0.295424
2490;0.251264;0.023552;0.2824
2491;0.277728;0.026624;0.284512
2492;0.261344;0.0256;0.293792
2493;0.636;0.050176;0.581088
2494;0.198016;0.02048;0.242464
2495;0.781216;0.06144;0.638464
2496;0.200128;0.021504;0.234464
2497;0.45728;0.026624;0.348256
2498;0.630176;0.049152;0.599488
2499;0.261696;0.024576;0.296
2578;-5.01817e+58;0.288576;1.58787e-156
2579;-5.02135e-20;0.635488;-3.84192e+294
2580;7.31598e-62;0.270912;-9.01689e-206
2581;1.49693e-115;0.260704;1.46252e+12
2582;8.36334e+159;0.036192;1.26572e-52
2583;6.39951e-232;0.260576;5.07396e+61
2584;-5.05549e-289;0.285344;-3.2794e+104
2585;-7.47781e-122;0.265184;-1.3871e-259
2586;7.83647e-246;0.278528;-5.6126e+22
2587;6.09186e-294;0.286912;150900
2588;6.2049e-91;0.270912;-4.82675e-45
2589;6.86477e-269;0.622976;1.64996e+194
2590;6.00436e+53;0.198016;6.28729e-159
2591;1.03464e+59;0.772224;3.73539e-125
2592;2.88012e+196;0.199936;2.26898e-197
2593;2.83839e+26;0.297216;4.88664e-207
2594;7.59314e-275;0.619776;4.76209e-212
2595;1.93533e+217;0.271008;6.2371e-178
2596;3.98273e+64;0.268544;4.65257e-265
2597;8.22003e+15;0.261312;6.1344e-188
2598;7.37268e+261;0.261184;-1.03029e+264
2599;340161;0.295648;1.51129e-158
2600;1.20306e+73;0.27232;1.80106e-255
2601;4.19863e-53;0.629536;2.85942e-260
2602;1.78846e-16;0.207648;9.53841e-116
2603;2.54916e-207;0.76464;1.46146e-309
2604;4.31481e-217;0.207552;4.65316e-101
2605;1.15794e+127;0.296288;6.29487e-116
2606;-2.55277e-152;0.630528;-5.04463e-84
2607;2.74823e-260;0.271648;-5.71239e-93
2608;7.23069e-275;0.31616;-1.7832e-141
2609;1.30781e+16;0.036128;1.64569e-47
2610;-1.45792e+47;0.251296;3.33274e+218
2611;1.89132e-66;0.26784;9.96998e+97
2612;3.4657e-202;0.265056;-2.20759e-244
2613;-1.64537e-40;0.261856;-1.49871e+153
2614;-1.61534e-54;0.285408;6.43698e+276
2615;2.45735e-42;0.262944;1.86607e+266
2616;2.59922e-236;0.62112;1.04765e+204
2617;9.43989e-241;0.206944;8.74039e-135
2618;-4.60522e-147;0.780096;8.06528e+218
2619;4.68946e-241;0.202912;-1.32925e-247
2620;-5.45934e-06;0.286368;3.02836e-179
2621;2.71242e-307;0.619936;1.43172e-160
2622;6.64057e-303;0.270368;6.18548e+32
2623;2.30994e-245;0.25968;-2.13789e+129
2624;1.73517e+199;0.036064;5.41816e+213
2625;4.95386e+117;0.241696;1.25631e-134
2626;4.70497e-294;0.300224;5.27289e+06
2627;-1.37722e-218;0.264896;1.14455e+84
2628;2.48644e-178;0.269376;-0.0143246
2629;1.7104e-279;0.286048;-7.07201e-41
2630;5.06809e-241;0.271072;2.61624e-77
2631;4.07522e+257;0.6208;9.44576e+179
2632;2.05327e+239;0.207264;-4.46949e+88
2633;4.50477e-294;0.727008;-9.28137e+231
2634;5.30011e+48;0.198496;-3.45472e-180
2635;6.58116e-217;0.285344;-2.13809e-127
2636;3.21599e-274;0.825728;4.03704e-261
2637;3.72403e-294;0.27024;-2.385e+17
2638;2.82764e-183;0.26928;3.96692e+10
2639;9.81353e+203;0.036096;9.95691e+160
2640;8.59589e-246;0.251232;-0.0267956
2641;9.07803e+237;0.286944;9.27519e+195
2642;5.08135e-178;0.255136;3.39302e+26
2643;-2.04557e+235;0.270976;-1.36456e+140
2644;-8.43855e-196;0.287104;-6.60561e+18
2645;-2.86257e-289;0.271616;2.96591e-74
2646;-4.63456e-16;0.611776;-6.90414e-81
2647;-6.9007e+274;0.198912;9.76862e-207
2648;-2.87483e+230;0.743776;6.92967e-222
2649;-206.339;0.198304;1.36009e-197
2650;-2.33188e+120;0.285536;9.3888e-154
2651;8.15364e+257;0.647936;1.11455e-244
2652;2.03053e-220;0.289696;9.3646e-19
2653;-1.0874e-85;0.268992;0.000369682
2654;1.12955e-129;0.036096;-2.34922e+115
2655;0.00349876;0.251232;7.13605e-158
2734;2.42086e-192;0.763136;3.17595e-258
2735;2.69329e+195;0.199168;4.38074e-19
2736;9.22675e+129;0.292192;2.63683e-250
2737;-1.92961e-277;0.620128;7.15417e+115
2738;1.5644e+97;0.271424;-5.0783e-98
2739;-4.1534e-270;0.252256;-1.18903e+232
2740;-1.41646e-301;0.036128;2.08726e-53
2741;1.62119e-27;0.241696;9.05606e-268
2742;4.92116e+135;0.286208;3.86096e+44
2743;-1.95658e+124;0.26496;1.63532e+190
2744;-1.38846e-234;0.280288;-1.04627e-207
2745;-1.97866e-84;0.286048;3.19138e-27
2746;4.89871e-188;0.271936;1.68938e-105
2747;-6.13341e-286;0.610592;2.66211e-276
2748;1.6624e-134;0.199296;1.0191e-47
2749;-1.42787e+284;0.7528;-1.69818e-171
2750;9.03467e-144;0.203904;-2.41442e+110
2751;8.77765e+174;0.294528;1.66366e-274
2752;1.99777e+30;0.036064;4.01465e-183
2753;6.42975e-37;0.251264;1.24979e-221
2754;1.85099e-284;0.285376;3.87605e-231
2755;-4.42739e-237;0.255776;1.48979e-192
2756;2.36038e-183;0.268992;5.85093e-207
2757;9.57716e+39;0.295264;6.86544e-275
2758;-4.46614e-168;0.270944;9.00738e-228
2759;4.56696e+73;0.602016;7.82335e-202
2760;1.10878e-99;0.207392;5.07429e-212
2761;5.64181e-209;0.756992;6.06764e-207
2762;-1.47419e-286;0.19888;1.1186e-57
2763;7.01429e-156;0.285312;3.34743e-308
2764;7.52891e-14;0.638272;6.29249e+165
2765;-3.53455e-268;0.270176;2.8876e-158
2766;-2.86438e-286;0.250528;4.48488e-135
2767;4.51467e-294;0.036096;1.45459e+27
2768;2.56685e-289;0.24352;-6.71221e+12
2769;1.70225e+190;0.285216;3.87618e+243
2770;6.76033e-211;0.26528;-1.08139e-21
2771;-1.90761e-301;0.252416;-2.24413e-79
2772;8.97391e-135;0.290944;6.6196e-246
2773;8.9673e+78;0.271104;8.27329e-241
2774;1.75037e+64;0.616928;6.8163e+44
2775;4.51986e-144;0.199072;2.75192e+34
2776;1.13518e-61;0.744448;3.77708e-105
2777;4.7645e-47;0.198144;-7.9759e+171
2778;1.57666e+151;0.285376;-1.77462e+105
2779;4.40524e+112;0.630432;2.24579e+307
2780;-1.5846e-238;0.280608;-2.71363e+291
2781;4.34057e-308;0.260448;1.37289e-07
2782;3.92029e+68;0.036192;2.70623e+54
2783;1.32286e+146;0.243168;1.84888e+151
2784;2.2472e+21;0.276352;1.16129e+238
2785;-2.01181e-176;0.255104;-5.82704e+75
2786;2.33286e-226;0.260032;3.42372e+200
2787;4.86373e-173;0.295264;-2.67438e-303
2788;28.1096;0.28096;5.84535e+44
2789;7.90076e-48;0.612288;-8.30139e+83
2790;4.28388e-159;0.198048;4.63557e-178
2791;3.07011e+126;0.752864;-1.23735e+63
2792;7.25781e+262;0.198496;3.15981e+165
2793;1.80293e-255;0.29456;-1.90545e+244
2794;1.75157e+63;0.601504;5.02317e-217
2795;9.60928e-251;0.27232;1.02421e+147
2796;1.82687e-293;0.26064;1.93276e-168
2797;1.51507e-284;0.036128;1.21706e-120
2798;8.81109e-198;0.251264;-2.16467e-161
2799;4.89199e+237;0.286272;-3.822e+225
2800;5.63268e-241;0.266336;6.4919e+96
2801;-6.55595e-212;0.25264;5.2436e+116
2802;1.48448e-129;0.285376;-2.51938e-249
2803;-6.54573e-21;0.403168;1.59971e-288
2804;2.1795e-113;0.612416;2.4488e+256
2805;1.47221e+183;0.207008;124.541
2806;-2.77305e-55;0.758336;2.97862e-124
2807;-780.323;0.20768;3.06501e-149
2808;-1.16418e-196;0.295328;2.67183e-255
2809;-8.15825e+256;0.611712;2.40582e-178
2810;1.11919e-274;0.270944;2.9597e-289
2811;5.10539e+92;0.25968;1.63421e-86
2890;-3.29952e-50;0.271232;2.27756e-284
2891;2.87387e-100;0.259904;1.02417e-225
2892;3.9567e-14;0.29456;3.16775e-62
2893;-8.5795e+217;0.270912;1.7779e-201
2894;2.23476e+50;0.622112;6.54061e+120
2895;-4.15033e-165;0.207104;6.33481e+122
2896;1.25953e+300;0.737408;6.96288e+174
2897;-1.54425e-146;0.207296;-1.65308e-267
2898;1.66142e+147;0.286016;5.17904e+237
2899;6.03795e+238;0.621472;3.37827e+195
2900;7.2238e+165;0.271904;5.87686e+195
2901;3.51276e+204;0.250464;-5.30948e+307
2902;5.50774e+301;0.036096;-1.70317e+36
2903;2.50677e+174;0.242784;8.88283e+70
2904;2.16482e+266;0.286976;-3.82865e-177
2905;5.31384e+300;0.26464;5.70175e-86
2906;3.43891e-284;0.259776;-7.77635e+76
2907;-9.42574e-307;0.304544;-9.87331e-75
2908;2.82767e+122;0.754752;2.21751e-177
2909;-1.82774e+72;0.207648;6.4592e+73
2910;1.80828e-129;0.296512;1.29907e+46
2911;1.12331e+184;0.601184;4.66804e-265
2912;2.25126e+151;0.271008;6.2774e-299
2913;2.24984e-207;0.260416;7.92424e-188
2914;4.68695e-173;0.036352;3.19532e-115
2915;2.14131e+18;0.242048;4.10229e-28
2916;-7.10664e-288;0.29456;1.65792e-168
2917;9.66274e-144;0.265088;1.58889e-110
2918;-4.23146e-104;0.261216;7.34776e+32
2919;1.41993e+146;0.27776;3.53116e-211
2920;-2.0952e+157;0.271584;1.66637e-221
2921;3.54806e-158;0.630304;1.52365e-134
2922;3.08466e-264;0.208384;1.33873e-23
2923;2.88295e+29;0.754656;2.51142e-308
2924;6.22494e-135;0.200224;-3.76678e+129
2925;6.95946e-222;0.286272;2.64907e-53
2926;-3.213e-59;0.611392;3.80238e-187
2927;1.11426e-143;0.270208;3.64155e+143
2928;7.03907e+34;0.270208;8.44973e-106
2929;-7.03385e-303;0.036192;2.40115e-90
2930;5.01792e+64;0.252128;5.28831e-294
2931;2.30261e-28;0.285344;1.54555e-279
2932;7.52208e-241;0.2752;3.33746e-289
2933;9.86841e+213;0.260448;6.29372e-299
2934;-6.93022e-190;0.286208;2.36448e-23
2935;6.27981e-53;0.270208;2.81913e-154
2936;1.63346e-86;0.630272;2.51159e-71
2937;1.70076e+166;0.263712;1.63118e-201
2938;3.28088e+141;0.764032;-1.61845e+33
2939;2.49547e+84;0.20832;8.42003e-125
2940;2.7643e-274;0.28624;-1.77042e-194
2941;2.52061e-308;0.609632;1.44288e-153
2942;1.01071e-187;0.269888;1.04705e+131
2943;3.32395e-207;0.260832;1.60023e-198
2944;2.82598e-183;0.036192;1.82754e+248
2945;-1.43832e+85;0.242048;-1.07883e+144
2946;-1.54661e-267;0.28608;-6.62237e+62
2947;-3.26078e-252;0.27456;1.31958e-129
2948;9.24976e+73;0.26928;3.89249e-171
2949;3.06403e-149;0.28624;-1.61875e+261
2950;5.75264e+20;0.270976;-1.02647e+66
2951;2.01121e-91;0.63136;-1.71796e-92
2952;2.34764e-207;0.208;8.15216e+54
2953;3.79055e-270;0.735872;-1.0208e-79
2954;3.17377e+29;0.200128;3.52389e+25
2955;3.26125e-265;0.286272;1.65856e-134
2956;1.24176e-235;0.628064;5.07422e-42
2957;6.16301e-270;0.270912;1.51057e+209
2958;1.11109e-226;0.260448;1.94435e-144
2959;3.3023e+194;0.03616;1.86164e-61
2960;3.20192e-236;0.24176;9.65697e+159
2961;4.62491e+164;0.285472;-2.19761e+222
2962;1.31241e-37;0.283936;-3.72696e-85
2963;-1.04182e-131;0.260224;-2.64646e+217
2964;1.78726e+229;0.28592;2.75662e-187
2965;-0.000240853;0.270944;1.23299e-147
2966;2.16504e-66;0.616928;1.79643e-273
2967;2.50181e+142;0.21824;1.29408e-110
3046;-4.00912e+41;0.036192;5.66678e-182
3047;6.19678e+128;0.241856;3.26794e-139
3048;8.03981e-56;0.304224;1.5226e-274
3049;4.25195e+273;0.264288;2.40647e-255
3050;1.60375e-158;0.260064;3.33269e-134
3051;1.024e-254;0.285216;2.47896e-183
3052;1.05881e-225;0.271296;1.47327e-269
3053;-1.16462e-120;0.60272;2.10382e+152
3054;-2.17392e-209;0.198656;1.23292e-26
3055;2.788e+59;0.76304;-1.06606e+15
3056;5.42677e-183;0.204032;9.71684e+88
3057;3.99907e-125;0.293152;3.83041e-153
3058;2.13489e-260;0.61056;1.52587e+25
3059;1.83727e-250;0.27024;-1.06531e+06
3060;4.11547e-294;0.26144;4.94311e+150
3061;9.17582e-246;0.03616;-1.2729e-254
3062;4.88209e-241;0.241728;1.65083e+258
3063;2.00192e-255;0.285376;6.70487e+183
3064;6.32365e-163;0.270112;1.70205e-112
3065;-2.46537e+85;0.607168;2.20808e-303
3066;3.08027e-284;0.216512;-4.7644e-175
3067;1.05159e+88;0.763872;7.39557e+15
3068;4.81817e+15;0.198368;3.06835e-42
3069;1.27592e-129;0.285344;1.77054e-250
3070;3.5181e-09;0.612544;1.0434e-221
3071;7.04583e+241;0.25264;3.08708e-289
3072;5.28617e-158;0.251424;8.67624e-275
3073;2.30487e+162;0.036128;4.78065e-299
3074;2.25224e+11;0.241696;6.871e-270
3075;2.98043e-67;0.369568;8.28338e-188
3076;-7.40743e-125;0.264256;1.92265e-57
3077;5.20667e-96;0.261888;1.9256e+40
3078;9.07998e-17;0.28608;5.51593e+244
3079;2.2643e+252;0.272576;2.08028e-206
3080;1.59535e+116;0.611808;4.0148e-255
3081;5.70703e-37;0.208736;1.65422e-279
3082;-7.18217e+87;0.726496;5.03664e-188
3083;-6.23146e+93;0.204608;3.90641e-308
3084;3.28139e-159;0.27616;1.20518e-245
3085;-7.36463e-254;0.622528;-4.45469e-99
3086;-2.23745e-166;0.270208;7.27396e-13
3087;1.02396e+200;0.259648;6.24082e-222
3088;3.90285e+233;0.036224;2.17444e-274
3089;-1.47642e-36;0.24208;1.32457e-279
3090;8.00146e-38;0.28624;3.79673e-149
3091;1.9444e-211;0.264256;7.59315e-275
3092;9.76376e-72;0.260832;6.27971e-299
3093;9.79948e-275;0.286176;3.52911e-294
3094;2.20814e-192;0.270272;4.12656e-202
3095;3.70334e+107;0.601248;2.81337e-255
3096;6.66135e+151;0.198752;4.48101e-260
3097;-7.19047e-88;0.765024;1.01143e-16
3098;3.42549e-265;0.20848;3.54253e-18
3099;2.64158e+49;0.303808;7.62004e+84
3100;9.5801e-299;0.620768;1.04049e+121
3101;2.92748e-308;0.270304;-1.90337e-137
3102;8.3569e-212;0.259712;-5.86749e+142
3103;1.12964e+147;0.036096;-5.43359e-250
3104;4.32008e-91;0.250912;4.32572e-225
3105;1.66334e-163;0.285824;9.2954e-49
3106;1.59945e-255;0.264032;8.37218e+142
3107;-5.04449e+99;0.260192;-3.45528e-282
3108;-1.65634e-291;0.28656;-1.95513e-230
3109;-2.32597e+251;0.2528;-2.06794e+196
3110;8.47471e+243;0.629216;1.9452e-221
3111;1.19206e-182;0.207232;8.46602e+102
3112;1.83138e-269;0.752864;1.69259e-52
3113;1.9659e-154;0.198464;2.89221e+231
3114;4.30805e-48;0.290464;9.66263e-48
3115;3.26063e-265;0.602272;1.14206e-172
3116;2.95916e-202;0.271936;-3.07138e-123
3117;1.09288e-250;0.268928;1.65824e+285
3118;5.44003e-183;0.036064;4.53876e-277
3119;1.08867e-182;0.241792;1.3185e-274
3120;5.06256e-212;0.28624;2.18372e-231
3121;9.57728e-58;0.273536;4.19621e-236
3122;1.09639e-213;0.261184;2.22359e+32
3123;-2.56508e-157;0.294624;-1.66574e+196
3124;1.33116e-263;0.272992;5.56727e-101
3203;2.19419e+233;0.270048;-5.75567e+136
3204;4.60864e+178;0.261408;2.3042e+108
3205;1.58736e+31;0.036192;2.59918e-100
3206;6.71441e-185;0.261696;2.27156e-211
3207;-1.11957e-15;0.285696;23.2039
3208;-3.24698e+75;0.26512;3.58497e-168
3209;-4.45432e-60;0.260064;1.47951e-226
3210;6.57176e+132;0.286944;4.52421e-130
3211;9.43373e-09;0.271008;1.93699e-178
3212;3.17589e-226;0.618752;2.56172e-66
3213;-6.07499e-294;0.203392;7.08508e+249
3214;5.97056e-125;0.773216;-8.39658e+163
3215;7.73664e-246;0.199232;3.17598e-206
3216;1.59424e-168;0.286976;2.36938e-47
3217;7.60068e-135;0.620768;-3.09698e-186
3218;1.66762e-255;0.27008;344915
3219;1.9367e-284;0.249184;-2.30581e-123
3220;6.27391e-299;0.03616;1.32537e-167
3221;4.43719e-236;0.25072;-1.58314e-105
3222;2.02241e-284;0.27616;-1.49373e+230
3223;7.22645e-275;0.270432;2.58567e+31
3224;2.35964e-284;0.630912;1.45424e-144
3225;-1.66521e-293;0.207232;5.62824e-38
3226;4.93127e-260;0.736928;4.29864e+108
3227;7.14289e+74;0.198592;-3.10539e-287
3228;-6.86231e-144;0.282976;9.845e-241
3229;4.29661e-48;0.619136;6.17163e+276
3230;4.93616e-72;0.271936;6.29502e-212
3231;1.91852e+295;0.260352;1.94403e-231
3232;4.64541e+280;0.036096;1.68583e-284
3233;1.77401e+155;0.242976;7.10669e-270
3234;3.79075e-62;0.28592;1.00393e-221
3235;7.59779e+132;0.263968;7.72418e-130
3236;-2.58609e+127;0.252128;1.37268e-192
3237;1.0291e+196;0.37888;5.09867e-294
3238;-3.26835e+203;0.272;5.21429e+88
3239;-5.15296e-211;0.61056;3.20187e+98
3240;2.60783e+34;0.202784;2.63921e-52
3241;2.37337e-104;0.77264;3.73742e-265
3242;4.72773e+51;0.198816;5.0632e-120
3243;-2.90967e-175;0.285344;3.204e-308
3244;2.91393e-120;0.622304;8.02271e-246
3245;6.26822e-19;0.271264;1.35545e-250
3246;3.28126e+228;0.269728;3.02123e-207
3247;4.47729e-100;0.036256;1.93284e-260
3248;9.23263e+126;0.251264;4.70341e-241
3249;-2.21034e-277;0.293088;2.20216e-245
3250;1.58985e-27;0.264672;2.32838e-173
3251;15.5959;0.2608;4.87448e+12
3252;1.37671e-187;0.295616;1.74929e-250
3253;2.84626e-173;0.271136;1.85141e-202
3254;1.86926e-221;0.611904;1.83799e+281
3255;2.79785e-265;0.199552;1.89531e+272
3256;4.82935e+38;0.76256;4.0125e-221
3257;9.01989e-183;0.198432;-1.19131e+250
3258;1.68254e-284;0.29456;-2.60522e+13
3259;3.04463e-284;0.629792;-3.16072e-290
3260;2.35931e-284;0.270464;6.97816e+164
3261;4.18859e-309;0.259808;3.07331e-139
3262;4.2134e+122;0.036096;-1.39017e-179
3263;3.50182e+223;0.241728;5.70017e-38
3264;1.1417e-71;0.369568;7.8362e-43
3265;4.31587e-294;0.264992;2.39613e-265
3266;2.85153e+103;0.261824;2.58459e-148
3267;4.41453e-62;0.286048;1.25287e+186
3268;2.44013e-289;0.270976;1.54259e+49
3269;0.000399418;0.610816;-4.10789e-293
3270;1.0396e-10;0.198496;2.79366e-101
3271;-5.37213e-166;0.76208;1.2929e-254
3272;1.15189e+12;0.203904;4.56305e-284
3273;1.16697e+268;0.29472;4.51102e-101
3274;2.31002e+268;0.602592;2.33836e-148
3275;1.00072e-216;0.272;-4.3478e+66
3276;2.0987e-197;0.260256;-8.2119e-254
3277;4.11242e-294;0.036096;1.20315e+169
3278;6.88912e-246;0.242848;7.10032e-76
3279;8.05183e-246;0.295424;2.44017e-120
3280;4.89408e-202;0.256992;1.39688e+79
3359;2.35325e-260;0.207296;5.39581e-38
3360;7.05878e-120;0.285344;0.000299702
3361;2.52213e-120;0.610912;3.18968e-305
3362;2.44338e-284;0.271392;4.29578e+75
3363;8.01811e-91;0.260384;8.67161e-246
3364;1.81604e-226;0.036128;1.08566e-144
3365;-1.50256e-89;0.242656;7.95291e-193
3366;2.41366e+61;0.28624;8.76702e-251
3367;2.70841e-197;0.264288;1.26106e-245
3368;8.5798e+49;0.261792;2.15187e-221
3369;2.21586e-149;0.28704;1.42869e-71
3370;6.05083e+301;0.281216;6.53985e-72
3371;1.70316e-192;0.834336;2.42769e-192
3372;1.7247e-173;0.20496;-1.55464e-211
3373;1.82791e-62;0.735712;1.01554e+60
3374;3.09168e-91;0.2128;6.03536e-104
3375;7.60864e-270;0.295296;-2.64239e+10
3376;1.90175e-139;0.611136;3.30894e-149
3377;1.48655e-192;0.271616;1.1739e+238
3378;1.7337e-255;0.276896;9.16615e-75
3379;2.69764e-289;0.273504;1.59959e-181
3380;1.26794e-279;0.26096;2.2284e-81
3381;3.15589e-260;0.276192;4.98988e-53
3382;5.38148e-299;0.270784;-8.91607e+258
3383;1.26859e-279;0.597728;1.88096e+143
3384;1.23038e-274;0.197696;-7.76108e-199
3385;1.60323e-14;0.736288;1.80068e-134
3386;8.93822e-246;0.208352;2.39302e-22
3387;6.87963e-246;0.296512;-1.45649e+30
3388;5.09256e-294;0.629472;8.1031e-82
3389;3.07142e-144;0.262656;1.27898e-303
3390;1.94173e-250;0.260352;3.39179e+44
3391;-3.12395e-273;0.036192;4.42719e-203
3392;9.23096e-39;0.24176;3.07786e-226
3393;-5.35684e+69;0.294528;6.16315e-275
3394;2.08311e+275;0.264992;4.48735e-260
3395;1.67041e-168;0.250816;1.66709e-255
3396;8.09801e-187;0.369536;3.44236e-236
3397;3.69743e-37;0.251936;7.93555e-188
3398;1.68347e+37;0.592672;3.13403e+180
3399;-1.15944e-162;0.19152;3.08519e-153
3400;1.67933e+44;0.762688;6.28752e-207
3401;3.173e-234;0.190944;4.15524e+112
3402;1.43092e+298;0.285216;3.21453e+170
3403;4.46782e+30;0.619264;4.33946e-308
3404;5.2684e-178;0.270208;6.27971e-299
3405;1.84484e-57;0.260832;2.43807e-289
3406;-1.12388e-291;0.036352;6.86115e-275
3407;2.11734e-17;0.251328;2.27097e-284
3408;2.32476e+151;0.287072;3.70461e-284
3409;4.55943e-42;0.274688;5.49773e-193
3410;2.5087e+54;0.268928;9.85309e-106
3411;1.07139e-134;0.295456;6.69681e+75
3412;2.7488e-182;0.270784;2.83824e-28
3413;5.26845e-241;0.626368;-4.61581e-195
3414;3.71332e-207;0.190432;-8.50228e-50
3415;6.40757e-241;0.75472;5.30228e+223
3416;2.78693e-183;0.208384;-4.29251e+217
3417;4.14204e-294;0.286208;9.37292e+34
3418;1.86819e-255;0.619968;1.54178e-192
3419;1.59979e-284;0.261216;1.52566e-234
3420;8.3138e-275;0.334624;-1.42381e+167
3421;1.53791e-308;0.03616;1.10421e-133
3422;1.36169e-129;0.242464;2.7561e-204
3423;2.24062e-57;0.285344;3.05076e+122
3424;1.65138e-192;0.274624;1.69319e+151
3425;2.11375e-139;0.2608;2.25665e-179
3426;2.50124e+141;0.286144;9.18381e+126
3427;1.2039e-52;0.280128;5.22341e-52
3428;4.71192e-294;0.623264;4.69644e-23
3429;2.08734e-61;0.201312;1.0091e+141
3430;1.08528e-76;0.73648;6.49226e+218
3431;3.09985e-178;0.210176;1.72672e+232
3432;-1.83244e+158;0.287264;2.56761e-62
3433;-5.83133e+153;0.628864;4.04901e+98
3434;-8.52661e-228;0.27024;4.586e-292
3435;2.82779e+166;0.260736;-3.30067e+270
3436;2.32108e-139;0.036256;1.37569e+184
3515;5.97638e-299;0.630624;6.44755e+241
3516;-2.24834e-223;0.208544;7.64441e-109
3517;9.30294e-135;0.753184;4.25826e+29
3518;8.09256e-183;0.199488;-1.54768e-12
3519;1.66568e-168;0.28624;5.96359e-94
3520;8.68197e-188;0.628128;9.82457e-260
3521;2.93041e-135;0.424544;-1.44884e-219
3522;7.69683e-91;0.259744;1.42485e-52
3523;-4.60483e+202;0.036224;2.99151e-158
3524;9.87672e-162;0.251264;5.65241e-120
3525;8.83179e-274;0.286656;2.10619e-274
3526;-2.31076e-142;0.265184;2.04635e-207
3527;-3.94008e+231;0.259712;2.4364e-154
3528;-2.66758e-113;0.286944;1.42097e-139
3529;3.08756e-130;0.270208;5.95843e-212
3530;5.93328e+258;0.621696;4.43344e-236
3531;1.15534e-100;0.202656;3.36212e-197
3532;2.79902e-24;0.754496;2.2354e-151
3533;8.43433e+212;0.204064;-1.72369e-233
3534;1.40047e-163;0.251744;-2.60305e+244
3535;4.506e-265;0.03616;9.59592e+49
3536;7.61233e-270;0.24208;2.56486e+289
3537;2.96105e-236;0.285344;1.65594e+258
3538;5.68793e-270;0.254752;1.03375e-161
3539;3.33108e-294;0.261024;2.34066e-90
3540;9.17271e-251;0.295456;-1.00404e-282
3541;8.37492e-299;0.280128;8.73098e+77
3542;1.93271e-255;0.630112;4.68055e-231
3543;1.0739e-221;0.199776;3.33757e+204
3544;3.08543e-289;0.754816;1.11178e+136
3545;2.33093e+111;0.212288;4.92132e+179
3546;9.71676e-245;0.292352;4.42166e-98
3547;4.9351e-163;0.62448;3.73927e+127
3548;1.51484e+69;0.40048;-7.33226e-278
3549;1.91922e-206;0.261824;2.20981e-71
3550;1.70661e-71;0.036192;-1.8624e-148
3551;-1.49679e-205;0.251872;3.08504e+109
3552;-3.80265e-308;0.285472;-1.74363e-65
3553;-3.53046e+147;0.265312;-4.97077e-143
3554;1.79924e-255;0.260768;8.708e-265
3555;-2.0686e-190;0.285248;6.89813e-236
3556;1.95027e-205;0.262016;6.00473e-241
3557;-6.39903e+190;0.639744;2.58782e-231
3558;8.8241e-124;0.200096;4.18342e+214
3559;1.89733e+199;0.746112;5.69618e-274
3560;1.14367e-38;0.214304;3.47176e-289
3561;3.19691e-176;0.285248;1.675e-110
3562;1.65669e-93;0.629472;5.71364e-226
3563;7.65344e+140;0.270176;2.52281e-308
3564;8.69471e-275;0.251808;1.08439e-274
3565;9.26137e-34;0.036192;9.92053e-280
3566;3.7902e-09;0.26048;2.49973e-231
3567;-3.32805e-276;0.286592;3.46521e-289
3568;3.3841e+69;0.264;1.40891e-86
3569;1.24765e+103;0.252288;3.05109e-130
3570;5.99906e-226;0.295488;3.98859e-96
3571;1.04102e-42;0.261792;2.69142e+194
3572;2.35203e-293;0.62304;-1.00793e+35
3573;2.94017e-173;0.20832;5.13429e+72
3574;1.87029e-255;0.763296;-1.44356e-46
3575;3.7252e-265;0.25936;1.14292e+64
3576;3.37245e-48;0.286944;1.05122e-182
3577;1.0139e-250;0.618912;5.16595e-159
3578;7.29293e-304;0.252448;-9.47131e+277
3579;4.77833e-299;0.26896;-1.08334e+117
3580;3.56892e-265;0.036192;2.22182e-131
3581;2.37286e-308;0.261152;1.42465e+81
3582;8.95134e+20;0.28128;-1.10483e+102
3583;-4.71055e-215;0.265312;4.64675e-14
3584;7.80132e-77;0.260096;-12.7155
3585;3.22531e-144;0.295456;5.72472e+231
3586;2.09018e-18;0.258592;2.87135e-284
3587;5.74001e-14;0.607328;2.98917e-124
3588;0.000864549;0.207968;-6.56542e-239
3589;-9.10051e-215;0.753568;4.27089e-46
3590;-2.12352e+270;0.208736;8.09046e-183
3591;3.87986e-173;0.28624;2.5288e-73
3592;1.29759e+297;0.620608;7.77838e+273
3671;-6.95179e+288;0.261856;-1.41026e-146
3672;0.000292729;0.295264;-4.1838e+43
3673;2.45931e-250;0.28016;8.08037e-291
3674;7.03758e+54;0.629376;1.97574e+46
3675;1.05886e-81;0.197728;1.56726e+124
3676;-2.58617e+211;0.753856;1.26309e-11
3677;-3.29486e+08;0.205344;5.05898e-52
3678;4.56743e-08;0.294592;-3.50904e+151
3679;-8.55962e-20;0.6344;1.12081e-277
3680;8.14064e-43;0.270912;2.78501e-115
3681;2.66694e-158;0.2688;2.00282e-134
3682;1.5484e-177;0.036096;2.27081e-114
3683;-1.0062e-203;0.251712;3.38838e-09
3684;2.13408e-35;0.276736;3.93469e-101
3685;-1.64501e+83;0.246304;1.76144e-110
3686;-1.25291e-307;0.250656;7.93262e-188
3687;-9.99093e-125;0.276896;2.20291e-149
3688;3.50105e+189;0.262048;1.1947e-211
3689;-6.60331e-65;0.589376;3.19038e-197
3690;-9.12528e+105;0.197728;1.33988e-202
3691;1.81247e+155;0.62944;1.33434e-235
3692;5.02092e-101;0.261984;-8.99857e-87
3693;-8.3381e-149;0.260544;2.66921e-293
3694;3.12162e-120;0.036192;9.68826e-306
3695;6.85531e-212;0.243712;-1.14853e+60
3696;5.82972e-241;0.2864;1.62134e+267
3697;3.96779e-188;0.256096;-2.186e+145
3698;1.31129e-250;0.261408;-4.6734e-153
3699;2.95166e-289;0.294432;2.11588e-133
3700;2.03327e-260;0.270944;1.40415e+98
3701;7.17332e-299;0.62256;7.78317e+242
3702;5.44482e-270;0.199776;4.33513e-308
3703;6.58798e-246;0.763968;1.8103e-38
3704;7.59457e-275;0.209568;3.43601e+47
3705;2.86096e+154;0.286848;-5.85516e-89
3706;5.77866e-201;0.62048;-2.74265e+20
3707;1.50629e-177;0.251552;5.16146e-88
3708;1.82397e+54;0.260704;2.20396e-166
3709;2.52414e-160;0.036192;-1.83911e+125
3710;4.94768e-274;0.269568;2.07824e+132
3711;-304.751;0.286048;-3.22411e-185
3712;-4.92598e-250;0.26528;-1.3489e-93
3713;-0.000440753;0.26016;2.12949e-302
3714;5.18558e+20;0.28592;8.77425e+22
3715;2.52603e+287;0.26144;4.06453e+195
3716;9.80144e-163;0.608096;8.53281e-270
3717;2.53989e+151;0.198016;2.18154e-289
3718;3.27567e+41;0.754144;6.46337e+233
3719;2.16373e+40;0.218112;1.61907e+07
3720;1.00709e+44;0.29616;2.09146e-110
3721;9.80622e-268;0.629728;4.73594e-270
3722;4.64384e+113;0.261024;1.06529e-173
3723;-3.45411e-240;0.260608;1.75707e-305
3724;4.29019e-120;0.03616;7.78817e-299
3725;-1.8615e-288;0.24176;6.27386e-299
3726;2.70064e+54;0.295264;9.88466e-193
3727;8.83267e+281;0.264384;6.51847e-275
3728;9.48373e+44;0.265536;1.33513e-255
3729;1.20282e-18;0.285888;1.26945e-279
3730;9.60259e-125;0.279456;2.06733e+142
3731;1.57286e-173;0.594656;1.07692e+64
3732;6.48674e-173;0.19904;-5.84841e-108
3733;9.02068e-241;0.767232;7.57837e+72
3734;5.37945e-212;0.209152;4.65319e-101
3735;8.67627e-275;0.295488;2.22127e-86
3736;1.40284e-177;0.620032;7.17086e-159
3737;6.09479e-193;0.261088;-6.26913e-79
3738;6.86115e-275;0.269024;6.37885e-146
3739;3.13153e-294;0.036288;7.75847e+137
3740;4.97531e-270;0.269632;-1.0284e-302
3741;1.53411e-308;0.286048;1.27526e+128
3742;6.14722e-149;0.256096;4.07103e+258
3743;1.44265e-138;0.259936;6.25939e-86
3744;5.28875e-178;0.28752;-5.59746e-91
3745;9.78734e+58;0.269888;-7.21441e-288
3746;5.06702e-120;0.621984;1.59934e-128
3747;3.88819e-221;0.207264;9.53947e-227
3748;8.95807e-212;0.772384;1.83711e+146
3749;4.31408e-91;0.200448;8.48189e+270
3828;1.59191e-134;0.296448;3.94939e-28
3829;7.27953;0.264864;-3.40884e-175
3830;2.19606e-250;0.260512;4.73347e-235
3831;6.88864e-270;0.294592;-7.95978e-249
3832;7.84158e-53;0.270016;2.75583e-163
3833;1.04298e-235;0.620352;1.72093e-62
3834;-1.65087e-277;0.203232;5.45974e+50
3835;7.84059e+155;0.707968;-2.39507e-248
3836;-2.27378e-214;0.208128;8.34808e-81
3837;-6.76465e+284;0.287072;1.71136e-230
3838;1.55814e-288;0.620224;-5.68769e+71
3839;5.08956e+169;0.272032;-5.16324e-230
3840;7.39781e+54;0.278464;5.63212e+44
3841;-2.01851e-131;0.036096;27.3216
3842;1.73448e-46;0.250848;8.56635e+160
3843;1.76926e-105;0.297152;-1.25602e-219
3844;6.42022e+270;0.274208;2.30487e+69
3845;7.65571e-62;0.252416;1.72717e+132
3846;-7.12031e-215;0.285344;3.01704e+180
3847;6.44484e-94;0.72736;2.11379e-09
3848;-2.503e-161;0.205088;4.55778e-284
3849;3.98788e+78;0.28624;1.52325e-108
3850;6.84171e+213;0.627616;6.3945e-62
3851;2.30118e+160;0.280256;0.000198844
3852;5.20295e-101;0.260288;3.54422e-156
3853;-0.000382902;0.036192;2.3539e-295
3854;4.59349e-125;0.260224;4.87473e+190
3855;2.12181e-226;0.287072;-3.12392e+186
3856;7.74002e-246;0.265888;5.97261e+194
3857;6.67158e-270;0.250816;4.05013e-52
3858;1.60637e-144;0.285888;1.63354e+131
3859;2.45134e-284;0.26144;2.64918e-71
3860;1.13299e-255;0.640512;4.85912e-197
3861;5.9236e-270;0.19856;3.39687e-80
3862;1.93571e-284;0.752704;1.65539e-115
3863;1.24869e-221;0.212992;1.742e+89
3864;9.68937e-222;0.286912;4.40218e-229
3865;3.30415e+159;0.620224;1.90486e-236
3866;1.83818e-268;0.271808;-2.20829e-228
3867;7.16793e-236;0.270528;-4.67975e+45
3868;3.94486e-236;0.036192;2.77327e+59
3869;8.43523e+284;0.241632;1.5861
3870;6.44154e-24;0.286016;8.18879e+96
3871;-1.28707e+196;0.265152;-1.13427e-194
3872;1.55455e+254;0.25984;5.92803e+280
3873;-5.5001e-38;0.278048;1.00313e-302
3874;1.4235e-66;0.279232;3.01812e+22
3875;-1.21439e+11;0.629792;1.54498e-27
3876;-5.37936e+298;0.199392;6.41352e-236
3877;1.48093e+262;0.735488;2.34929e-197
3878;6.88058e+301;0.208288;6.03193e+257
3879;5.28357e+155;0.295456;1.07039e+98
3880;1.75143e+63;0.629344;-4.12999e+76
3881;1.70901e-218;0.280064;2.85961e-182
3882;-1.88114e-301;0.241952;-2.48094e-105
3883;3.59459e+232;0.036192;1.95735e-308
3884;4.13157e-241;0.248928;3.29455e-201
3885;-1.59425e-191;0.277184;3.52833e-294
3886;7.1162e-62;0.273216;1.22474e-277
3887;1.07331e-27;0.250688;2.94082e-255
3888;3.93223e+25;0.29136;7.57154e-183
3889;2.948e-62;0.270048;2.70908e-236
3890;1.8099e-95;0.613408;2.51806e-33
3891;1.45178e+131;0.198912;-5.26127e-229
3892;-1.06541e-127;0.771424;1.82478e+277
3893;2.8565e-226;0.208832;5.83506e-144
3894;1.72759e-202;0.285376;1.62523e-52
3895;3.08394e-289;0.595584;-6.57581e-293
3896;1.09646e-80;0.269728;5.45858e-244
3897;2.35995e-260;0.259584;-8.88445e+71
3898;1.68254e-284;0.03616;-4.21932e+37
3899;3.72021e-294;0.269536;-1.687e-152
3900;2.18054e-289;0.286048;-4.8857e-76
3901;1.25433e-308;0.264256;8.79951e+170
3902;1.59919e-192;0.260704;1.88651e-187
3903;-6.8004e-239;0.462656;2.1386e+291
3904;1.6466e-105;0.270784;3.88839e-255
3905;12.5862;0.631232;5.96063e+102
3984;1.97512e-115;0.261248;1.13088e-42
3985;1.50099e+286;0.03616;9.292e+25
3986;9.97842e-130;0.251104;3.93022e-154
3987;2.47432e+78;0.28608;2.51464e+233
3988;2.17913e-42;0.263776;-1.6368e+235
3989;1.28951e-167;0.260704;-4.83037e+47
3990;5.73328e-139;0.28624;3.51888e+24
3991;5.08384e-120;0.261088;-1.90802e-36
3992;-3.57651e-277;0.613248;9.43646e+62
3993;1.16129e-153;0.212896;5.52102e-269
3994;5.21232e-231;0.748;1.97536e+79
3995;7.99869e-159;0.209344;-2.1859e-146
3996;4.84991e+54;0.305696;-8.53443e+143
3997;3.97404e+78;0.621632;1.87628e-27
3998;4.92883e+126;0.261184;6.65247e+251
3999;-1.03736e+173;0.270624;5.3107e-105
4000;2.59996e+306;0.03616;-5.70849e-243
4001;1.03389e-94;0.251072;-6.56794e-263
4002;-1.8269e-268;0.29456;1.70454e+267
4003;2.70652e+152;0.264288;2.61436e+209
4004;9.67955e+116;0.616352;2.66954e+59
4005;-5.05653e-141;0.198848;6.70581e-23
4006;-4.05085e-49;0.789792;1.88474e+126
4007;3.08573e+206;0.199616;2.7507e+194
4008;4.36769e+166;0.303744;2.1916e-250
4009;-2.2069e-16;0.620352;-7.77652e-178
4010;-3.13624e-20;0.280672;1.32327e-226
4011;-8.78213e-216;0.260352;6.13305e-231
4012;1.13645e-129;0.036128;2.16153e+91
4013;-1.2687e+112;0.241696;-4.19685e+300
4014;1.92798e-144;0.28592;2.93873e-25
4015;2.40631e+146;0.264736;-0.00705778
4016;2.27393e-284;0.249504;7.31969e+174
4017;7.7367e-78;0.285344;3.41164e+186
4018;7.45393e-191;0.270592;2.17371e+21
4019;3.58507e-182;0.615584;1.3879e-235
4020;1.47018e-202;0.198112;4.82073e+64
4021;6.40235e-270;0.773344;218.355
4022;4.87065e-246;0.20752;7.83651e-164
4023;1.26923e-279;0.303808;4.39597e-72
4024;4.31562e-188;0.630208;-2.51744e-20
4025;4.1942e+164;0.270944;-1.98322e-296
4026;1.84025e-268;0.260352;-2.219e+150
4027;4.73968e-270;0.036096;1.20559e-66
4028;1.61409e-231;0.243072;3.28886e+146
4029;3.15826e+243;0.380096;-2.75536e-284
4030;5.02661e-265;0.25552;4.37825e-226
4031;4.52705e-136;0.26112;7.24821e-270
4032;2.21224e+94;0.285344;2.93498e-99
4033;-3.60493e-120;0.271936;-1.88836e+194
4034;2.28786e-38;0.634336;2.51554e-132
4035;7.82437e+29;0.198304;4.40378e-129
4036;-7.2945e+32;0.772256;5.8205e-154
4037;-3.45562e-70;0.1984;1.04069e-110
4038;-3.06009e-126;0.294528;2.09859e+58
4039;2.41295e+184;0.639232;3.60987e-259
4040;1.62184e+44;0.280512;9.45814e-183
4041;6.65989e+35;0.259808;7.06117e-19
4042;1.8659e+138;0.036256;1.91528e-186
4043;2.70905e+295;0.250912;7.02466e-309
4044;1.51023e-197;0.300608;-7.59732e+169
4045;-5.06922e-250;0.264992;5.34006e-135
4046;1.46067e-81;0.261312;3.40268e+127
4047;9.61996e+107;0.286048;3.75659e-241
4048;1.37062e-18;0.273184;1.58751e+06
4049;9.33866e-14;0.613472;-2.04542e-301
4050;5.48698e+30;0.200896;2.39111e+190
4051;-1.07061e-292;0.77136;9.17574e-38
4052;2.49075e-144;0.207456;1.66395e-221
4053;7.22331e-255;0.37488;4.6444e+295
4054;4.69355e-236;0.64736;1.34809e-186
4055;1.04872e-250;0.270944;1.33904e+291
4056;3.57641e-167;0.268608;-4.37067e-298
4057;7.65372e-275;0.036096;3.94215e+130
4058;7.10666e-270;0.251648;3.25262e+83
4059;8.3124e-275;0.286336;-2.60591e+139
4060;3.68806e-236;0.264288;2.13295e+06
4061;4.19391e-309;0.252736;-1.35914e-231
4140;0.284544;1.62591e+10;2.2884e+10
4141;0.294656;1.60183e+10;2.3143e+10
4142;0.283776;1.53306e+10;1.80819e+10
4143;0.539552;1.66811e+10;2.22621e+10
4144;0.224992;1.63284e+10;2.34776e+10
4145;0.705376;1.82338e+10;2.10375e+10
4146;0.225856;1.63618e+10;1.69947e+10
4147;0.294112;1.67237e+10;1.80642e+10
4148;0.576672;1.63446e+10;2.04565e+10
4149;0.272448;1.6712e+10;2.29441e+10
4150;0.28304;1.70068e+10;2.27387e+10
4151;0.035744;1.70073e+10;2.55546e+10
4152;0.276416;1.53759e+10;1.81028e+10
4153;0.312576;2.57833e+10;1.56304e+10
4154;0.267712;1.58185e+10;1.69462e+10
4155;0.281568;1.57248e+10;1.6712e+10
4156;0.363136;1.67153e+10;1.36874e+10
4157;0.281888;1.54927e+10;1.69833e+10
4158;0.618432;1.35354e+10;1.58458e+10
4159;0.234464;1.64377e+10;1.7375e+10
4160;0.65808;1.59081e+10;1.54787e+10
4161;0.237088;1.57008e+10;1.85079e+10
4162;0.315264;1.79256e+10;1.66866e+10
4163;0.58176;1.55703e+10;1.57988e+10
4164;0.297024;1.55907e+10;1.70634e+10
4165;0.287648;1.68581e+10;1.70106e+10
4166;0.035712;1.56001e+10;2.55319e+10
4167;0.256416;1.51296e+10;1.68193e+10
4168;0.30336;2.58065e+10;1.71276e+10
4169;0.268352;1.70523e+10;1.75019e+10
4170;0.281856;1.62025e+10;1.72819e+10
4171;0.31408;1.66754e+10;1.72217e+10
4172;0.29216;1.54768e+10;1.70896e+10
4173;0.548768;1.56495e+10;1.58679e+10
4174;0.242464;1.58598e+10;1.77586e+10
4175;0.649632;1.79276e+10;1.53128e+10
4176;0.2248;1.51828e+10;1.77915e+10
4177;0.299936;1.81587e+10;1.61786e+10
4178;0.572544;1.64214e+10;1.58273e+10
4179;0.286464;1.63875e+10;1.76736e+10
4180;0.26432;1.71294e+10;1.67674e+10
4181;0.03568;1.61752e+10;2.55319e+10
4182;0.25744;1.64649e+10;1.67945e+10
4183;0.321056;2.58296e+10;1.66378e+10
4184;0.290784;1.69845e+10;1.13277e+10
4185;0.274432;1.53095e+10;1.62286e+10
4186;0.313152;1.5389e+10;1.65911e+10
4187;0.27424;1.58955e+10;1.70253e+10
4188;0.615424;1.56959e+10;1.5845e+10
4189;0.246432;1.68961e+10;1.72216e+10
4190;0.648096;1.59859e+10;1.6264e+10
4191;0.235552;1.49383e+10;1.86155e+10
4192;0.30352;1.82017e+10;1.6645e+10
4193;0.581504;1.56718e+10;1.58502e+10
4194;0.303168;1.6194e+10;1.70815e+10
4195;0.272448;1.68655e+10;1.67364e+10
4196;0.03568;1.52839e+10;2.55319e+10
4197;0.263936;1.59737e+10;1.74308e+10
4198;0.294112;2.58296e+10;1.65964e+10
4199;0.296704;1.65664e+10;1.69606e+10
4200;0.284128;1.6712e+10;1.67366e+10
4201;0.326368;1.5082e+10;1.66775e+10
4202;0.275584;1.53531e+10;1.70876e+10
4203;0.603616;1.50603e+10;1.59784e+10
4204;0.242624;1.68137e+10;1.77998e+10
4205;0.6808;1.62986e+10;1.54424e+10
4206;0.234144;1.51728e+10;1.77586e+10
4207;0.301504;1.73274e+10;1.66848e+10
4208;0.579424;1.5766e+10;1.57939e+10
4209;0.293952;1.63023e+10;1.70473e+10
4210;0.282208;1.69261e+10;1.61789e+10
4211;0.035712;1.57631e+10;2.55319e+10
4212;0.276448;1.54212e+10;1.12009e+10
4213;0.292192;2.58065e+10;1.71295e+10
4214;0.287392;1.58166e+10;1.694e+10
4215;0.302048;1.68218e+10;1.6712e+10
4216;0.304064;1.55706e+10;1.71793e+10
4217;0.292672;1.44422e+10;1.713e+10
4218;0.539616;1.6165e+10;1.60703e+10
4219;0.234112;1.58321e+10;1.85998e+10
4220;0.667968;1.82316e+10;1.56835e+10
4221;0.23328;1.57244e+10;1.77915e+10
4222;0.294176;1.76602e+10;1.77531e+10
4223;0.557632;1.58244e+10;1.60595e+10
4224;0.292608;1.67084e+10;1.7719e+10
4225;0.293856;1.75875e+10;1.61963e+10
4226;0.035712;1.58355e+10;2.55093e+10
4227;0.257728;1.481e+10;1.73269e+10
4228;0.302304;2.58065e+10;1.71085e+10
4229;0.287552;1.69655e+10;1.6895e+10
4230;0.290272;1.62591e+10;1.63945e+10
4231;0.31152;1.5562e+10;1.7162e+10
4232;0.292672;1.50281e+10;1.71564e+10
4233;0.539552;1.57781e+10;1.58262e+10
4234;0.23392;1.58321e+10;1.77367e+10
4235;0.651072;1.82338e+10;1.53645e+10
4236;0.235584;1.57373e+10;1.84517e+10
4237;0.3192;1.81185e+10;1.66811e+10
4238;0.554016;1.56697e+10;1.58093e+10
4239;0.28288;1.53985e+10;1.71462e+10
4240;0.40944;1.77023e+10;1.67694e+10
4241;0.03568;1.63801e+10;2.55319e+10
4242;0.265056;1.06292e+10;1.74152e+10
4243;0.302528;2.58296e+10;1.66938e+10
4244;0.287776;1.64964e+10;1.68787e+10
4245;0.264864;1.62471e+10;1.67182e+10
4246;0.304064;1.55499e+10;1.71812e+10
4247;0.273696;1.64697e+10;1.70433e+10
4248;0.629664;1.6165e+10;1.53882e+10
4249;0.23616;1.69297e+10;1.77805e+10
4250;0.65072;1.56243e+10;1.53077e+10
4251;0.234048;1.55881e+10;1.77887e+10
4252;0.286816;1.81284e+10;1.72236e+10
4253;0.573216;1.57725e+10;1.5721e+10
4254;0.275232;1.71371e+10;1.66229e+10
4255;0.322048;1.71094e+10;1.66793e+10
4256;0.297408;1.58865e+10;1.7035e+10
4257;0.297728;1.52623e+10;1.6217e+10
4258;0.315264;1.50463e+10;1.71295e+10
4259;0.293632;1.46518e+10;1.71098e+10
4260;0.59888;1.55907e+10;1.58189e+10
4261;0.244192;1.57803e+10;1.76523e+10
4262;0.650592;1.64275e+10;1.58344e+10
4263;0.248768;1.50754e+10;1.76851e+10
4264;0.311936;1.81319e+10;1.72313e+10
4265;0.528192;1.48392e+10;1.6036e+10
4266;0.295072;1.57571e+10;1.76952e+10
4267;0.324928;1.85678e+10;1.37833e+10
4268;0.03568;1.57033e+10;2.54192e+10
4269;0.267744;1.33937e+10;1.73909e+10
4270;0.303296;2.58296e+10;1.71831e+10
4271;0.28544;1.63308e+10;1.68971e+10
4272;0.28304;1.6206e+10;1.67346e+10
4273;0.283328;1.56771e+10;1.71697e+10
4274;0.311456;1.54121e+10;1.71605e+10
4275;0.578528;1.73481e+10;1.57986e+10
4276;0.255776;1.48772e+10;1.85908e+10
4277;0.6496;1.70054e+10;1.58398e+10
4278;0.245376;1.43926e+10;1.77041e+10
4279;0.308896;1.81596e+10;1.6636e+10
4280;0.530208;1.50443e+10;1.57988e+10
4281;0.266016;1.59122e+10;1.713e+10
4282;0.291456;1.84972e+10;1.61061e+10
4283;0.03568;1.74185e+10;2.54642e+10
4284;0.265632;1.49319e+10;1.7433e+10
4285;0.30352;2.58296e+10;1.77984e+10
4286;0.28672;1.64607e+10;1.68523e+10
4287;0.275264;1.6194e+10;1.73833e+10
4288;0.311776;1.56071e+10;1.72313e+10
4289;0.275744;1.58475e+10;1.71098e+10
4290;0.662336;1.57652e+10;1.57921e+10
4291;0.244256;1.6804e+10;1.76496e+10
4292;0.651104;1.48536e+10;1.55263e+10
4293;0.246816;1.50714e+10;1.77805e+10
4294;0.284096;1.81177e+10;1.66342e+10
4295;0.53888;1.49566e+10;1.6089e+10
4375;0.312736;1.56176e+10;1.71639e+10
4376;0.303232;1.54453e+10;1.70273e+10
4377;0.613632;1.57168e+10;1.58474e+10
4378;0.243712;1.52807e+10;1.77175e+10
4379;0.658848;1.60325e+10;1.53338e+10
4380;0.363712;1.5105e+10;1.78107e+10
4381;0.308448;1.79047e+10;1.6645e+10
4382;0.537152;1.01496e+10;1.64253e+10
4383;0.286976;1.59353e+10;1.71118e+10
4384;0.28576;1.82581e+10;1.61885e+10
4385;0.03568;1.61463e+10;2.55319e+10
4386;0.264064;1.52296e+10;1.67966e+10
4387;0.30304;2.58296e+10;1.72313e+10
4388;0.269184;1.65584e+10;1.81375e+10
4389;0.276512;1.62196e+10;1.66712e+10
4390;0.311808;1.66239e+10;1.71851e+10
4391;0.265024;1.5776e+10;1.83384e+10
4392;0.58672;1.57635e+10;1.55926e+10
4393;0.235104;1.74837e+10;1.77476e+10
4394;0.650112;1.67679e+10;1.56668e+10
4395;0.2376;1.56581e+10;1.77341e+10
4396;0.299424;1.81453e+10;1.71831e+10
4397;0.548928;1.55367e+10;1.62822e+10
4398;0.30288;1.64155e+10;1.70353e+10
4399;0.287584;1.78664e+10;1.61712e+10
4400;0.035712;1.52985e+10;2.55319e+10
4401;0.26304;1.5133e+10;1.6743e+10
4402;0.30304;2.58065e+10;1.71716e+10
4403;0.297952;1.66229e+10;1.6893e+10
4404;0.281344;1.62196e+10;1.67018e+10
4405;0.30368;1.50188e+10;1.71851e+10
4406;0.303232;1.5505e+10;1.65808e+10
4407;0.538528;1.61855e+10;1.58711e+10
4408;0.278208;1.52807e+10;1.42606e+10
4409;0.708928;1.82685e+10;1.48007e+10
4410;0.262944;1.32321e+10;1.56556e+10
4411;0.03568;1.66399e+10;2.55319e+10
4412;0.256896;1.65511e+10;1.74152e+10
4413;0.293376;2.58296e+10;1.73599e+10
4414;0.288032;1.70204e+10;1.69441e+10
4415;0.283584;1.67539e+10;1.67593e+10
4416;0.303968;1.55361e+10;1.66504e+10
4417;0.292704;1.53825e+10;1.71727e+10
4418;0.623552;1.61701e+10;1.57387e+10
4419;0.224896;1.58303e+10;1.78025e+10
4420;0.677216;1.57775e+10;1.55459e+10
4421;0.23728;1.63688e+10;1.77887e+10
4422;0.319296;1.74191e+10;1.66793e+10
4423;0.53984;1.55577e+10;1.6073e+10
4424;0.293984;1.53939e+10;1.70694e+10
4425;0.284832;1.81672e+10;1.69428e+10
4426;0.03568;1.57614e+10;2.55319e+10
4427;0.264928;1.52792e+10;1.67986e+10
4428;0.30224;2.58296e+10;1.78066e+10
4429;0.267936;1.65044e+10;1.75041e+10
4430;0.282976;1.62626e+10;1.66691e+10
4431;0.312864;1.67013e+10;1.70838e+10
4432;0.29264;1.54156e+10;1.76284e+10
4433;0.539616;1.57103e+10;1.60829e+10
4434;0.234176;1.58338e+10;1.77998e+10
4435;0.674528;1.82316e+10;1.54696e+10
4436;0.287104;1.57201e+10;1.53282e+10
4437;0.309664;1.74885e+10;1.72255e+10
4438;0.58864;1.28578e+10;1.60436e+10
4439;0.291552;1.58727e+10;1.70775e+10
4440;0.28784;1.6661e+10;1.66565e+10
4441;0.03568;1.58929e+10;2.55319e+10
4442;0.25584;1.51195e+10;1.67904e+10
4443;0.302304;2.58296e+10;1.71295e+10
4444;0.297952;1.70907e+10;1.68746e+10
4445;0.281856;1.62591e+10;1.67305e+10
4446;0.302976;1.50188e+10;1.72255e+10
4447;0.291648;1.54768e+10;1.69754e+10
4448;0.539104;1.62231e+10;1.6056e+10
4449;0.23312;1.58876e+10;1.77531e+10
4450;0.681664;1.82489e+10;1.56502e+10
4451;0.238816;1.57914e+10;1.77778e+10
4452;0.30944;1.73054e+10;1.72236e+10
4531;0.296096;1.71207e+10;1.63231e+10
4532;0.282976;1.62214e+10;1.67717e+10
4533;0.312992;1.51129e+10;1.71104e+10
4534;0.30672;1.54156e+10;1.7126e+10
4535;0.619712;1.57039e+10;1.58597e+10
4536;0.244768;1.51069e+10;1.77888e+10
4537;0.670688;1.58752e+10;1.54501e+10
4538;0.24448;1.50399e+10;1.73317e+10
4539;0.305216;1.75886e+10;1.71524e+10
4540;0.577312;1.50995e+10;1.58371e+10
4541;0.303232;1.6104e+10;1.71483e+10
4542;0.283776;1.6988e+10;1.66483e+10
4543;0.035712;1.52807e+10;2.54867e+10
4544;0.2552;1.5336e+10;1.73665e+10
4545;0.301984;2.58065e+10;1.7187e+10
4546;0.287776;1.71335e+10;1.69052e+10
4547;0.282848;1.62764e+10;1.73435e+10
4548;0.283968;1.55499e+10;1.65946e+10
4549;0.3248;1.54226e+10;1.41975e+10
4550;0.635872;1.7309e+10;1.53682e+10
4551;0.245824;1.4266e+10;1.84389e+10
4552;0.696032;1.54718e+10;1.52558e+10
4553;0.244896;1.49753e+10;1.76933e+10
4554;0.311776;1.69482e+10;1.65928e+10
4555;0.550688;1.50738e+10;1.58249e+10
4556;0.293184;1.57652e+10;1.71483e+10
4557;0.2648;1.78093e+10;1.65935e+10
4558;0.035712;1.58044e+10;2.54417e+10
4559;0.256;1.6435e+10;1.74263e+10
4560;0.3112;2.58065e+10;1.74764e+10
4561;0.287072;1.708e+10;1.68016e+10
4562;0.283136;1.57943e+10;1.67944e+10
4563;0.303616;1.5588e+10;1.7747e+10
4564;0.302272;1.54069e+10;1.70835e+10
4565;0.56816;1.61889e+10;1.6109e+10
4566;0.293056;1.53292e+10;1.77408e+10
4567;0.535328;1.73157e+10;1.58151e+10
4568;0.29504;1.67722e+10;1.67651e+10
4569;0.294208;1.83203e+10;1.61329e+10
4570;0.035712;1.5705e+10;2.54867e+10
4571;0.262816;1.47923e+10;1.66919e+10
4572;0.30256;2.58065e+10;1.66811e+10
4573;0.285728;1.6637e+10;1.68299e+10
4574;0.292128;1.62454e+10;1.67737e+10
4575;0.28352;1.56613e+10;1.71716e+10
4576;0.304384;1.49326e+10;1.70373e+10
4577;0.60304;1.73363e+10;1.19325e+10
4578;0.241408;1.52229e+10;1.76415e+10
4579;0.66816;1.63141e+10;1.56489e+10
4580;0.245376;1.52492e+10;1.70198e+10
4581;0.324896;1.76552e+10;1.61838e+10
4582;0.539264;1.50443e+10;1.56081e+10
4583;0.303232;1.51285e+10;1.65979e+10
4584;0.293216;1.81866e+10;1.66667e+10
4585;0.035712;1.52807e+10;2.54642e+10
4586;0.264704;1.48423e+10;1.73555e+10
4587;0.313216;2.58065e+10;1.66288e+10
4588;0.287072;1.65184e+10;1.68198e+10
4589;0.283136;1.56927e+10;1.67944e+10
4590;0.309888;1.5588e+10;1.65785e+10
4591;0.30768;1.54069e+10;1.71442e+10
4592;0.61328;1.58612e+10;1.58059e+10
4593;0.246496;1.50598e+10;1.85908e+10
4594;0.662016;1.60417e+10;1.56098e+10
4595;0.247776;1.49344e+10;1.69423e+10
4596;0.288288;1.7819e+10;1.71104e+10
4597;0.576288;1.48986e+10;1.53632e+10
4598;0.296032;1.70496e+10;1.77082e+10
4599;0.274016;1.70182e+10;1.66117e+10
4600;0.03568;1.56524e+10;2.54867e+10
4601;0.271776;1.58823e+10;1.65224e+10
4602;0.304544;2.58296e+10;1.71831e+10
4603;0.28672;1.60885e+10;1.63003e+10
4604;0.331328;1.61395e+10;1.41661e+10
4605;0.302464;1.56071e+10;1.71123e+10
4606;0.278272;1.31659e+10;1.71686e+10
4607;0.631712;1.62505e+10;1.57114e+10
4608;0.255776;1.66513e+10;1.7674e+10
4687;0.035776;1.57803e+10;2.55319e+10
4688;0.265632;1.59381e+10;1.74042e+10
4689;0.30304;2.57603e+10;1.71295e+10
4690;0.268864;1.64607e+10;1.75392e+10
4691;0.281888;1.62196e+10;1.60983e+10
4692;0.312544;1.66437e+10;1.71199e+10
4693;0.29216;1.54751e+10;1.70594e+10
4694;0.548832;1.57264e+10;1.60812e+10
4695;0.233952;1.58598e+10;1.85071e+10
4696;0.672896;1.79255e+10;1.58603e+10
4697;0.235072;1.57352e+10;1.86155e+10
4698;0.304032;1.75309e+10;1.72139e+10
4699;0.581504;1.57038e+10;1.51363e+10
4700;0.294656;1.61667e+10;1.59947e+10
4701;0.285664;1.68655e+10;1.61789e+10
4702;0.03568;1.57255e+10;2.55319e+10
4703;0.272256;1.52347e+10;1.74042e+10
4704;0.27568;2.58296e+10;1.76755e+10
4705;0.286176;1.60602e+10;1.69524e+10
4706;0.273888;1.78294e+10;1.67182e+10
4707;0.320736;1.56368e+10;1.71639e+10
4708;0.288064;1.59271e+10;1.65146e+10
4709;0.59648;1.53248e+10;1.55934e+10
4710;0.24416;1.60853e+10;1.73045e+10
4711;0.680352;1.64936e+10;1.66692e+10
4712;0.249792;1.50773e+10;1.80166e+10
4713;0.305376;1.73388e+10;1.71639e+10
4714;0.545216;1.47784e+10;1.62779e+10
4715;0.292192;1.60956e+10;1.70835e+10
4716;0.281696;1.7988e+10;1.66483e+10
4717;0.035712;1.58581e+10;2.55319e+10
4718;0.293888;1.54493e+10;1.6743e+10
4719;0.31184;2.58065e+10;1.6692e+10
4720;0.295232;1.4878e+10;1.68868e+10
4721;0.28144;1.57619e+10;1.6712e+10
4722;0.727872;1.51572e+10;1.56482e+10
4723;0.245088;1.54997e+10;1.77177e+10
4724;0.307104;1.62068e+10;1.72255e+10
4725;0.529472;1.5062e+10;1.60679e+10
4726;0.295776;1.6005e+10;1.70614e+10
4727;0.29072;1.85229e+10;1.61214e+10
4728;0.035712;1.56659e+10;2.55319e+10
4729;0.272768;1.49697e+10;1.67862e+10
4730;0.302496;2.58065e+10;1.71812e+10
4731;0.280992;1.603e+10;1.69441e+10
4732;0.294688;1.62488e+10;1.65457e+10
4733;0.293792;1.59253e+10;1.71831e+10
4734;0.29296;1.48029e+10;1.70815e+10
4735;0.548832;1.67302e+10;1.56339e+10
4736;0.244416;1.58165e+10;1.85908e+10
4737;0.661376;1.79255e+10;1.62748e+10
4738;0.369152;1.50615e+10;1.48259e+10
4739;0.305568;1.78363e+10;1.66866e+10
4740;0.552288;1e+10;1.58298e+10
4741;0.29808;1.60855e+10;1.71037e+10
4742;0.292512;1.77577e+10;1.55928e+10
4743;0.035712;1.55448e+10;2.53968e+10
4744;0.284;1.4878e+10;1.74064e+10
4745;0.301824;2.58065e+10;1.72333e+10
4746;0.26832;1.53961e+10;1.63613e+10
4747;0.281024;1.6285e+10;1.67305e+10
4748;0.31184;1.66774e+10;1.66866e+10
4749;0.291872;1.55227e+10;1.70393e+10
4750;0.571872;1.57619e+10;1.54098e+10
4751;0.235712;1.58755e+10;1.77312e+10
4752;0.690592;1.72033e+10;1.58541e+10
4753;0.224832;1.56177e+10;1.77833e+10
4754;0.300384;1.70817e+10;1.72236e+10
4755;0.572256;1.6419e+10;1.55962e+10
4756;0.273664;1.63631e+10;1.71037e+10
4757;0.283264;1.71381e+10;1.67591e+10
4758;0.03568;1.69317e+10;2.54642e+10
4759;0.285088;1.53638e+10;1.6743e+10
4760;0.312032;2.58296e+10;1.65911e+10
4761;0.2872;1.53373e+10;1.69339e+10
4762;0.282656;1.57522e+10;1.6782e+10
4763;0.320704;1.55811e+10;1.71831e+10
4764;0.274752;1.5433e+10;1.83338e+10
4843;0.292512;1.56256e+10;1.70153e+10
4844;0.290112;1.84849e+10;1.66974e+10
4845;0.035712;1.58407e+10;2.55093e+10
4846;0.284;1.50011e+10;1.74019e+10
4847;0.283904;2.58065e+10;1.71697e+10
4848;0.268832;1.53961e+10;1.68016e+10
4849;0.28208;1.73129e+10;1.72666e+10
4850;0.311776;1.66456e+10;1.72236e+10
4851;0.329536;1.54645e+10;1.1493e+10
4852;0.558048;1.57652e+10;1.60644e+10
4853;0.234656;1.4061e+10;1.77833e+10
4854;0.678112;1.76295e+10;1.55557e+10
4855;0.244256;1.5688e+10;1.7775e+10
4856;0.321216;1.73961e+10;1.66432e+10
4857;0.573792;1.51133e+10;1.60326e+10
4858;0.292352;1.53019e+10;1.71017e+10
4859;0.283744;1.70922e+10;1.67591e+10
4860;0.03568;1.58494e+10;2.55093e+10
4861;0.26512;1.53378e+10;1.74241e+10
4862;0.310848;2.58296e+10;1.66252e+10
4863;0.268608;1.64925e+10;1.68665e+10
4864;0.282272;1.58122e+10;1.72426e+10
4865;0.303008;1.66595e+10;1.71812e+10
4866;0.292128;1.5454e+10;1.76823e+10
4867;0.53856;1.62214e+10;1.60879e+10
4868;0.234304;1.58615e+10;1.85908e+10
4869;0.686976;1.82674e+10;1.56608e+10
4870;0.239136;1.57116e+10;1.85377e+10
4871;0.314432;1.71716e+10;1.76653e+10
4872;0.583488;1.54369e+10;1.6057e+10
4873;0.28368;1.5632e+10;1.72299e+10
4874;0.283552;1.68082e+10;1.67777e+10
4875;0.03568;1.63339e+10;2.55319e+10
4876;0.258016;1.53482e+10;1.80884e+10
4877;0.293408;2.58296e+10;1.71104e+10
4878;0.284672;1.69465e+10;1.75436e+10
4879;0.282592;1.67521e+10;1.67038e+10
4880;0.31408;1.57194e+10;1.72255e+10
4881;0.304224;1.54365e+10;1.70133e+10
4882;0.55856;1.56495e+10;1.58621e+10
4883;0.244736;1.52309e+10;1.71599e+10
4884;0.660352;1.76133e+10;1.56535e+10
4885;0.246816;1.50418e+10;1.81927e+10
4886;0.314048;1.78639e+10;1.72217e+10
4887;0.576032;1.49566e+10;1.58298e+10
4888;0.306272;1.56511e+10;1.64789e+10
4889;0.28304;1.70257e+10;1.67612e+10
4890;0.03568;1.5129e+10;2.55546e+10
4891;0.265696;1.53759e+10;1.80908e+10
4892;0.303424;2.58296e+10;1.71295e+10
4893;0.306496;1.64567e+10;1.68441e+10
4894;0.282208;1.61991e+10;1.66732e+10
4895;0.312512;1.46001e+10;1.66884e+10
4896;0.306816;1.54575e+10;1.70313e+10
4897;0.578016;1.5728e+10;1.5823e+10
4898;0.243168;1.51022e+10;1.77039e+10
4899;0.659328;1.70204e+10;1.52817e+10
4900;0.235424;1.51388e+10;1.7775e+10
4901;0.320704;1.78917e+10;1.61786e+10
4902;0.589824;1.56803e+10;1.58429e+10
4903;0.398048;1.53263e+10;1.36167e+10
4904;0.282848;1.66276e+10;1.67035e+10
4905;0.035872;1.16408e+10;2.55319e+10
4906;0.264608;1.53864e+10;1.80669e+10
4907;0.31072;2.56913e+10;1.71697e+10
4908;0.286048;1.65244e+10;1.72153e+10
4909;0.282624;1.58187e+10;1.671e+10
4910;0.304384;1.56438e+10;1.71793e+10
4911;0.292672;1.54348e+10;1.68098e+10
4912;0.569312;1.6148e+10;1.61065e+10
4913;0.234176;1.58321e+10;1.85758e+10
4914;0.649088;1.72806e+10;1.54637e+10
4915;0.235584;1.57201e+10;1.85556e+10
4916;0.322784;1.81739e+10;1.66594e+10
4917;0.634528;1.56697e+10;1.578e+10
4918;0.282592;1.52275e+10;1.76435e+10
4919;0.282528;1.54562e+10;1.73758e+10
4920;0.03568;1.63968e+10;2.55546e+10
