0;0.234688;0.026624;0.98432
1;0.613248;0.06144;2.02918
2;0.195328;0.023552;0.291392
3;0.20512;0.024576;0.286784
4;0.551264;0.06144;1.81488
5;0.21248;0.02672;0.31104
6;0.499744;0.050176;0.607488
7;0.261632;0.0256;0.300896
8;0.258496;0.027648;0.312544
9;0.197344;0.024576;0.28816
10;0.158304;0.021504;0.233152
11;0.21888;0.026624;0.31184
12;0.2168;0.026624;0.30336
13;0.261344;0.0256;0.301952
14;0.157856;0.021504;0.247168
15;0.451136;0.050176;0.595264
16;0.266464;0.026624;0.303872
17;0.201824;0.0256;0.30224
18;0.255296;0.024576;0.288192
19;0.258496;0.026624;0.311488
20;0.249984;0.023552;0.292544
21;0.251808;0.022528;0.284096
22;0.19184;0.024576;0.282976
23;0.250944;0.022528;0.283104
24;0.251168;0.024576;0.282624
25;0.036128;0.008192;0.035776
26;0.157504;0.02048;0.243424
27;0.44112;0.050176;0.584
28;0.25024;0.026624;0.314336
29;0.272064;0.026624;0.313056
30;0.22;0.026624;0.312064
31;0.158432;0.021504;0.234688
32;0.157728;0.02048;0.23376
33;0.449312;0.050176;0.594912
34;0.205472;0.0256;0.287104
35;0.250144;0.022528;0.302176
36;0.255552;0.024576;0.296352
37;0.036128;0.008192;0.035744
38;0.271776;0.026624;0.302112
39;0.538944;0.06144;0.72896
40;0.191328;0.023552;0.292352
41;0.25152;0.022528;0.29312
42;0.192704;0.023552;0.30144
43;0.167264;0.021504;0.244224
44;0.250112;0.024576;0.282976
45;0.157824;0.021504;0.242528
46;0.163488;0.021504;0.243776
47;0.443552;0.050176;0.59472
48;0.251456;0.023552;0.293632
49;0.441216;0.049312;0.603904
50;0.036096;0.008256;0.035712
51;0.195072;0.02048;0.252992
52;0.44192;0.050176;0.595136
53;0.446272;0.050176;0.591168
54;0.543136;0.06144;0.706464
55;0.271744;0.026624;0.30496
56;0.542656;0.06144;0.713024
57;0.212352;0.026624;0.313536
58;0.534592;0.06144;0.697216
59;0.15776;0.02048;0.234016
60;0.261472;0.0256;0.294304
61;0.272064;0.026624;0.302784
62;0.200224;0.024576;0.29248
63;0.036096;0.008192;0.035712
64;0.036128;0.008192;0.035232
65;0.219968;0.026624;0.313568
66;0.255328;0.024576;0.297344
67;0.447104;0.049152;0.611424
68;0.44192;0.050176;0.596384
69;0.21632;0.020544;0.243008
70;0.156128;0.021504;0.244256
71;0.036096;0.008192;0.03568
72;0.27104;0.026624;0.313632
73;0.250048;0.022528;0.294368
74;0.212384;0.026624;0.313088
75;0.271744;0.026624;0.305344
76;0.157728;0.021504;0.244928
77;0.44192;0.049312;0.592704
78;0.500768;0.050176;0.60656
79;0.201248;0.0256;0.312096
80;0.45232;0.050176;0.587744
81;0.23872;0.0256;0.30192
82;0.255648;0.024576;0.309632
83;0.2568;0.024576;0.293376
84;0.249184;0.027424;0.29232
85;0.21552;0.026624;0.310976
86;0.15696;0.02048;0.233664
87;0.23808;0.0256;0.302272
88;0.036096;0.009216;0.036032
89;0.44352;0.050176;0.615904
90;0.451712;0.050176;0.617248
91;0.212608;0.026624;0.313088
92;0.222688;0.026624;0.311488
93;0.23744;0.023552;0.295232
94;0.443072;0.050176;0.586656
95;0.157344;0.021504;0.232896
96;0.24928;0.026624;0.312032
97;0.232096;0.024576;0.306144
98;0.245248;0.022528;0.292832
99;0.499456;0.050176;0.617984
100;0.195584;0.023552;0.285408
101;0.251168;0.023552;0.302432
102;0.44352;0.050176;0.615744
103;0.156672;0.02048;0.2424
104;0.551904;0.06144;0.747744
105;0.255904;0.024576;0.311488
106;0.442464;0.050176;0.587008
107;0.036128;0.008192;0.035808
108;0.26128;0.024576;0.301888
109;0.443072;0.050176;0.596192
110;0.24976;0.023552;0.284096
111;0.03632;0.008192;0.035744
112;0.194752;0.023552;0.283264
113;0.229024;0.023552;0.292256
114;0.441568;0.050176;0.604384
115;0.266368;0.026624;0.321312
116;0.161088;0.023744;0.24352
117;0.272032;0.026624;0.303328
118;0.256832;0.0256;0.301216
119;0.211936;0.026624;0.30544
120;0.255776;0.0256;0.302464
121;0.25072;0.023552;0.290496
122;0.271648;0.026624;0.303744
123;0.24576;0.023712;0.302176
124;0.196256;0.024576;0.295872
125;0.543552;0.06144;0.738496
126;0.212448;0.026752;0.312256
127;0.256032;0.0256;0.301536
128;0.271744;0.026624;0.322848
129;0.250464;0.023776;0.282976
130;0.157376;0.02048;0.234176
131;0.199744;0.024576;0.297856
132;0.245632;0.022784;0.283296
133;0.249984;0.024576;0.29632
134;0.451328;0.050176;0.595648
135;0.228448;0.023552;0.283296
136;0.446112;0.049152;0.61328
137;0.272032;0.027648;0.304096
138;0.541984;0.06144;0.714176
139;0.443136;0.050176;0.603072
140;0.15776;0.021504;0.245472
141;0.265344;0.029696;0.301792
142;0.157024;0.021504;0.243584
143;0.167136;0.021504;0.235104
144;0.036096;0.008192;0.035712
145;0.452288;0.050176;0.594176
146;0.249472;0.026624;0.322944
147;0.271712;0.026624;0.311072
148;0.271904;0.026624;0.30304
149;0.191104;0.023552;0.29376
150;0.271584;0.026624;0.303488
151;0.442048;0.050176;0.593248
152;0.220864;0.026944;0.312768
153;0.443136;0.050176;0.606432
154;0.451392;0.050176;0.597088
155;0.196864;0.024576;0.298176
156;0.271648;0.026624;0.303584
157;0.494272;0.050176;0.597984
158;0.233152;0.0256;0.287104
159;0.212416;0.026624;0.303904
160;0.441984;0.050176;0.605888
161;0.441952;0.049152;0.595168
162;0.233248;0.024608;0.296352
163;0.157568;0.02048;0.234208
164;0.200608;0.023552;0.28512
165;0.25584;0.0256;0.291968
166;0.217952;0.026624;0.303872
167;0.45232;0.050208;0.593856
168;0.261312;0.024576;0.302208
169;0.24608;0.023552;0.301568
170;0.441984;0.049152;0.587136
171;0.251264;0.024576;0.287136
172;0.036256;0.008256;0.035712
173;0.156672;0.02048;0.261952
174;0.256;0.024576;0.300672
175;0.211744;0.026624;0.30336
176;0.201888;0.0256;0.312992
177;0.256288;0.024576;0.293696
178;0.245888;0.023776;0.282496
179;0.200576;0.02368;0.29216
180;0.25632;0.0256;0.293024
181;0.192;0.023552;0.29216
182;0.4512;0.050176;0.5856
183;0.228416;0.022528;0.291968
184;0.443136;0.050176;0.587872
185;0.216608;0.021504;0.243776
186;0.256224;0.024576;0.293248
187;0.250208;0.024576;0.304544
188;0.200256;0.024576;0.282624
189;0.534304;0.06144;0.696544
190;0.25152;0.026624;0.311968
191;0.212416;0.026624;0.30336
192;0.228896;0.023552;0.292192
193;0.190848;0.022528;0.292832
194;0.21648;0.029696;0.303008
195;0.195488;0.0256;0.283296
196;0.228896;0.024576;0.292896
197;0.190848;0.023552;0.291872
198;0.036128;0.008256;0.035712
199;0.256384;0.024576;0.29312
200;0.245632;0.023552;0.281952
201;0.246176;0.023552;0.294464
202;0.447168;0.050176;0.596064
203;0.246016;0.023552;0.293152
204;0.246528;0.023552;0.285408
205;0.196704;0.024576;0.29584
206;0.245664;0.023552;0.30128
207;0.222304;0.0256;0.293536
208;0.196832;0.023552;0.282944
209;0.261568;0.0256;0.312992
210;0.271744;0.026688;0.30384
211;0.261568;0.024576;0.31008
212;0.166208;0.021504;0.234624
213;0.451648;0.050176;0.587072
214;0.211872;0.026624;0.315488
215;0.271808;0.026688;0.302336
216;0.441248;0.049152;0.605344
217;0.191456;0.023552;0.291776
218;0.543392;0.06144;0.744736
219;0.447648;0.050176;0.5872
220;0.157344;0.02048;0.252224
221;0.534048;0.06144;0.72384
222;0.245984;0.023552;0.283808
223;0.161408;0.022528;0.243296
224;0.271872;0.026624;0.311744
225;0.249536;0.026624;0.31168
226;0.248512;0.026624;0.303584
227;0.194592;0.022528;0.30336
228;0.19696;0.023552;0.293376
229;0.21264;0.026624;0.31232
230;0.458944;0.050176;0.616736
231;0.157728;0.021504;0.243776
232;0.246528;0.023552;0.293408
233;0.238752;0.0256;0.292512
234;0.255616;0.024576;0.296896
235;0.036096;0.008192;0.036
236;0.036064;0.008192;0.035232
237;0.248544;0.026624;0.30288
238;0.232832;0.024576;0.305536
239;0.036096;0.008192;0.035712
240;0.036064;0.008192;0.035232
241;0.256096;0.0256;0.292992
242;0.261536;0.024576;0.302784
243;0.477856;0.050176;0.586656
244;0.58976;0.06144;0.686592
245;0.247072;0.025344;0.282944
246;0.571488;0.06144;0.69728
247;0.216064;0.029696;0.304224
248;0.036096;0.008256;0.036032
249;0.25104;0.023424;0.292864
250;0.261536;0.024576;0.292672
251;0.157728;0.02048;0.243424
252;0.271776;0.026624;0.315008
253;0.193088;0.023552;0.294336
254;0.158048;0.021504;0.234368
255;0.204032;0.021504;0.24368
256;0.485856;0.049152;0.613856
257;0.03632;0.008192;0.035712
258;0.270784;0.026624;0.321216
259;0.475776;0.049152;0.596768
260;0.157696;0.02048;0.244256
261;0.15776;0.021504;0.242176
262;0.25104;0.022528;0.291296
263;0.157664;0.020544;0.270464
264;0.265632;0.0256;0.30224
265;0.192576;0.024576;0.284192
266;0.157824;0.021504;0.243904
267;0.250752;0.022528;0.284416
268;0.251392;0.024576;0.29472
269;0.252416;0.024576;0.292512
270;0.237888;0.023552;0.293248
271;0.249984;0.023552;0.283552
272;0.46768;0.050176;0.595936
273;0.195968;0.024576;0.29632
274;0.26224;0.0256;0.314176
275;0.569984;0.06144;0.697248
276;0.24928;0.026624;0.31312
277;0.272096;0.026624;0.312096
278;0.272096;0.026912;0.302848
279;0.036128;0.008192;0.035712
280;0.15776;0.02048;0.244224
281;0.578656;0.06144;0.749504
282;0.233088;0.024576;0.298528
283;0.251776;0.023552;0.283552
284;0.229504;0.024576;0.284544
285;0.26496;0.024576;0.293024
286;0.25584;0.024576;0.290144
287;0.229536;0.023552;0.28352
288;0.467872;0.050176;0.584448
289;0.157632;0.021504;0.242688
290;0.25184;0.023552;0.295136
291;0.257184;0.0256;0.301184
292;0.571072;0.06144;0.724192
293;0.238016;0.0256;0.301728
294;0.261248;0.024576;0.311424
295;0.25152;0.024576;0.295232
296;0.261632;0.024576;0.301792
297;0.229504;0.023552;0.292352
298;0.251424;0.024576;0.282496
299;0.256;0.024576;0.317856
300;0.271296;0.026624;0.31152
301;0.261632;0.0256;0.29568
302;0.272096;0.026624;0.304352
303;0.255392;0.024576;0.28832
304;0.470656;0.050176;0.604064
305;0.26224;0.0256;0.303904
306;0.157344;0.02048;0.251936
307;0.595936;0.06144;0.695712
308;0.199232;0.023552;0.292672
309;0.22848;0.022528;0.292704
310;0.251392;0.02384;0.293184
311;0.20528;0.0256;0.311648
312;0.229184;0.022528;0.292576
313;0.158112;0.021504;0.236256
314;0.570048;0.06144;0.724384
315;0.209792;0.029664;0.303264
316;0.239008;0.0256;0.300128
317;0.22928;0.022528;0.284416
318;0.158976;0.02048;0.25312
319;0.157792;0.021504;0.234496
320;0.036064;0.008192;0.035712
321;0.2728;0.026624;0.3208
322;0.261376;0.0256;0.322784
323;0.161024;0.02048;0.271488
324;0.260384;0.024576;0.292672
325;0.158048;0.021504;0.23408
326;0.192704;0.023552;0.293184
327;0.212704;0.026624;0.304352
328;0.272128;0.026624;0.302848
329;0.158016;0.021504;0.243424
330;0.272096;0.026624;0.303872
331;0.217536;0.026624;0.31344
332;0.571968;0.06144;0.734336
333;0.281504;0.026624;0.312832
334;0.157664;0.021504;0.252416
335;0.242432;0.024576;0.288768
336;0.196;0.024576;0.29584
337;0.2216;0.026624;0.303616
338;0.46912;0.050176;0.586176
339;0.157984;0.021504;0.24288
340;0.578624;0.06144;0.705536
341;0.036096;0.008192;0.036032
342;0.261888;0.025344;0.301952
343;0.247264;0.023744;0.293312
344;0.261408;0.0256;0.30288
345;0.26128;0.0256;0.300992
346;0.281216;0.026624;0.313088
347;0.201216;0.023552;0.282528
348;0.49888;0.050176;0.64624
349;0.205088;0.024576;0.310944
350;0.247168;0.023552;0.30288
351;0.157952;0.021504;0.254464
352;0.486784;0.049152;0.609088
353;0.036096;0.008192;0.035712
354;0.467712;0.050176;0.58784
355;0.205632;0.024576;0.287648
356;0.20256;0.024576;0.302592
357;0.469184;0.050176;0.585728
358;0.200832;0.023552;0.302016
359;0.251424;0.024576;0.293248
360;0.2392;0.024576;0.385152
361;0.322976;0.023552;0.36624
362;0.379776;0.023552;0.329664
363;0.399456;0.023552;0.330016
364;0.822176;0.049152;0.81584
365;0.433056;0.026624;0.524768
366;0.805056;0.050176;0.753408
367;0.322656;0.02048;0.288576
368;0.316;0.024576;0.349344
369;0.226528;0.021504;0.289536
370;0.361568;0.023552;0.36544
371;0.836832;0.050176;0.946464
372;0.386784;0.026624;0.376352
373;0.372128;0.024576;0.426432
374;0.360416;0.026624;0.359936
375;0.364096;0.026624;0.348544
376;0.305856;0.023552;0.431008
377;0.286304;0.021504;0.336416
378;0.320608;0.024576;0.434592
379;1.00806;0.06144;0.851872
380;0.396288;0.026624;0.36016
381;0.326208;0.024576;0.340096
382;0.762016;0.050176;0.855104
383;0.36144;0.022528;0.338944
384;0.958272;0.06144;0.862016
385;0.747968;0.050176;0.771488
386;0.323904;0.022528;0.329664
387;0.316384;0.0256;0.348928
388;0.985568;0.06144;1.00765
389;0.23552;0.021504;0.262112
390;0.319392;0.024576;0.333728
391;0.036064;0.008192;0.03712
392;0.380672;0.024576;0.33088
393;0.330208;0.025664;0.379424
394;0.379616;0.023552;0.449472
395;0.036064;0.008192;0.035712
396;0.281568;0.026624;0.302912
397;0.264992;0.024576;0.29776
398;0.265024;0.024576;0.34704
399;0.198432;0.021504;0.238688
400;0.250784;0.022688;0.292256
401;0.262048;0.024576;0.283744
402;0.270176;0.024576;0.293728
403;0.26208;0.023552;0.284992
404;0.605216;0.050176;0.576832
405;0.29456;0.026624;0.322272
406;0.256288;0.023552;0.28256
407;0.615744;0.050176;0.567584
408;0.294656;0.026624;0.31392
409;0.2944;0.026624;0.29456
410;0.255264;0.024576;0.287264
411;0.278272;0.024576;0.301376
412;0.259392;0.023552;0.284192
413;0.287328;0.026624;0.361216
414;0.296544;0.026624;0.335616
415;0.649792;0.050176;0.575136
416;0.260384;0.023552;0.283584
417;0.270048;0.0256;0.3032
418;0.259904;0.023552;0.283648
419;0.306784;0.0256;0.32592
420;0.264352;0.024576;0.287296
421;0.036128;0.008192;0.03568
422;0.251104;0.023296;0.275488
423;0.619328;0.050176;0.603648
424;0.288832;0.024576;0.323264
425;0.26048;0.022528;0.29264
426;0.260128;0.024576;0.284576
427;0.273888;0.0256;0.322944
428;0.036064;0.008192;0.035712
429;0.036128;0.008192;0.0352
430;0.66336;0.049152;0.604064
431;0.297344;0.022528;0.339072
432;0.036128;0.008192;0.03568
433;0.264256;0.025344;0.288288
434;0.621024;0.050176;0.649344
435;0.744256;0.06144;0.695744
436;0.261568;0.023552;0.29408
437;0.315136;0.023552;0.272992
438;0.64288;0.050176;0.567936
439;0.264224;0.024576;0.2968
440;0.601536;0.049152;0.593376
441;0.263936;0.024576;0.342112
442;0.646144;0.049152;0.566368
443;0.34976;0.026624;0.312512
444;0.28304;0.026624;0.303872
445;0.261472;0.023552;0.284832
446;0.603328;0.050176;0.575776
447;0.036096;0.008192;0.035808
448;0.597472;0.050176;0.718752
449;0.199104;0.02048;0.27136
450;0.285216;0.026624;0.312544
451;0.279616;0.024576;0.316544
452;0.261056;0.024576;0.302144
453;0.285376;0.026624;0.322784
454;0.277056;0.026624;0.310528
455;0.296608;0.026624;0.395712
456;0.2072;0.020736;0.26192
457;0.200448;0.021504;0.225536
458;0.286272;0.026688;0.312
459;0.259712;0.023552;0.28304
460;0.252032;0.023552;0.309632
461;0.259776;0.022528;0.292288
462;0.286272;0.027648;0.312512
463;0.772768;0.06144;0.715648
464;0.828576;0.06144;0.6696
465;0.207296;0.02048;0.244192
466;0.303808;0.026688;0.3128
467;0.261504;0.023552;0.284448
468;0.198368;0.02048;0.24272
469;0.261024;0.024576;0.293696
470;0.26048;0.022528;0.283904
471;0.207328;0.02048;0.276256
472;0.285344;0.026624;0.313056
473;0.207328;0.021504;0.235136
474;0.341216;0.026624;0.313024
475;0.199008;0.021504;0.25344
476;0.250848;0.023552;0.283584
477;0.294464;0.026624;0.313024
478;0.03616;0.008416;0.035712
479;0.753184;0.06144;0.754016
480;0.036096;0.008192;0.035744
481;0.259776;0.02432;0.283424
482;0.283488;0.024576;0.296256
483;0.321504;0.024576;0.2944
484;0.345344;0.026624;0.30304
485;0.596992;0.050176;0.557856
486;0.2696;0.023552;0.284384
487;0.684896;0.050176;0.576224
488;0.26112;0.023552;0.293312
489;0.737632;0.06144;0.688096
490;0.364224;0.026624;0.303872
491;0.198432;0.021504;0.241184
492;0.800192;0.06144;0.8104
493;0.261088;0.023552;0.301664
494;0.295936;0.026624;0.304032
495;0.286208;0.026624;0.303744
496;0.25968;0.023552;0.292352
497;0.307072;0.0256;0.302688
498;0.203264;0.021504;0.242528
499;0.283424;0.026624;0.295104
500;0.28624;0.026624;0.303904
501;0.280992;0.026624;0.304032
502;0.25088;0.023552;0.274016
503;0.207264;0.02048;0.244704
504;0.208512;0.021504;0.254304
505;0.208896;0.021504;0.243776
506;0.289408;0.027648;0.313248
507;0.250528;0.024576;0.283456
508;0.036096;0.008192;0.035712
509;0.605664;0.049152;0.585856
510;0.27456;0.024576;0.296448
511;0.216512;0.02064;0.234496
512;0.20768;0.021504;0.235072
513;0.198016;0.024576;0.234528
514;0.294592;0.027648;0.314304
515;0.295456;0.026624;0.304288
516;0.259392;0.023552;0.293376
517;0.294368;0.026624;0.321792
518;0.274048;0.024576;0.306176
519;0.036096;0.008192;0.035712
520;0.294592;0.026624;0.322816
521;0.307168;0.0256;0.32064
522;0.667232;0.050176;0.62256
523;0.620864;0.050176;0.612896
524;0.294592;0.026624;0.313088
525;0.294464;0.026624;0.30304
526;0.864352;0.06144;0.755584
527;0.349888;0.026624;0.318464
528;0.207264;0.021504;0.278464
529;0.276672;0.026624;0.322752
530;0.716384;0.050176;0.724224
531;0.312992;0.026624;0.375392
532;0.036096;0.008192;0.035712
533;0.27952;0.024576;0.284224
534;0.27024;0.0256;0.311328
535;0.285376;0.026624;0.303616
536;0.333472;0.026624;0.302176
537;0.270272;0.0256;0.320768
538;0.259424;0.022528;0.283936
539;0.216608;0.02048;0.261664
540;0.761952;0.06144;0.70672
541;0.036128;0.008192;0.035712
542;0.312864;0.026624;0.340544
543;0.255424;0.024576;0.287904
544;0.698528;0.050176;0.622528
545;0.20832;0.02048;0.262144
546;0.251296;0.023552;0.282144
547;0.324608;0.024576;0.283072
548;0.29488;0.026624;0.30336
549;0.260736;0.022528;0.292768
550;0.334464;0.024576;0.302144
551;0.264352;0.024576;0.288864
552;0.712032;0.050176;0.602528
553;0.199136;0.02048;0.243872
554;0.199488;0.021504;0.225504
555;0.322688;0.022688;0.282624
556;0.976384;0.06144;0.81424
557;0.304832;0.026624;0.350336
558;0.268512;0.023552;0.301152
559;0.661888;0.050176;0.612992
560;0.642624;0.050176;0.70704
561;0.036096;0.008192;0.03584
562;0.207712;0.02048;0.260448
563;0.279584;0.0256;0.311136
564;0.036256;0.008256;0.035776
565;0.651808;0.050176;0.604224
566;0.597984;0.050176;0.59376
567;0.235808;0.02048;0.253216
568;0.221504;0.021504;0.312576
569;0.295456;0.026784;0.311968
570;0.207456;0.021504;0.288832
571;0.269888;0.0256;0.312096
572;0.616768;0.050176;0.624032
573;0.681696;0.050176;0.604224
574;0.296512;0.026624;0.312512
575;0.270048;0.0256;0.303232
576;0.80016;0.06144;0.704352
577;0.606912;0.050176;0.612416
578;0.343904;0.0256;0.335648
579;0.702048;0.049152;0.66416
580;0.322528;0.026624;0.314912
581;0.754112;0.06144;0.753696
582;0.207008;0.02048;0.263008
583;0.358112;0.022528;0.28272
584;0.20752;0.02048;0.252896
585;0.254912;0.024576;0.296704
586;0.271392;0.024576;0.29264
587;0.713824;0.050176;0.59696
588;0.29728;0.023552;0.321696
589;0.208352;0.02048;0.27104
590;0.266368;0.024576;0.29584
591;0.289344;0.0256;0.38352
592;0.655776;0.050176;0.592768
593;0.269856;0.023552;0.31344
594;0.909792;0.061536;0.68784
595;0.260896;0.023552;0.323488
596;0.036128;0.008192;0.036
597;0.250528;0.02432;0.283904
598;0.259904;0.023552;0.28368
599;0.036096;0.008192;0.035712
600;0.638336;0.050176;0.584928
601;0.036128;0.008192;0.03568
602;0.67248;0.050176;0.65872
603;0.662592;0.049152;0.603488
604;0.208224;0.02048;0.23424
605;0.269344;0.022528;0.285088
606;0.91088;0.06144;0.687616
607;0.036128;0.008192;0.035712
608;0.273568;0.024576;0.297024
609;0.251584;0.023552;0.275264
610;0.262656;0.024576;0.28512
611;0.372448;0.023552;0.292704
612;0.206976;0.020768;0.243648
613;0.260128;0.023552;0.283616
614;0.28624;0.026656;0.301728
615;0.257856;0.021504;0.277056
616;0.268896;0.022528;0.302016
617;0.277088;0.026624;0.303296
618;0.285344;0.026624;0.3136
619;0.818624;0.06144;0.714432
620;0.26896;0.023552;0.347712
621;0.285376;0.026752;0.322464
622;0.285248;0.026624;0.303872
623;0.615488;0.049152;0.585344
624;0.288352;0.023552;0.292512
625;0.260096;0.023552;0.282624
626;0.271296;0.024576;0.309088
627;0.259808;0.023744;0.34464
628;0.25984;0.023552;0.301856
629;0.83824;0.06144;0.759776
630;0.198496;0.021504;0.250208
631;0.285248;0.026624;0.321632
632;0.2128;0.02048;0.25568
633;0.036096;0.008192;0.035712
634;0.309056;0.026624;0.293312
635;0.270208;0.024576;0.303264
636;0.261568;0.023552;0.274208
637;0.298016;0.0256;0.3032
638;0.626304;0.050176;0.612544
639;0.91184;0.06144;0.686944
640;0.269888;0.024576;0.30288
641;0.670944;0.049152;0.732064
642;0.230912;0.02048;0.303552
643;0.258016;0.022528;0.283904
644;0.277056;0.026624;0.30304
645;0.642848;0.050176;0.622176
646;0.689088;0.050176;0.579552
647;0.262784;0.0256;0.293664
648;0.277024;0.026624;0.302976
649;0.259712;0.023552;0.28432
650;0.386912;0.026624;0.294272
651;0.216352;0.02048;0.252864
652;0.264288;0.024576;0.287552
653;0.276;0.026624;0.311616
654;0.285408;0.02688;0.302496
655;0.226496;0.02048;0.24448
656;0.28624;0.026624;0.303264
657;0.283136;0.024576;0.335424
658;0.304384;0.026624;0.326592
659;0.264288;0.024576;0.297312
660;0.286688;0.026624;0.294176
661;0.259776;0.022528;0.291904
662;0.036096;0.008192;0.03568
663;0.26064;0.02336;0.284928
664;0.259648;0.022528;0.2928
665;0.036064;0.008192;0.035712
666;0.280736;0.026624;0.302976
667;0.270304;0.024576;0.2944
668;0.207328;0.021504;0.243296
669;0.333248;0.023552;0.282016
670;0.35632;0.026624;0.294656
671;0.35008;0.026624;0.294016
672;0.036096;0.008256;0.035872
673;0.261152;0.0256;0.292992
674;0.359808;0.02672;0.304352
675;0.340864;0.026624;0.351552
676;0.684992;0.050176;0.576768
677;0.207936;0.02048;0.243872
678;0.3104;0.024576;0.339136
679;0.26192;0.023552;0.29376
680;0.267968;0.0256;0.30256
681;0.790624;0.06144;0.79744
682;0.036128;0.008192;0.03584
683;0.25568;0.023552;0.302464
684;0.277056;0.026848;0.303776
685;0.280832;0.026624;0.303552
686;0.350048;0.026624;0.346464
687;0.21328;0.021504;0.24224
688;0.319584;0.024576;0.29728
689;1.02205;0.06144;0.697088
690;0.366592;0.023552;0.274464
691;0.036096;0.008192;0.035744
692;0.270304;0.023552;0.35888
693;0.25936;0.022528;0.292288
694;0.616448;0.050176;0.592288
695;0.322112;0.026624;0.378528
696;0.036096;0.008256;0.03568
697;0.364416;0.026624;0.29376
698;0.248608;0.02048;0.27664
699;0.207584;0.021504;0.234752
700;0.207648;0.021504;0.243872
701;0.277728;0.022528;0.294336
702;0.270944;0.0256;0.283776
703;0.225792;0.02048;0.243168
704;0.279424;0.024576;0.294976
705;0.271648;0.0256;0.29296
706;0.270048;0.023552;0.354944
707;0.269408;0.024576;0.310624
708;0.2864;0.026624;0.305088
709;0.207328;0.021504;0.243648
710;0.199616;0.021504;0.234272
711;0.26144;0.024576;0.29296
712;0.270656;0.024576;0.295328
713;0.636768;0.050176;0.584608
714;0.285216;0.026624;0.322272
715;0.750592;0.050176;0.594912
716;0.27952;0.024576;0.337696
717;0.781728;0.06144;0.705536
718;0.226528;0.02048;0.24352
719;0.368704;0.026624;0.345984
720;0.251328;0.023552;0.284384
721;0.252096;0.023552;0.285664
722;0.27216;0.020736;0.23264
723;0.259712;0.023552;0.30208
724;0.036096;0.008192;0.03568
725;0.28128;0.026624;0.332032
726;0.277088;0.026624;0.303296
727;0.26992;0.024576;0.284
728;0.295456;0.026624;0.322176
729;0.62544;0.050176;0.613376
730;0.368672;0.026624;0.305376
731;0.27616;0.026624;0.293312
732;0.250912;0.024576;0.292736
733;0.264288;0.024576;0.287392
734;0.350208;0.026624;0.303808
735;0.036128;0.008192;0.035712
736;0.660992;0.050176;0.605472
737;0.786368;0.061184;0.705888
738;0.298048;0.02432;0.301888
739;0.216672;0.02048;0.23376
740;0.313856;0.026624;0.330912
741;0.036352;0.008192;0.03568
742;0.6104;0.049152;0.593472
743;0.615968;0.049408;0.639104
744;0.25232;0.023552;0.284096
745;0.198496;0.021504;0.23456
746;0.320832;0.023552;0.283872
747;0.036096;0.008192;0.035712
748;0.341696;0.026624;0.304864
749;0.340672;0.0256;0.292448
750;0.271936;0.0256;0.311392
751;0.253312;0.024576;0.31056
752;0.251232;0.023552;0.293312
753;0.265344;0.024576;0.286784
754;0.285376;0.026624;0.30384
755;0.207872;0.021504;0.244384
756;0.26304;0.024576;0.301664
757;0.036096;0.008192;0.035712
758;0.282496;0.025344;0.295968
759;0.279456;0.024576;0.284448
760;0.635232;0.050176;0.603072
761;0.285248;0.026624;0.321792
762;0.650912;0.050176;0.723584
763;0.262976;0.021504;0.243552
764;0.771168;0.06144;0.69776
765;0.272576;0.0256;0.311392
766;0.671456;0.050176;0.583008
767;0.270176;0.024576;0.300704
768;0.313472;0.026624;0.33152
769;0.30368;0.026624;0.331104
770;0.273536;0.024576;0.295808
771;0.304224;0.023552;0.302016
772;0.653216;0.050176;0.640992
773;0.30384;0.026624;0.331168
774;0.305728;0.026624;0.321664
775;0.269888;0.0256;0.303328
776;0.330016;0.0256;0.302176
777;0.288672;0.0256;0.32112
778;0.036256;0.008224;0.035712
779;0.269952;0.02432;0.302176
780;0.20864;0.021504;0.243808
781;0.036128;0.008192;0.035712
782;0.274464;0.02432;0.311136
783;0.217088;0.021504;0.244128
784;0.377504;0.0256;0.301184
785;0.036128;0.008192;0.035744
786;0.312864;0.026624;0.320896
787;0.325824;0.022752;0.322464
788;0.259904;0.022784;0.292256
789;0.334208;0.023552;0.302304
790;0.225376;0.02048;0.242976
791;0.386944;0.026624;0.302432
792;0.036128;0.008192;0.035712
793;0.2824;0.025344;0.337952
794;0.637664;0.049152;0.631136
795;0.701472;0.049152;0.756192
796;0.826496;0.06144;0.752064
797;0.304224;0.026624;0.33232
798;0.268704;0.023552;0.313984
799;0.304832;0.026624;0.32176
800;0.655392;0.049152;0.622464
801;0.304672;0.026624;0.330944
802;0.216608;0.02048;0.24368
803;0.316576;0.024576;0.31344
804;0.404288;0.023552;0.32976
805;0.245056;0.02048;0.283072
806;0.314656;0.022528;0.35376
807;0.321216;0.023552;0.346784
808;0.350912;0.026624;0.349728
809;0.341248;0.026624;0.34912
810;0.29696;0.024576;0.347488
811;0.306848;0.0256;0.339072
812;0.979008;0.06144;0.913472
813;0.331456;0.026624;0.354528
814;0.315456;0.023552;0.370944
815;0.036096;0.008192;0.035712
816;0.2416;0.02048;0.271264
817;0.369536;0.026624;0.36704
818;0.343936;0.0256;0.340032
819;0.297824;0.026624;0.347296
820;0.340672;0.026624;0.34992
821;0.036064;0.009216;0.035712
822;1.05222;0.06144;0.87216
823;0.306272;0.024576;0.347136
824;0.368032;0.0256;0.347968
825;0.036064;0.009216;0.035712
826;0.757088;0.049152;0.752384
827;0.319744;0.024576;0.351136
828;0.819072;0.050176;0.756704
829;0.306272;0.023552;0.33856
830;0.332352;0.026624;0.3392
831;0.79616;0.050176;0.78208
832;0.328832;0.024576;0.381952
833;0.331328;0.026624;0.34912
834;0.316352;0.024576;0.339424
835;0.379136;0.026624;0.350464
836;0.277344;0.021504;0.290144
837;0.23632;0.021504;0.2712
838;0.371552;0.0256;0.340032
839;0.295552;0.024576;0.347168
840;0.33472;0.0256;0.340032
841;0.801888;0.050176;0.822624
842;0.353216;0.024576;0.344064
843;0.377824;0.026624;0.34992
844;0.311392;0.024576;0.357312
845;0.753408;0.050176;0.760576
846;0.328928;0.024576;0.403008
847;0.306368;0.023552;0.337344
848;0.312928;0.0256;0.348256
849;0.322912;0.021504;0.314848
850;0.359552;0.026624;0.35776
851;0.290624;0.021504;0.262208
852;0.33392;0.023552;0.375168
853;0.314816;0.022528;0.3384
854;0.350208;0.026624;0.359968
855;0.359264;0.026624;0.367296
856;0.238432;0.021504;0.280576
857;0.036064;0.008192;0.035712
858;0.226048;0.02048;0.262592
859;0.350048;0.026624;0.339712
860;0.768128;0.050176;0.811296
861;0.306496;0.022528;0.328352
862;0.757824;0.050176;0.76944
863;0.948192;0.06144;0.949408
864;0.331328;0.026624;0.348928
865;0.234624;0.020512;0.280256
866;0.036064;0.008192;0.035712
867;0.830848;0.049152;0.75696
868;0.829184;0.06144;0.82784
869;0.818176;0.06144;0.75296
870;0.279904;0.023552;0.293248
871;0.294592;0.026624;0.313088
872;0.297952;0.024576;0.311552
873;0.367008;0.0256;0.293376
874;0.036096;0.008192;0.035712
875;0.817632;0.06144;0.760544
876;0.27008;0.024576;0.311296
877;0.314944;0.026624;0.331712
878;0.302432;0.026752;0.331488
879;0.286848;0.026624;0.30368
880;0.29456;0.026624;0.322272
881;0.647648;0.049152;0.677056
882;0.279552;0.024576;0.322816
883;0.288928;0.0256;0.31344
884;0.240256;0.02048;0.279648
885;0.288832;0.024576;0.302176
886;0.368768;0.026624;0.335712
887;0.682528;0.050176;0.64944
888;0.278208;0.023552;0.340064
889;0.279104;0.024576;0.283552
890;0.275776;0.023552;0.320448
891;0.279424;0.0256;0.312704
892;0.305696;0.026624;0.312064
893;0.27888;0.023552;0.292896
894;0.26896;0.022528;0.291808
895;0.278912;0.023552;0.294144
896;0.23072;0.021504;0.277248
897;0.26896;0.023552;0.28224
898;0.350688;0.026624;0.369216
899;0.27792;0.022528;0.283264
900;0.6424;0.050176;0.621088
901;0.280832;0.023552;0.310592
902;0.29936;0.0256;0.311072
903;0.208032;0.02048;0.24288
904;0.698624;0.050176;0.650688
905;0.26992;0.023552;0.292096
906;0.355584;0.026624;0.320896
907;0.287584;0.023552;0.311648
908;0.21648;0.02048;0.253088
909;0.288128;0.023552;0.300672
910;0.313024;0.026624;0.321824
911;0.283776;0.024576;0.32656
912;0.216512;0.02048;0.260768
913;0.306144;0.022528;0.347648
914;0.700288;0.049152;0.594304
915;0.32352;0.025632;0.363424
916;0.295392;0.026624;0.312864
917;0.635104;0.050176;0.6296
918;0.322432;0.026624;0.366976
919;0.297056;0.023552;0.2936
920;0.282464;0.023552;0.291936
921;0.332096;0.026624;0.321312
922;0.227456;0.021504;0.26912
923;0.643104;0.050176;0.689824
924;0.283136;0.024576;0.295456
925;0.303808;0.026624;0.323264
926;0.644928;0.050176;0.639904
927;0.30368;0.026624;0.321408
928;0.270112;0.023552;0.302304
929;0.222144;0.02048;0.252704
930;0.221536;0.021504;0.253408
931;0.287552;0.023552;0.31024
932;0.27856;0.023552;0.355136
933;0.330176;0.023552;0.301184
934;0.227104;0.021504;0.243264
935;0.303808;0.026624;0.312704
936;0.302848;0.024576;0.350592
937;0.304544;0.027648;0.322304
938;0.285216;0.023552;0.301952
939;0.302528;0.026624;0.330976
940;0.278176;0.024576;0.30976
941;0.28352;0.024576;0.30608
942;0.287584;0.024576;0.35056
943;0.217504;0.021504;0.253184
944;0.231648;0.021504;0.243072
945;0.72512;0.049152;0.650368
946;0.226112;0.021504;0.295136
947;0.298048;0.0256;0.302304
948;0.72752;0.050176;0.6424
949;0.221824;0.02048;0.25376
950;0.291936;0.024576;0.314464
951;0.303808;0.026624;0.313568
952;0.305312;0.026624;0.321152
953;0.29216;0.024576;0.305504
954;0.287872;0.023552;0.293664
955;0.809088;0.06144;0.770272
956;0.664096;0.050176;0.632064
957;0.036096;0.008192;0.035712
958;0.279488;0.024576;0.311072
959;0.313024;0.026624;0.313888
960;0.690752;0.050176;0.769408
961;0.3136;0.026656;0.320928
962;0.270304;0.023552;0.291968
963;0.208512;0.02048;0.261632
964;0.281536;0.024576;0.304544
965;0.216928;0.021504;0.25264
966;0.316352;0.0256;0.360768
967;0.30368;0.02672;0.32128
968;0.274208;0.024576;0.314912
969;0.226112;0.021504;0.251872
970;0.349632;0.023552;0.30224
971;0.315456;0.024576;0.362976
972;0.689504;0.050176;0.639616
973;0.278592;0.022528;0.363936
974;0.835584;0.06144;0.771296
975;0.283712;0.024576;0.305504
976;0.30928;0.026624;0.329856
977;0.222368;0.021504;0.297504
978;0.350624;0.026624;0.322016
979;0.782848;0.050176;0.6512
980;0.359296;0.026624;0.330592
981;0.216576;0.02048;0.256576
982;0.28896;0.0256;0.311904
983;0.294464;0.026624;0.330912
984;0.322816;0.026624;0.341696
985;0.242656;0.021504;0.24368
986;0.29024;0.0256;0.311424
987;0.280128;0.0256;0.320576
988;0.239616;0.02048;0.252288
989;0.235616;0.02048;0.26672
990;0.377728;0.026688;0.332032
991;0.66208;0.049152;0.623232
992;0.2408;0.021504;0.252416
993;0.301568;0.026624;0.321728
994;0.312864;0.026624;0.342272
995;0.289248;0.024576;0.312096
996;0.311552;0.027648;0.330624
997;0.325728;0.0256;0.342816
998;0.901568;0.06144;0.836608
999;0.301056;0.024576;0.350016
1000;0.279008;0.023552;0.294784
1001;0.707648;0.049152;0.6328
1002;0.283552;0.024576;0.308128
1003;0.036192;0.008192;0.03568
1004;0.358976;0.026624;0.357376
1005;0.313728;0.026624;0.381344
1006;0.279584;0.023552;0.293504
1007;0.294592;0.026624;0.313312
1008;0.280192;0.0256;0.32032
1009;0.288544;0.024576;0.320864
1010;0.304704;0.026624;0.32128
1011;0.30448;0.026656;0.321952
1012;0.294432;0.026624;0.311968
1013;0.27824;0.024576;0.358176
1014;0.283456;0.024576;0.295488
1015;0.280128;0.024576;0.302336
1016;0.30608;0.026624;0.321152
1017;0.29856;0.0256;0.32176
1018;0.03616;0.008224;0.035712
1019;0.278464;0.02432;0.311488
1020;0.341344;0.026816;0.3304
1021;0.304512;0.026624;0.32176
1022;0.30368;0.026784;0.331648
1023;0.275968;0.024576;0.29792
1024;0.645664;0.050176;0.630688
1025;0.304416;0.026624;0.303616
1026;0.278912;0.023552;0.313056
1027;0.298912;0.0256;0.320288
1028;0.30384;0.026624;0.321952
1029;0.309824;0.026624;0.320832
1030;0.792032;0.06144;0.804064
1031;0.845568;0.06144;0.761056
1032;0.31472;0.023552;0.336832
1033;0.297952;0.0256;0.329088
1034;0.289376;0.0256;0.303168
1035;0.30016;0.024576;0.312
1036;0.305536;0.026624;0.312512
1037;0.312896;0.026624;0.312384
1038;0.226272;0.02048;0.24304
1039;0.672896;0.049152;0.639808
1040;0.647232;0.050176;0.60192
1041;0.289184;0.0256;0.313728
1042;0.288288;0.0256;0.327296
1043;0.314016;0.026624;0.31264
1044;0.21616;0.020544;0.242752
1045;0.30368;0.026624;0.323328
1046;0.3136;0.026624;0.32176
1047;0.29792;0.023552;0.302592
1048;0.297984;0.024576;0.311456
1049;0.22208;0.02048;0.252704
1050;0.304768;0.023552;0.313024
1051;0.31056;0.024576;0.342912
1052;0.288352;0.0256;0.310688
1053;0.307328;0.022784;0.313088
1054;0.663648;0.050176;0.632064
1055;0.297824;0.02384;0.331296
1056;0.216416;0.02048;0.243488
1057;0.288832;0.023552;0.302848
1058;0.331936;0.026624;0.330336
1059;0.279616;0.023552;0.302848
1060;0.29792;0.024576;0.311712
1061;0.33216;0.026624;0.322272
1062;0.231744;0.021504;0.251584
1063;0.30784;0.0256;0.320288
1064;0.313024;0.026624;0.322304
1065;0.819072;0.06144;0.741888
1066;0.305408;0.026624;0.330496
1067;0.28928;0.0256;0.31216
1068;0.282464;0.024576;0.305536
1069;0.85648;0.06144;0.781536
1070;0.28704;0.023552;0.292064
1071;0.28816;0.024576;0.300896
1072;0.335488;0.024576;0.294016
1073;0.304704;0.026624;0.321056
1074;0.270336;0.024576;0.311072
1075;0.776288;0.06144;0.741792
1076;0.299232;0.026624;0.311808
1077;0.312;0.026624;0.323136
1078;0.273216;0.024576;0.287136
1079;0.216512;0.02048;0.28224
1080;0.900832;0.060416;0.735968
1081;0.278144;0.022528;0.282848
1082;0.325472;0.024576;0.36432
1083;0.65728;0.049152;0.706976
1084;0.319488;0.024576;0.318464
1085;0.036096;0.008192;0.035712
1086;0.036096;0.008192;0.035264
1087;0.798848;0.06144;0.74192
1088;0.279936;0.023552;0.2928
1089;0.226016;0.021504;0.243424
1090;0.3288;0.024576;0.305728
1091;0.287808;0.023552;0.326016
1092;0.30384;0.026624;0.313824
1093;0.919616;0.06144;0.734016
1094;0.28064;0.024576;0.30192
1095;0.36832;0.026624;0.313024
1096;0.702944;0.050176;0.638816
1097;0.30368;0.026624;0.311968
1098;0.036096;0.008224;0.03568
1099;0.323136;0.026624;0.382112
1100;0.29504;0.026624;0.312704
1101;0.280608;0.0256;0.309856
1102;0.276672;0.021504;0.272928
1103;0.306784;0.024576;0.309184
1104;0.317504;0.0256;0.311072
1105;0.301152;0.024576;0.307168
1106;0.304288;0.026624;0.321408
1107;0.402304;0.026624;0.335232
1108;0.303584;0.026752;0.31168
1109;0.269472;0.022528;0.301152
1110;0.306368;0.023552;0.301888
1111;0.289792;0.0256;0.302848
1112;0.290464;0.026624;0.302176
1113;0.280128;0.0256;0.302272
1114;0.287712;0.024576;0.354848
1115;0.31408;0.026624;0.323104
1116;0.288384;0.023552;0.30304
1117;0.420544;0.026624;0.312544
1118;0.351104;0.026624;0.332192
1119;0.27856;0.022528;0.301984
1120;0.304672;0.026624;0.311744
1121;0.295648;0.026624;0.312736
1122;0.216896;0.021504;0.23472
1123;0.323136;0.026624;0.40976
1124;0.844576;0.06144;0.762304
1125;0.677056;0.050176;0.649696
1126;0.304832;0.026624;0.350048
1127;0.036128;0.008192;0.03568
1128;0.287072;0.023552;0.292512
1129;0.036128;0.008192;0.035712
1130;0.279488;0.0256;0.312032
1131;0.280672;0.023552;0.303424
1132;0.876448;0.050176;0.657888
1133;0.721568;0.050176;0.651552
1134;0.29456;0.026624;0.312864
1135;0.245152;0.02048;0.242976
1136;0.036096;0.008192;0.035808
1137;0.304544;0.024576;0.30192
1138;0.29168;0.024576;0.350112
1139;0.860576;0.06144;0.752544
1140;0.20752;0.021504;0.234208
1141;0.22096;0.020512;0.304864
1142;0.3048;0.026624;0.322784
1143;0.309984;0.02048;0.243872
1144;0.296352;0.022656;0.310176
1145;0.31088;0.026912;0.312544
1146;0.295488;0.026624;0.322688
1147;0.869312;0.06144;0.863456
1148;0.28848;0.0256;0.302336
1149;0.349504;0.022528;0.360832
1150;0.699488;0.050176;0.664512
1151;0.688544;0.049408;0.687424
1152;0.03616;0.008192;0.035712
1153;0.294528;0.026624;0.311744
1154;0.288384;0.024576;0.302688
1155;0.4016;0.026624;0.303296
1156;0.29168;0.024576;0.367904
1157;0.71904;0.050176;0.745504
1158;0.288928;0.024576;0.313952
1159;0.868192;0.06144;0.770976
1160;0.396768;0.026656;0.313568
1161;0.850336;0.06144;0.750592
1162;0.784928;0.06144;0.760352
1163;0.291936;0.024576;0.324288
1164;0.279392;0.0256;0.379232
1165;0.720128;0.049408;0.616512
1166;0.279424;0.024576;0.301888
1167;0.273472;0.02048;0.242848
1168;0.297824;0.024576;0.303488
1169;0.79984;0.06144;0.79888
1170;0.27968;0.023552;0.306016
1171;0.361952;0.02384;0.311136
1172;0.245248;0.02048;0.252608
1173;0.280416;0.024576;0.301856
1174;0.849952;0.06144;0.769952
1175;0.289632;0.0256;0.3208
1176;0.701856;0.049152;0.630688
1177;0.295456;0.026624;0.312576
1178;0.239488;0.02048;0.252608
1179;0.331776;0.026624;0.327872
1180;0.245632;0.02048;0.25552
1181;0.036128;0.008192;0.035712
1182;0.036096;0.008192;0.035264
1183;0.313536;0.026624;0.32224
1184;0.33216;0.026624;0.390144
1185;0.295456;0.026624;0.319744
1186;0.036096;0.008192;0.035712
1187;0.036096;0.008192;0.035232
1188;0.79024;0.060416;0.742816
1189;0.30752;0.024576;0.312384
1190;0.216864;0.021504;0.252864
1191;0.3072;0.023552;0.35072
1192;0.221344;0.021504;0.305568
1193;0.282592;0.024576;0.306048
1194;0.216512;0.020704;0.242976
1195;0.883424;0.06144;0.75808
1196;0.33104;0.024576;0.292992
1197;0.036096;0.008192;0.035744
1198;0.333632;0.025344;0.305536
1199;0.33888;0.024576;0.2968
1200;0.366912;0.023552;0.292096
1201;0.288128;0.023552;0.31104
1202;0.794656;0.04944;0.628608
1203;0.304704;0.026624;0.388576
1204;0.288416;0.024576;0.349856
1205;0.303648;0.026624;0.321376
1206;0.206944;0.02048;0.252096
1207;0.674944;0.050176;0.639264
1208;0.313056;0.026816;0.33152
1209;0.292928;0.024576;0.305536
1210;0.288224;0.023552;0.292832
1211;0.280448;0.024576;0.31056
1212;0.303808;0.026624;0.304544
1213;0.88288;0.06144;0.821792
1214;0.347296;0.024576;0.302496
1215;0.29216;0.024576;0.305536
1216;0.304672;0.026624;0.311488
1217;0.313056;0.026624;0.331488
1218;0.297056;0.024576;0.320544
1219;0.217024;0.021504;0.243264
1220;0.278912;0.022528;0.293632
1221;0.344032;0.024576;0.301632
1222;0.307744;0.0256;0.302656
1223;0.289376;0.023552;0.302464
1224;0.284096;0.024576;0.302432
1225;0.30464;0.026624;0.312064
1226;0.036128;0.008256;0.035808
1227;0.03616;0.008192;0.035264
1228;0.812288;0.06144;0.770464
1229;0.303872;0.026624;0.323296
1230;0.711936;0.050176;0.622464
1231;0.30368;0.026624;0.311968
1232;0.859168;0.060416;0.751488
1233;0.270784;0.022528;0.3064
1234;0.03632;0.009216;0.035712
1235;0.297888;0.024576;0.30288
1236;0.2776;0.023552;0.312064
1237;0.342912;0.023712;0.32016
1238;0.88304;0.06144;0.775584
1239;0.288736;0.0256;0.311392
1240;0.287008;0.022528;0.303776
1241;0.216448;0.02048;0.243296
1242;0.30928;0.024576;0.302176
1243;0.287424;0.023552;0.311072
1244;0.79664;0.06144;0.769568
1245;0.307232;0.022528;0.310144
1246;0.036128;0.008192;0.035712
1247;0.288704;0.0256;0.302208
1248;0.29216;0.024576;0.342592
1249;0.235232;0.02048;0.241952
1250;0.290528;0.024576;0.302176
1251;0.319808;0.024576;0.297408
1252;0.300576;0.026624;0.321792
1253;0.370816;0.024576;0.36224
1254;0.26992;0.023552;0.293312
1255;0.288032;0.023552;0.320448
1256;0.231136;0.021504;0.243776
1257;0.279424;0.024576;0.302176
1258;0.27888;0.022528;0.301568
1259;0.748544;0.049152;0.622272
1260;0.85584;0.06144;0.856608
1261;0.28896;0.023552;0.300896
1262;0.272224;0.021504;0.243744
1263;0.768704;0.050176;0.6264
1264;0.319168;0.026816;0.321728
1265;0.312896;0.026624;0.370752
1266;0.278592;0.023552;0.303296
1267;0.279072;0.023552;0.301504
1268;0.302464;0.026624;0.312736
1269;0.27008;0.023552;0.29312
1270;0.282528;0.024576;0.305856
1271;0.304672;0.026624;0.321248
1272;0.25824;0.021504;0.24256
1273;0.313056;0.026624;0.331168
1274;0.304704;0.026656;0.31184
1275;0.340704;0.023552;0.359616
1276;0.227488;0.02048;0.252288
1277;0.413376;0.026624;0.330624
1278;0.287904;0.024576;0.32
1279;0.66288;0.049152;0.612736
1280;0.217344;0.021504;0.262592
1281;0.664672;0.049152;0.648224
1282;0.287744;0.023552;0.376544
1283;0.303808;0.026624;0.32208
1284;0.270048;0.024576;0.302432
1285;0.2976;0.024576;0.303232
1286;0.845952;0.06144;0.743968
1287;0.291968;0.024576;0.31472
1288;0.274784;0.022528;0.312032
1289;0.036096;0.009216;0.035712
1290;0.288096;0.023456;0.301504
1291;0.278912;0.023552;0.293088
1292;0.359424;0.026624;0.382464
1293;0.30368;0.026624;0.311744
1294;0.27792;0.022528;0.3016
1295;0.290624;0.024576;0.311424
1296;0.217568;0.020512;0.247968
1297;0.298016;0.023552;0.302624
1298;0.288128;0.023552;0.312064
1299;0.303808;0.026624;0.331232
1300;0.269408;0.023552;0.302272
1301;0.268864;0.023552;0.301568
1302;0.243904;0.02048;0.253088
1303;0.036096;0.008192;0.035712
1304;0.297888;0.024576;0.311904
1305;0.270688;0.023552;0.30992
1306;0.273696;0.023552;0.292864
1307;0.273504;0.024576;0.296352
1308;0.279456;0.024576;0.293728
1309;0.036224;0.008192;0.035744
1310;0.68528;0.050176;0.642848
1311;0.658272;0.050176;0.616224
1312;0.66976;0.049152;0.658528
1313;0.640352;0.050176;0.640992
1314;0.781824;0.06144;0.788896
1315;0.288192;0.022528;0.302016
1316;0.330368;0.023552;0.32528
1317;0.323264;0.026624;0.332992
1318;0.272224;0.022528;0.31168
1319;0.216576;0.022528;0.243264
1320;0.269248;0.02384;0.301344
1321;0.336608;0.024576;0.31152
1322;0.287776;0.023552;0.311552
1323;0.28816;0.024576;0.301408
1324;0.90144;0.06144;0.770464
1325;0.639488;0.050176;0.623072
1326;0.307296;0.023552;0.312032
1327;0.290464;0.024576;0.301152
1328;0.28736;0.023552;0.301568
1329;0.799712;0.06144;0.741888
1330;0.312864;0.026624;0.320928
1331;0.362272;0.023552;0.302304
1332;0.288384;0.024576;0.309344
1333;0.642656;0.050176;0.651136
1334;0.322272;0.026624;0.322272
1335;0.647872;0.050176;0.623584
1336;0.31776;0.024576;0.318816
1337;0.239392;0.02048;0.252608
1338;0.300384;0.026656;0.33152
1339;0.036096;0.008192;0.035744
1340;0.80464;0.050176;0.633408
1341;0.647008;0.049152;0.63072
1342;0.86544;0.06144;0.761568
1343;0.326496;0.0256;0.31136
1344;0.27952;0.0256;0.302176
1345;0.278496;0.023552;0.310784
1346;0.41232;0.026624;0.3024
1347;0.6864;0.050176;0.641824
1348;0.207328;0.02048;0.243392
1349;0.292896;0.024576;0.29696
1350;0.840704;0.06144;0.778592
1351;0.314944;0.026624;0.319136
1352;0.303808;0.02672;0.331456
1353;0.31392;0.026624;0.3024
1354;0.786784;0.06144;0.788512
1355;0.03616;0.008192;0.035904
1356;0.859744;0.06144;0.761568
1357;0.28848;0.0256;0.320608
1358;0.036192;0.008192;0.035712
1359;0.312832;0.026624;0.330048
1360;0.26736;0.023552;0.302528
1361;0.270432;0.023552;0.29312
1362;0.278624;0.023552;0.292608
1363;0.30464;0.026624;0.319872
1364;0.279584;0.024576;0.302368
1365;0.709184;0.050176;0.639904
1366;0.307168;0.023552;0.321376
1367;0.296256;0.023552;0.31536
1368;0.036096;0.008192;0.03568
1369;0.32224;0.027392;0.322112
1370;0.667936;0.050176;0.632096
1371;0.285024;0.023552;0.311264
1372;0.647968;0.050176;0.624416
1373;0.30416;0.026848;0.31408
1374;0.66768;0.050176;0.640256
1375;0.036096;0.008256;0.035712
1376;0.313024;0.026624;0.322944
1377;0.216928;0.021504;0.24336
1378;0.293088;0.026624;0.321728
1379;0.280192;0.0256;0.312384
1380;0.27072;0.023552;0.302016
1381;0.278944;0.023552;0.302304
1382;0.638976;0.050176;0.612256
1383;0.288768;0.023552;0.3112
1384;0.303808;0.026624;0.303872
1385;0.288544;0.022528;0.35424
1386;0.760704;0.050176;0.622528
1387;0.036128;0.008384;0.035712
1388;0.304448;0.026624;0.312768
1389;0.273184;0.024576;0.298336
1390;0.368704;0.026624;0.38176
1391;0.27408;0.024576;0.297088
1392;0.217568;0.021504;0.252192
1393;0.036096;0.008256;0.035744
1394;0.226464;0.02048;0.25344
1395;0.207072;0.02048;0.255424
1396;0.308608;0.026624;0.313216
1397;0.711104;0.049408;0.687424
1398;0.644064;0.050176;0.623072
1399;0.291392;0.026624;0.321728
1400;0.269152;0.023552;0.3024
1401;0.273184;0.024576;0.296352
1402;0.26928;0.023552;0.301568
1403;0.279264;0.024576;0.300576
1404;0.29456;0.026624;0.313056
1405;0.036128;0.008192;0.035712
1406;0.304544;0.026624;0.313056
1407;0.702784;0.050176;0.612832
1408;0.294432;0.026624;0.321664
1409;0.225792;0.021504;0.261664
1410;0.288704;0.024576;0.303232
1411;0.684832;0.049152;0.69024
1412;0.280256;0.0256;0.303712
1413;0.332064;0.026624;0.331328
1414;0.268608;0.021504;0.278016
1415;0.287136;0.023552;0.300224
1416;0.295712;0.026624;0.322112
1417;0.729536;0.049152;0.639872
1418;0.30368;0.026624;0.312032
1419;0.341568;0.026624;0.322816
1420;0.837248;0.06144;0.760224
1421;0.818464;0.06144;0.780992
1422;0.207904;0.021504;0.235168
1423;0.719392;0.050176;0.658656
1424;0.681568;0.050176;0.650304
1425;0.296512;0.026624;0.321696
1426;0.658176;0.050176;0.642464
1427;0.291936;0.024576;0.337408
1428;0.216992;0.021504;0.253088
1429;0.647648;0.049152;0.639968
1430;0.297696;0.0256;0.314208
1431;0.036064;0.008192;0.035712
1432;0.794912;0.050176;0.641088
1433;0.297056;0.02272;0.358976
1434;0.279616;0.023552;0.310784
1435;0.269984;0.024576;0.301408
1436;0.036128;0.008256;0.035712
1437;0.31152;0.026624;0.3104
1438;0.036096;0.008192;0.035712
1439;0.304672;0.027392;0.330944
1440;0.287392;0.024576;0.301824
1441;0.344576;0.024576;0.356416
1442;0.282848;0.024576;0.305504
1443;0.69328;0.050176;0.611936
1444;0.932928;0.06144;0.91856
1445;0.31728;0.024576;0.338304
1446;0.036064;0.008416;0.03568
1447;0.235328;0.02048;0.262336
1448;0.767552;0.050176;0.769792
1449;0.813248;0.050176;0.799488
1450;0.307168;0.024576;0.337952
1451;1.02048;0.06144;0.880864
1452;0.3008;0.024576;0.325536
1453;0.335136;0.0256;0.365888
1454;0.768448;0.049152;0.731968
1455;0.306464;0.023552;0.347456
1456;0.920448;0.050176;0.74128
1457;0.758208;0.050176;0.760544
1458;0.299264;0.026624;0.339904
1459;0.27136;0.0256;0.301856
1460;0.359296;0.026688;0.311648
1461;0.277792;0.022528;0.310656
1462;0.295072;0.026624;0.321248
1463;0.26944;0.024576;0.3456
1464;0.036064;0.008192;0.035712
1465;0.269056;0.02432;0.311744
1466;0.298016;0.0256;0.31984
1467;0.325216;0.022528;0.312064
1468;0.8088;0.06144;0.884736
1469;0.818368;0.06144;0.732672
1470;0.216832;0.021504;0.23424
1471;0.640192;0.050176;0.652224
1472;0.287808;0.022528;0.311648
1473;0.28;0.024576;0.311488
1474;0.036096;0.008192;0.035712
1475;0.269184;0.02432;0.309984
1476;0.657472;0.050176;0.667712
1477;0.270144;0.023552;0.319008
1478;0.269376;0.023552;0.283552
1479;0.2752;0.023552;0.284448
1480;0.31936;0.024576;0.32704
1481;0.036096;0.008192;0.03568
1482;0.675008;0.050176;0.622336
1483;0.278112;0.023552;0.338016
1484;0.703648;0.050176;0.631776
1485;0.64096;0.050176;0.639936
1486;0.635808;0.050176;0.640224
1487;0.6456;0.050176;0.612256
1488;0.217568;0.021504;0.253408
1489;0.216128;0.02048;0.251328
1490;0.79264;0.06144;0.732704
1491;0.31392;0.026624;0.33008
1492;0.667808;0.050176;0.704768
1493;0.217504;0.020608;0.25504
1494;0.292064;0.024576;0.314432
1495;0.288672;0.024576;0.320352
1496;0.817984;0.06144;0.724384
1497;0.63744;0.050176;0.612416
1498;0.295616;0.026624;0.322848
1499;0.036096;0.008192;0.035744
1500;0.275776;0.023552;0.312032
1501;0.295488;0.027648;0.302528
1502;0.282624;0.024608;0.288096
1503;0.819584;0.06144;0.751584
1504;0.316512;0.023552;0.315744
1505;0.278304;0.02384;0.350528
1506;0.279552;0.024576;0.33744
1507;0.279168;0.024576;0.31216
1508;0.813184;0.06144;0.778176
1509;0.289056;0.024576;0.302176
1510;0.303264;0.024576;0.296256
1511;0.28048;0.024576;0.311936
1512;0.227136;0.021504;0.234496
1513;0.303712;0.026624;0.303296
1514;0.036128;0.008416;0.035744
1515;0.208288;0.02048;0.233664
1516;0.221824;0.02048;0.266752
1517;0.297856;0.0256;0.32064
1518;0.271104;0.022528;0.292608
1519;0.26896;0.024576;0.31056
1520;0.640256;0.050176;0.631072
1521;0.659776;0.050176;0.613856
1522;0.28272;0.024576;0.31408
1523;0.036384;0.008192;0.03568
1524;0.289664;0.0256;0.32032
1525;0.21648;0.02048;0.242848
1526;0.318304;0.023552;0.293312
1527;0.648672;0.050176;0.612256
1528;0.036064;0.008224;0.035712
1529;0.277824;0.023296;0.310464
1530;0.270528;0.023552;0.301408
1531;0.216896;0.021504;0.252992
1532;0.308256;0.02272;0.321248
1533;0.279488;0.024576;0.284032
1534;0.216576;0.021504;0.258304
1535;0.313024;0.026624;0.332064
1536;0.217888;0.021504;0.234816
1537;0.858272;0.06144;0.780576
1538;0.036064;0.008192;0.035872
1539;0.657568;0.050176;0.659712
1540;0.225696;0.021504;0.234496
1541;0.276768;0.022752;0.311328
1542;0.294464;0.026624;0.311968
1543;0.29552;0.026624;0.313408
1544;0.628128;0.050176;0.661216
1545;0.298016;0.024576;0.320608
1546;0.269664;0.023552;0.310944
1547;0.280192;0.0256;0.29296
1548;0.290016;0.024576;0.31344
1549;0.287776;0.023552;0.358464
1550;0.296256;0.026624;0.332416
1551;0.2816;0.024576;0.302176
1552;0.279488;0.024576;0.294048
1553;0.269184;0.023552;0.311136
1554;0.304832;0.026624;0.33152
1555;0.301568;0.024576;0.305248
1556;0.216448;0.021504;0.280064
1557;0.647712;0.050176;0.624032
1558;0.629312;0.050176;0.604096
1559;0.28272;0.024576;0.297344
1560;0.288672;0.0256;0.311168
1561;0.249312;0.02048;0.26128
1562;0.656896;0.050176;0.660768
1563;0.304992;0.026624;0.3312
1564;0.036096;0.008448;0.035712
1565;0.279168;0.02432;0.310944
1566;0.294464;0.026624;0.338432
1567;0.294624;0.026624;0.312576
1568;0.28016;0.0256;0.291936
1569;0.268736;0.023552;0.310944
1570;0.27072;0.023552;0.292832
1571;0.294592;0.026624;0.322112
1572;0.29856;0.023552;0.30288
1573;0.294592;0.026624;0.303744
1574;0.7856;0.06144;0.742208
1575;0.303648;0.026624;0.330464
1576;0.273504;0.024576;0.316768
1577;0.639648;0.050176;0.698528
1578;0.649248;0.050176;0.65936
1579;0.62;0.050176;0.6408
1580;0.036128;0.008448;0.035776
1581;0.289472;0.0256;0.312256
1582;0.216832;0.021504;0.25328
1583;0.813504;0.06144;0.835584
1584;0.331552;0.024576;0.302176
1585;0.278176;0.022528;0.311264
1586;0.289696;0.0256;0.320096
1587;0.270528;0.023552;0.292288
1588;0.282592;0.024576;0.365536
1589;0.295616;0.026624;0.303808
1590;0.647744;0.050176;0.58544
1591;0.279456;0.0256;0.324896
1592;0.288384;0.022528;0.31152
1593;0.216128;0.02048;0.243264
1594;0.296288;0.022528;0.300992
1595;0.036096;0.008192;0.03568
1596;0.658208;0.050176;0.65968
1597;0.289952;0.0256;0.371904
1598;0.269312;0.023552;0.35296
1599;0.74672;0.050176;0.631552
1600;0.036128;0.008448;0.035712
1601;0.756416;0.049152;0.685184
1602;0.303776;0.026624;0.33152
1603;0.665152;0.049152;0.659424
1604;0.279808;0.023552;0.323424
1605;0.313024;0.026688;0.33008
1606;0.85152;0.06144;0.744672
1607;0.272288;0.026624;0.30096
1608;0.3048;0.026624;0.33152
1609;0.213312;0.021504;0.253408
1610;0.64608;0.050176;0.659136
1611;0.280576;0.0256;0.319808
1612;0.29536;0.026624;0.332
1613;0.667072;0.050176;0.659168
1614;0.294464;0.026624;0.320992
1615;0.277792;0.023552;0.301312
1616;0.289696;0.024576;0.320096
1617;0.239808;0.021504;0.27984
1618;0.28864;0.025696;0.302208
1619;0.319232;0.023552;0.310304
1620;0.298208;0.024576;0.320384
1621;0.24944;0.02048;0.277376
1622;0.288352;0.0256;0.301856
1623;0.325376;0.024576;0.304608
1624;0.322432;0.026624;0.332224
1625;0.278944;0.024576;0.302112
1626;0.303648;0.02688;0.321216
1627;0.268544;0.022528;0.292512
1628;0.647552;0.050176;0.611968
1629;0.313888;0.026624;0.335296
1630;0.313088;0.026752;0.321216
1631;0.278848;0.023552;0.283584
1632;0.279136;0.023552;0.338208
1633;0.312576;0.024576;0.35968
1634;0.639552;0.050176;0.658688
1635;0.291936;0.024576;0.319872
1636;0.288704;0.0256;0.32128
1637;0.279136;0.024576;0.357952
1638;0.278368;0.023552;0.310912
1639;0.777088;0.06144;0.74416
1640;0.216896;0.021504;0.27184
1641;0.216864;0.021504;0.243488
1642;0.270016;0.024576;0.3296
1643;0.666816;0.050176;0.630656
1644;0.294944;0.026624;0.31168
1645;0.629312;0.050176;0.58688
1646;0.221632;0.02048;0.271328
1647;0.31344;0.026624;0.313088
1648;0.280128;0.024576;0.314528
1649;0.313024;0.026624;0.323872
1650;0.269952;0.023552;0.291968
1651;0.269376;0.023552;0.293952
1652;0.28048;0.0256;0.29296
1653;0.27952;0.024576;0.302368
1654;0.272352;0.023552;0.328576
1655;0.317312;0.0256;0.330976
1656;0.664928;0.050176;0.659456
1657;0.287072;0.023552;0.302048
1658;0.217184;0.020512;0.271872
1659;0.036064;0.009216;0.035808
1660;0.303648;0.026624;0.312
1661;0.294592;0.026624;0.322272
1662;0.318656;0.024576;0.302208
1663;0.279328;0.0256;0.292608
1664;0.294464;0.026624;0.30336
1665;0.268544;0.022528;0.310496
1666;0.294592;0.026624;0.303328
1667;0.789568;0.06144;0.788896
1668;0.313024;0.026624;0.33152
1669;0.217536;0.021504;0.253536
1670;0.279552;0.022528;0.29072
1671;0.80752;0.06144;0.762176
1672;0.294592;0.026656;0.323296
1673;0.279456;0.0256;0.311392
1674;0.638176;0.049152;0.612128
1675;0.279456;0.0256;0.302656
1676;0.279168;0.023552;0.28464
1677;0.209696;0.02048;0.252704
1678;0.652736;0.050176;0.605184
1679;0.665024;0.049152;0.69872
1680;0.279456;0.024576;0.303296
1681;0.30368;0.026624;0.330816
1682;0.036096;0.008224;0.035712
1683;0.646464;0.050176;0.632928
1684;0.325568;0.024576;0.307136
1685;0.288768;0.024576;0.30288
1686;0.287744;0.023552;0.351872
1687;0.270368;0.023552;0.2936
1688;0.312768;0.024576;0.311328
1689;0.646976;0.049152;0.612416
1690;0.29456;0.027648;0.304128
1691;0.280576;0.0256;0.302176
1692;0.30384;0.026624;0.331488
1693;0.657536;0.050176;0.604192
1694;0.036128;0.008192;0.035712
1695;0.28864;0.0256;0.31136
1696;0.217568;0.021504;0.25152
1697;0.279232;0.0256;0.292768
1698;0.79088;0.06144;0.725728
1699;0.780224;0.06144;0.733408
1700;0.279616;0.023552;0.293632
1701;0.303648;0.026624;0.310848
1702;0.341728;0.026624;0.383744
1703;0.279456;0.024576;0.29264
1704;0.638496;0.050176;0.641312
1705;0.624864;0.050176;0.59488
1706;0.29456;0.026624;0.313568
1707;0.814048;0.06144;0.88384
1708;0.221056;0.02048;0.24416
1709;0.33024;0.024576;0.32032
1710;0.65632;0.050176;0.611968
1711;0.216064;0.02048;0.242848
1712;0.289088;0.0256;0.292608
1713;0.638272;0.050176;0.612544
1714;0.27936;0.024576;0.314208
1715;0.315648;0.022528;0.310688
1716;0.221824;0.021504;0.27152
1717;0.66224;0.050176;0.667616
1718;0.63888;0.049152;0.612448
1719;0.216416;0.021504;0.241728
1720;0.63904;0.050176;0.621856
1721;0.71312;0.050176;0.630688
1722;0.269728;0.023552;0.283072
1723;0.278752;0.023552;0.302336
1724;0.208544;0.021504;0.243808
1725;0.28752;0.023552;0.30928
1726;0.20752;0.02048;0.267936
1727;0.036224;0.008192;0.035712
1728;0.27808;0.023552;0.290752
1729;0.641312;0.050176;0.614624
1730;0.64816;0.050176;0.669152
1731;0.303808;0.026624;0.330976
1732;0.665472;0.050176;0.667872
1733;0.867648;0.06144;0.779264
1734;0.324192;0.026624;0.332416
1735;0.22592;0.021504;0.261504
1736;0.67488;0.050176;0.677344
1737;0.221664;0.020672;0.279712
1738;0.324352;0.023552;0.356512
1739;0.279136;0.024576;0.29168
1740;0.273312;0.024576;0.287104
1741;0.28016;0.0256;0.31104
1742;0.26944;0.023552;0.293056
1743;0.304672;0.026624;0.321856
1744;0.315232;0.023552;0.332768
1745;0.208832;0.02048;0.242976
1746;0.655328;0.050176;0.612544
1747;0.287232;0.026624;0.311808
1748;0.29456;0.026624;0.31376
1749;0.036128;0.008192;0.035712
1750;0.653344;0.050176;0.668032
1751;0.282496;0.024704;0.324288
1752;0.225984;0.020512;0.243296
1753;0.789888;0.06144;0.72352
1754;0.792672;0.06144;0.787776
1755;0.292224;0.024576;0.374656
1756;0.675936;0.050176;0.60464
1757;0.269536;0.022528;0.284768
1758;0.305632;0.023552;0.301184
1759;0.28032;0.0256;0.372832
1760;0.303584;0.027648;0.311648
1761;0.288;0.023552;0.2936
1762;0.304704;0.026624;0.330208
1763;0.282528;0.024576;0.314848
1764;0.269728;0.023552;0.283296
1765;0.29552;0.026624;0.312544
1766;0.217728;0.021504;0.251968
1767;0.332416;0.026624;0.311488
1768;0.316224;0.024576;0.311808
1769;0.270688;0.024576;0.292448
1770;0.638304;0.050176;0.613152
1771;0.739712;0.049344;0.658528
1772;0.77152;0.06144;0.769728
1773;0.314144;0.026624;0.340384
1774;0.699584;0.050176;0.612064
1775;0.289184;0.0256;0.321344
1776;0.278304;0.023552;0.301056
1777;0.288608;0.0256;0.301472
1778;0.279072;0.023552;0.312256
1779;0.269568;0.023552;0.283744
1780;0.647936;0.050176;0.622848
1781;0.784544;0.06144;0.732576
1782;0.790944;0.06144;0.798432
1783;0.7304;0.049152;0.650336
1784;0.812288;0.06144;0.797376
1785;0.294688;0.026624;0.303648
1786;0.64336;0.050176;0.613024
1787;0.036192;0.008192;0.035744
1788;0.657344;0.050176;0.6408
1789;0.288544;0.024576;0.330144
1790;0.279008;0.023552;0.311328
1791;0.303776;0.0256;0.304288
1792;0.289024;0.023552;0.2928
1793;0.315968;0.023552;0.310784
1794;0.278464;0.022528;0.356192
1795;0.70752;0.049152;0.621696
1796;0.294592;0.026624;0.305056
1797;0.281376;0.0256;0.3024
1798;0.29776;0.024576;0.320352
1799;0.355776;0.026624;0.311328
1800;0.278336;0.023552;0.320448
1801;0.649216;0.050176;0.612256
1802;0.30512;0.026624;0.32496
1803;0.279488;0.024576;0.33792
1804;0.312864;0.026624;0.341536
1805;0.216672;0.021504;0.24352
1806;0.036096;0.008224;0.035744
1807;0.826528;0.06144;0.778176
1808;0.659744;0.050176;0.667584
1809;0.297856;0.024576;0.352384
1810;0.289536;0.024576;0.317632
1811;0.288512;0.024576;0.291648
1812;0.296288;0.026688;0.331168
1813;0.288224;0.0256;0.3288
1814;0.036064;0.008192;0.03568
1815;0.69216;0.050176;0.614144
1816;0.65888;0.050176;0.661856
1817;0.28;0.0256;0.37952
1818;0.30384;0.026624;0.33152
1819;0.289536;0.024576;0.320288
1820;0.036128;0.008224;0.035712
1821;0.288576;0.026368;0.328832
1822;0.268448;0.022528;0.283104
1823;0.26944;0.023552;0.309632
1824;0.036064;0.008192;0.035712
1825;0.351072;0.026624;0.320448
1826;0.288672;0.024576;0.311456
1827;0.278464;0.022528;0.370432
1828;0.30416;0.026624;0.312992
1829;0.036128;0.008192;0.035712
1830;0.269504;0.023296;0.293088
1831;0.269056;0.024576;0.310624
1832;0.325984;0.023552;0.293024
1833;0.222496;0.021504;0.25264
1834;0.271776;0.024576;0.33728
1835;0.279072;0.024576;0.310592
1836;0.269856;0.023552;0.291744
1837;0.280832;0.023552;0.3112
1838;0.208288;0.020512;0.243616
1839;0.684032;0.050176;0.632032
1840;0.32352;0.026624;0.332064
1841;0.27968;0.0256;0.321632
1842;0.036096;0.008384;0.035712
1843;0.225536;0.02048;0.251872
1844;0.314432;0.023552;0.361376
1845;0.273664;0.024576;0.295328
1846;0.22528;0.02048;0.234208
1847;0.27952;0.023552;0.30304
1848;0.269344;0.024576;0.309312
1849;0.78576;0.06144;0.722432
1850;0.29744;0.0256;0.330368
1851;0.31632;0.024576;0.301248
1852;0.279232;0.023552;0.31216
1853;0.289344;0.024576;0.319776
1854;0.295616;0.02672;0.33248
1855;0.67632;0.050176;0.641248
1856;0.288992;0.023552;0.304352
1857;0.290656;0.024576;0.320224
1858;0.647424;0.050176;0.60352
1859;0.2888;0.0256;0.301152
1860;0.314144;0.026624;0.322944
1861;0.637984;0.050176;0.611776
1862;0.20752;0.021504;0.234656
1863;0.283328;0.024576;0.295296
1864;0.222272;0.02048;0.28128
1865;0.03616;0.008192;0.035904
1866;0.289568;0.026368;0.32016
1867;0.31344;0.026624;0.331328
1868;0.673792;0.049152;0.656576
1869;0.260704;0.023552;0.301952
1870;0.63872;0.050176;0.641056
1871;0.282656;0.024576;0.32368
1872;0.270784;0.024576;0.310368
1873;0.279136;0.0256;0.302368
1874;0.796864;0.06144;0.722944
1875;0.288544;0.024576;0.320608
1876;0.278944;0.0256;0.3024
1877;0.279008;0.0256;0.301856
1878;0.666208;0.050176;0.6616
1879;0.288032;0.023552;0.30864
1880;0.323584;0.026624;0.330272
1881;0.303776;0.026624;0.331488
1882;0.270368;0.023552;0.311936
1883;0.278656;0.024576;0.310592
1884;0.208832;0.02048;0.25232
1885;0.21632;0.02048;0.29584
1886;0.278144;0.023552;0.337472
1887;0.269568;0.023552;0.292736
1888;0.296768;0.023552;0.302848
1889;0.288672;0.024576;0.30704
1890;0.78032;0.06144;0.722528
1891;0.279168;0.022528;0.312032
1892;0.273984;0.024576;0.31488
1893;0.655616;0.049152;0.668224
1894;0.287648;0.023552;0.3096
1895;0.225728;0.021504;0.261472
1896;0.675168;0.050176;0.673216
1897;0.321568;0.024576;0.306112
1898;0.7816;0.06144;0.74224
1899;0.273024;0.024576;0.313024
1900;0.730368;0.050176;0.64064
1901;0.881888;0.06144;0.743648
1902;0.279008;0.023552;0.28336
1903;0.305696;0.026624;0.31168
1904;0.65536;0.049152;0.669376
1905;0.627968;0.049152;0.658528
1906;0.638528;0.049344;0.621696
1907;0.226656;0.021504;0.2528
1908;0.21872;0.021504;0.252832
1909;0.664896;0.049152;0.669824
1910;0.278944;0.025632;0.309024
1911;0.771744;0.06144;0.90112
1912;0.279104;0.023552;0.337248
1913;0.359296;0.026624;0.312736
1914;0.268864;0.023552;0.301024
1915;0.036064;0.008192;0.035776
1916;0.226944;0.021504;0.261376
1917;0.7952;0.06144;0.722944
1918;0.036096;0.008256;0.035744
1919;0.673792;0.049152;0.61216
1920;0.656416;0.050176;0.677664
1921;0.225632;0.02048;0.261984
1922;0.272992;0.024576;0.29632
1923;0.304224;0.026624;0.31168
1924;0.77984;0.06144;0.798944
1925;0.289344;0.024576;0.307712
1926;0.304704;0.026624;0.330464
1927;0.313696;0.026624;0.340608
1928;0.667296;0.050176;0.64832
1929;0.279456;0.023552;0.337824
1930;0.278496;0.023552;0.312544
1931;0.799104;0.06144;0.732736
1932;0.283328;0.024576;0.31552
1933;0.347008;0.023552;0.29184
1934;0.278784;0.023552;0.293664
1935;0.313504;0.026624;0.33248
1936;0.350464;0.026624;0.386784
1937;0.268576;0.023552;0.291808
1938;0.294464;0.026624;0.30272
1939;0.279072;0.0256;0.301856
1940;0.306496;0.023552;0.303296
1941;0.64944;0.050176;0.602912
1942;0.664544;0.050176;0.66016
1943;0.804576;0.06144;0.82864
1944;0.036096;0.008192;0.035712
1945;0.270176;0.02432;0.318496
1946;0.786496;0.06144;0.742624
1947;0.664704;0.049408;0.675616
1948;0.280896;0.024576;0.302528
1949;0.270592;0.023552;0.312256
1950;0.78016;0.06144;0.77968
1951;0.669088;0.050176;0.721536
1952;0.278016;0.022528;0.29152
1953;0.273984;0.024576;0.386912
1954;0.216032;0.021504;0.233696
1955;0.282528;0.024576;0.305504
1956;0.277696;0.022528;0.31136
1957;0.294592;0.026624;0.313568
1958;0.285248;0.026624;0.321184
1959;0.32224;0.026624;0.352896
1960;0.288736;0.0256;0.300832
1961;0.036096;0.008256;0.035776
1962;0.4112;0.026624;0.302528
1963;0.036064;0.008192;0.035712
1964;0.271584;0.020512;0.242784
1965;0.28752;0.022528;0.335808
1966;0.216704;0.021504;0.25264
1967;0.298688;0.026624;0.321792
1968;0.340544;0.026624;0.320608
1969;0.217792;0.02048;0.243648
1970;0.282752;0.024576;0.305504
1971;0.03616;0.008192;0.035712
1972;0.288288;0.0256;0.311904
1973;0.21792;0.021504;0.242848
1974;0.66736;0.050176;0.639776
1975;0.216608;0.021504;0.243328
1976;0.36848;0.026624;0.397696
1977;0.27056;0.023552;0.301504
1978;0.27904;0.0256;0.310368
1979;0.663008;0.050176;0.632096
1980;0.257216;0.023552;0.302464
1981;0.295488;0.026624;0.311968
1982;0.27872;0.023552;0.2936
1983;0.298496;0.024576;0.32032
1984;0.216736;0.021504;0.261664
1985;0.748576;0.049152;0.641696
1986;0.036064;0.008224;0.035712
1987;0.369568;0.026624;0.33936
1988;0.314016;0.026624;0.313088
1989;0.6368;0.04944;0.648448
1990;0.291872;0.024576;0.314176
1991;0.27456;0.024576;0.315744
1992;0.665984;0.050176;0.74176
1993;0.663136;0.049152;0.66752
1994;0.283392;0.024576;0.31376
1995;0.359328;0.026624;0.313536
1996;0.269696;0.022528;0.293216
1997;0.277952;0.023552;0.310528
1998;0.30464;0.026624;0.312032
1999;0.036128;0.008192;0.035712
2000;0.808256;0.06144;0.797504
2001;0.036128;0.008192;0.035712
2002;0.280992;0.0256;0.799872
2003;0.353024;0.024576;0.357952
2004;0.225568;0.02048;0.241344
2005;0.65696;0.050176;2.02742
2006;0.785024;0.06144;0.99008
2007;0.83296;0.06144;2.11242
2008;0.303872;0.026624;0.543456
2009;0.325504;0.024576;0.309792
2010;0.32224;0.026624;0.331488
2011;0.26848;0.022528;0.302208
2012;0.279392;0.024576;0.311104
2013;0.303712;0.026624;0.330432
2014;0.319552;0.024576;0.310976
2015;0.226688;0.02048;0.252
2016;0.328672;0.024576;0.333312
2017;0.295584;0.026624;0.303872
2018;0.295488;0.026624;0.302016
2019;0.269984;0.024576;0.310272
2020;0.312864;0.026624;0.330208
2021;0.036352;0.008192;0.035712
2022;0.217088;0.02048;0.251968
2023;0.269856;0.022528;0.290752
2024;0.303808;0.026624;0.313088
2025;0.280416;0.0256;0.301664
2026;0.30624;0.023552;0.301056
2027;0.340288;0.022528;0.2928
2028;0.789408;0.06144;2.07075
2029;0.287616;0.023808;0.79904
2030;0.294464;0.026624;0.311872
2031;0.304832;0.026624;0.313088
2032;0.226592;0.021504;0.243904
2033;0.313888;0.026624;0.331424
2034;0.780512;0.06144;2.27299
2035;0.279648;0.023552;0.472288
2036;0.313888;0.026624;0.339648
2037;0.665824;0.050176;1.62794
2038;0.218112;0.02048;0.257856
2039;0.640512;0.050176;0.604128
2040;0.719936;0.049216;0.640864
2041;0.268736;0.022528;0.292
2042;0.036096;0.008256;0.035712
2043;0.282144;0.025344;0.287808
2044;0.255936;0.021504;0.243456
2045;0.22144;0.021504;0.261568
2046;0.821664;0.06144;1.13286
2047;0.7112;0.049376;1.64973
2048;0.036096;0.009216;0.035712
2049;0.905728;0.06144;1.05904
2050;0.225216;0.02048;0.4288
2051;0.303744;0.026624;0.313056
2052;0.672512;0.050176;1.69974
2053;0.299584;0.026624;0.330432
2054;0.314016;0.02688;0.331488
2055;0.277952;0.022816;0.311104
2056;0.036128;0.008192;0.035712
2057;0.269664;0.023296;0.310432
2058;0.260864;0.023552;0.292768
2059;0.21328;0.021504;0.243392
2060;0.289536;0.024576;0.337344
2061;0.036064;0.008192;0.035744
2062;0.326304;0.02432;0.301568
2063;0.340416;0.0256;0.302144
2064;0.640416;0.050176;0.6032
2065;0.294464;0.026624;0.31152
2066;0.226336;0.021504;0.24512
2067;0.793568;0.06144;0.981024
2068;0.330176;0.024576;0.440992
2069;0.784896;0.06144;2.1415
2070;0.278848;0.023552;0.44816
2071;0.036096;0.008192;0.03584
2072;0.036064;0.008224;0.035232
2073;0.683296;0.049152;1.74243
2074;0.294592;0.026624;0.312224
2075;0.226304;0.02048;0.243296
2076;0.277984;0.022528;0.326304
2077;0.036096;0.008192;0.035712
2078;0.65232;0.050176;0.79712
2079;0.676672;0.050176;0.612736
2080;0.674848;0.049152;0.593984
2081;0.208096;0.02048;0.241952
2082;0.225952;0.021504;0.262208
2083;0.216416;0.021504;0.242848
2084;0.304288;0.026624;0.312288
2085;0.273376;0.024576;0.288032
2086;0.674688;0.050176;0.676736
2087;0.275008;0.024576;0.295008
2088;0.293184;0.024576;0.32064
2089;0.693504;0.050176;0.622624
2090;0.273024;0.024576;0.33504
2091;0.278944;0.024576;0.30272
2092;0.208576;0.021504;0.24368
2093;0.322112;0.026624;0.312
2094;0.224736;0.021504;0.2528
2095;0.64816;0.050176;0.62288
2096;0.877536;0.06144;1.00067
2097;0.216384;0.02064;0.400384
2098;0.29456;0.02688;0.313568
2099;0.28144;0.0256;0.311072
2100;0.03616;0.008224;0.035712
2101;0.278944;0.024576;0.292128
2102;0.27952;0.0256;0.303456
2103;0.638624;0.050176;1.65363
2104;0.277984;0.023552;0.311264
2105;0.208448;0.02048;0.252704
2106;0.303904;0.026656;0.304576
2107;0.794752;0.06144;1.04634
2108;0.33232;0.026624;1.01027
2109;0.216864;0.021504;0.241696
2110;0.639936;0.050176;2.08979
2111;0.869408;0.06144;1.00221
2112;0.279584;0.024576;0.422496
2113;0.273408;0.0256;0.305536
2114;0.269568;0.023552;0.292288
2115;0.790304;0.06144;2.1057
2116;0.323104;0.131072;0.719712
2117;0.780544;0.06144;2.23325
2118;0.216352;0.02048;0.390656
2119;0.36496;0.026624;0.388096
2120;0.283328;0.0256;0.304544
2121;0.270176;0.023552;0.28368
2122;0.269536;0.023552;0.29184
2123;0.740608;0.049152;1.68442
2124;0.650464;0.049152;0.676736
2125;0.312992;0.026624;0.340736
2126;0.289216;0.0256;0.319584
2127;0.282368;0.024576;0.323968
2128;0.30704;0.024576;0.320608
2129;0.203488;0.02048;0.26128
2130;0.21648;0.021504;0.24304
2131;0.288512;0.024576;0.292704
2132;0.27808;0.024576;0.309664
2133;0.216352;0.02048;0.2616
2134;0.216608;0.021504;0.26304
2135;0.288224;0.0256;0.302304
2136;0.036064;0.008224;0.035712
2137;0.6624;0.049344;0.659392
2138;0.279424;0.0256;0.304288
2139;0.781856;0.06144;1.00067
2140;0.85072;0.060416;2.11386
2141;0.686336;0.049216;1.7463
2142;0.274016;0.024576;0.314784
2143;0.295648;0.026752;0.340736
2144;0.294464;0.026624;0.31168
2145;0.269536;0.022528;0.2856
2146;0.297536;0.024576;0.320096
2147;0.339328;0.023552;0.292832
2148;0.287968;0.023552;0.341952
2149;0.270144;0.024576;0.332576
2150;0.786016;0.06144;1.05648
2151;0.386592;0.024576;0.449632
2152;0.288544;0.024576;0.312992
2153;0.873088;0.06144;2.11296
2154;0.298784;0.0256;0.578976
2155;0.036096;0.008192;0.035712
2156;0.340672;0.027648;0.329888
2157;0.639296;0.050176;1.8056
2158;0.790688;0.06144;1.08515
2159;0.221408;0.021504;0.418688
2160;0.221056;0.02048;0.261088
2161;0.273408;0.024576;0.296864
2162;0.036128;0.008224;0.035712
2163;0.667008;0.050176;1.61738
2164;0.036096;0.008192;0.03568
2165;0.291808;0.025344;0.314592
2166;0.662624;0.050176;0.732288
2167;0.650432;0.04928;0.667648
2168;0.303872;0.026624;0.414432
2169;0.216544;0.02048;0.23376
2170;0.269056;0.023552;0.336928
2171;0.269536;0.023552;0.292352
2172;0.278816;0.022528;0.293312
2173;0.303808;0.026624;0.410752
2174;0.26912;0.024576;0.310624
2175;0.643264;0.050176;0.630592
2176;0.269536;0.023552;0.304896
2177;0.269248;0.023552;0.309824
2178;0.303776;0.026624;0.314112
2179;0.269792;0.023552;0.293024
2180;0.30384;0.026624;0.312608
2181;0.26896;0.02368;0.2928
2182;0.278048;0.023552;0.2824
2183;0.22112;0.02048;0.261312
2184;0.279776;0.023552;0.30992
2185;0.655488;0.050176;0.639744
2186;0.28608;0.029696;0.312672
2187;0.303776;0.026624;0.321216
2188;0.279328;0.024576;0.3208
2189;0.294464;0.026624;0.330112
2190;0.261088;0.023552;0.292288
2191;0.304064;0.026624;0.369632
2192;0.303904;0.026624;0.321984
2193;0.304256;0.026624;0.329856
2194;0.313024;0.026624;0.332192
2195;0.25984;0.021504;0.274208
2196;0.63856;0.0512;0.612064
2197;0.329152;0.0256;0.301472
2198;0.279424;0.0256;0.320576
2199;0.286368;0.026624;0.302304
2200;0.280576;0.0256;0.31136
2201;0.813024;0.06144;0.853248
2202;0.323104;0.026624;0.625024
2203;0.269184;0.023552;0.30192
2204;0.6464;0.050176;1.59802
2205;0.295424;0.026624;0.312544
2206;0.2896;0.024576;0.323488
2207;0.27008;0.023552;0.33744
2208;0.294592;0.027648;0.313696
2209;0.285248;0.026624;0.312
2210;0.264512;0.024576;0.349504
2211;0.26912;0.024576;0.310592
2212;0.269888;0.023552;0.292768
2213;0.278304;0.022688;0.291776
2214;0.03632;0.008192;0.035712
2215;0.280256;0.0256;0.301152
2216;0.731616;0.049152;0.650336
2217;0.225696;0.021504;0.254336
2218;0.217472;0.021504;0.253376
2219;0.216768;0.021504;0.244096
2220;0.64608;0.050176;0.60288
2221;0.666432;0.049152;0.612416
2222;0.29456;0.026688;0.334592
2223;0.331776;0.026624;0.322336
2224;0.646688;0.049152;0.604064
2225;0.315648;0.022528;0.303488
2226;0.036064;0.008224;0.035712
2227;0.821504;0.06144;0.817376
2228;0.304832;0.026624;0.543456
2229;0.665952;0.049152;1.65107
2230;0.303648;0.026624;0.394304
2231;0.304832;0.026624;0.331168
2232;0.036096;0.008192;0.035712
2233;0.289536;0.0256;0.320256
2234;0.304352;0.026624;0.33008
2235;0.813248;0.06144;0.87728
2236;0.258944;0.021504;0.425696
2237;0.278496;0.023552;0.292256
2238;0.036128;0.009216;0.035808
2239;0.28272;0.024576;0.296
2240;0.646496;0.050176;1.79056
2241;0.225568;0.02064;0.25248
2242;0.036096;0.008224;0.035712
2243;0.303808;0.026624;0.321408
2244;0.315168;0.024576;0.337312
2245;0.27824;0.023552;0.302624
2246;0.2096;0.021504;0.234112
2247;0.280544;0.0256;0.301152
2248;0.26976;0.024576;0.301888
2249;0.650592;0.050176;0.64944
2250;0.303776;0.026624;0.31584
2251;0.277984;0.02272;0.310272
2252;0.666048;0.049344;0.727232
2253;0.304704;0.026624;0.311872
2254;0.283328;0.024576;0.29632
2255;0.812;0.06144;0.826048
2256;0.278336;0.023552;0.465952
2257;0.281568;0.024576;0.286784
2258;0.836992;0.06144;2.17952
2259;0.297472;0.024576;0.449152
2260;0.278368;0.024576;0.338368
2261;0.314944;0.026624;0.312672
2262;0.282688;0.024576;0.296
2263;0.674048;0.049152;1.94963
2264;0.732512;0.050176;0.631168
2265;0.643232;0.050176;0.630656
2266;0.627616;0.050176;0.603104
2267;0.288608;0.024576;0.291904
2268;0.34864;0.0256;0.372096
2269;0.216352;0.02048;0.243296
2270;0.26912;0.023648;0.301504
2271;0.235488;0.021504;0.242656
2272;0.289568;0.0256;0.314208
2273;0.278368;0.023552;0.311968
2274;0.79376;0.06144;0.815808
2275;0.291872;0.024576;0.473664
2276;0.312896;0.026624;0.395936
2277;0.785664;0.06144;2.18902
2278;0.282592;0.0256;0.406944
2279;0.21632;0.02048;0.243488
2280;0.036128;0.008256;0.035712
2281;0.279104;0.02432;0.310272
2282;0.317184;0.024576;0.310368
2283;0.289536;0.0256;0.29264
2284;0.280416;0.024576;0.30128
2285;0.656736;0.050176;1.82096
2286;0.278688;0.024576;0.313472
2287;0.66464;0.050176;0.642016
2288;0.222528;0.021504;0.253504
2289;0.31984;0.024576;0.296352
2290;0.268832;0.023552;0.310912
2291;0.66448;0.049152;0.61376
2292;0.283712;0.024576;0.29584
2293;0.784352;0.06144;0.85392
2294;0.332352;0.024576;0.519008
2295;0.289088;0.0256;0.301376
2296;0.273312;0.022528;0.310816
2297;0.30464;0.026624;0.32992
2298;0.675168;0.050176;1.81296
2299;0.656736;0.050176;0.69728
2300;0.036096;0.009216;0.035712
2301;0.289312;0.0256;0.38304
2302;0.288448;0.024576;0.320576
2303;0.282592;0.024576;0.31488
2304;0.036128;0.008256;0.035936
2305;0.315488;0.02432;0.346464
2306;0.342016;0.026624;0.35936
2307;0.307456;0.023552;0.330464
2308;0.243712;0.02048;0.252352
2309;0.323712;0.022528;0.338016
2310;0.879296;0.050176;0.723456
2311;0.360032;0.026624;0.348288
2312;0.036096;0.008256;0.036
2313;0.97072;0.06144;0.971584
2314;0.24368;0.02048;0.73088
2315;0.438592;0.0256;0.406304
2316;1.0176;0.06144;2.13648
2317;0.337568;0.024576;0.554432
2318;0.368512;0.026624;0.357888
2319;0.91936;0.06144;2.41091
2320;0.31504;0.023552;0.513472
2321;0.933824;0.06144;2.37414
2322;0.314784;0.022528;0.478176
2323;0.922944;0.06144;2.42611
2324;0.343808;0.024576;0.48704
2325;0.351104;0.026624;0.339392
2326;0.32928;0.024576;0.342432
2327;0.341632;0.026784;0.339296
2328;0.340992;0.026624;0.340736
2329;0.22592;0.021504;0.261568
2330;0.970112;0.06144;2.388
2331;0.360256;0.026624;0.680704
2332;1.06672;0.06144;2.25456
2333;0.036064;0.008192;0.03584
2334;0.318784;0.025344;0.49808
2335;0.350272;0.026624;0.359264
2336;0.830304;0.050176;2.18438
2337;0.323936;0.023552;0.338976
2338;0.767232;0.049152;0.732288
2339;0.307968;0.0256;0.349024
2340;0.23552;0.021504;0.338944
2341;0.306816;0.02272;0.318016
2342;0.225568;0.020608;0.2616
2343;0.333664;0.024576;0.348
2344;0.350624;0.026624;0.359104
2345;0.350144;0.026624;0.359328
2346;0.036096;0.008192;0.035712
2347;0.036096;0.008192;0.035232
2348;0.302016;0.024576;0.332448
2349;0.338592;0.024576;0.410144
2350;0.334624;0.0256;0.356448
2351;0.340704;0.026624;0.359776
2352;0.775424;0.049216;0.822624
2353;0.317344;0.022784;0.348128
2354;0.306464;0.023552;0.320288
2355;0.036352;0.008192;0.03568
2356;0.316288;0.0256;0.330144
2357;0.296544;0.022848;0.319936
2358;0.915456;0.06144;0.93616
2359;0.372832;0.024576;0.523424
2360;0.768992;0.050176;1.84592
2361;0.859168;0.050176;0.724704
2362;0.236832;0.02048;0.260992
2363;0.767264;0.049152;0.75952
2364;0.34064;0.026624;0.358144
2365;0.296992;0.023552;0.3376
2366;0.794976;0.050176;0.8304
2367;0.351104;0.026624;0.349472
2368;0.960416;0.06144;0.988384
2369;0.367552;0.023552;0.56624
2370;0.31456;0.023552;0.319584
2371;0.036096;0.008192;0.03568
2372;0.368704;0.026912;0.34912
2373;0.239648;0.02064;0.28544
2374;0.302752;0.024576;0.333184
2375;0.36032;0.026624;0.436032
2376;0.31616;0.024576;0.348
2377;0.35008;0.026624;0.349568
2378;0.331488;0.026752;0.3496
2379;0.877856;0.050176;1.60998
2380;0.84576;0.050176;0.714144
2381;0.997632;0.06144;0.945504
2382;0.830208;0.050176;1.7456
2383;0.369536;0.026624;0.348352
2384;0.785216;0.050176;0.732288
2385;0.268128;0.021504;0.304992
2386;0.350208;0.026624;0.340192
2387;0.350048;0.026624;0.348608
2388;0.317856;0.023552;0.329952
2389;0.325024;0.023552;0.329696
2390;0.31536;0.024576;0.366912
2391;0.316672;0.024576;0.329824
2392;0.235584;0.023552;0.2528
2393;0.338208;0.023552;0.328704
2394;0.234976;0.021504;0.27232
2395;0.316192;0.023552;0.338112
2396;0.340672;0.026624;0.341312
2397;0.340544;0.026624;0.348896
2398;0.350208;0.026624;0.342432
2399;0.35008;0.026624;0.347712
2400;0.30608;0.023552;0.339296
2401;0.359904;0.026624;0.359136
2402;0.306816;0.023552;0.320416
2403;0.311392;0.024576;0.323968
2404;0.234752;0.02048;0.262112
2405;0.804448;0.050176;0.751584
2406;0.318688;0.024576;0.331616
2407;0.298464;0.022528;0.339744
2408;0.812928;0.049152;0.738432
2409;0.758944;0.050176;0.780032
2410;0.366304;0.026624;0.36816
2411;1.01571;0.06144;0.953344
2412;0.334976;0.023552;0.53088
2413;0.24864;0.02048;0.271072
2414;0.323776;0.024576;0.369728
2415;1.07024;0.06144;2.244
2416;0.036096;0.008256;0.035712
2417;0.036096;0.008192;0.035232
2418;0.795552;0.049152;1.9641
2419;0.748512;0.049152;0.750752
2420;0.35008;0.026624;0.348672
2421;0.31008;0.024576;0.334336
2422;0.32624;0.024576;0.344192
2423;0.31536;0.023552;0.357696
2424;0.226112;0.021504;0.271168
2425;0.350144;0.026624;0.34864
2426;0.338208;0.024576;0.342912
2427;0.326528;0.024576;0.352352
2428;0.315808;0.023552;0.400096
2429;0.977856;0.06144;0.984416
2430;0.358976;0.026624;0.727008
2431;0.23632;0.021504;0.271712
2432;0.235296;0.021504;0.262016
2433;0.036096;0.008192;0.035712
2434;0.359296;0.026624;0.349888
2435;0.768064;0.049152;1.81664
2436;0.28448;0.02064;0.26144
2437;0.969664;0.06144;0.992
2438;0.306912;0.023552;0.485984
2439;0.2264;0.021504;0.271488
2440;0.304448;0.02048;0.280096
2441;0.317376;0.0256;0.36688
2442;0.305888;0.023552;0.347968
2443;1.04115;0.06144;2.2352
2444;0.384768;0.024576;0.585376
2445;0.350176;0.026624;0.358816
2446;0.036096;0.008192;0.035712
2447;0.23456;0.021248;0.270848
2448;0.235968;0.02048;0.27952
2449;0.306144;0.023552;0.357184
2450;0.307072;0.024576;0.338208
2451;0.30624;0.023552;0.34848
2452;0.331776;0.026624;0.34912
2453;0.226656;0.021504;0.261664
2454;0.324608;0.023552;0.349024
2455;0.292896;0.021504;0.262304
2456;0.765184;0.050176;1.67296
2457;0.03616;0.008192;0.035712
2458;0.310496;0.024576;0.343136
2459;0.334752;0.024576;0.347744
2460;0.306464;0.022528;0.329216
2461;0.234944;0.02048;0.275328
2462;0.864448;0.050176;0.742176
2463;0.226368;0.02048;0.271136
2464;0.036096;0.008192;0.03568
2465;0.29728;0.023296;0.320736
2466;0.306592;0.022528;0.319872
2467;0.31024;0.02048;0.261632
2468;0.036096;0.008256;0.035712
2469;0.268896;0.021504;0.320384
2470;0.036128;0.008192;0.035712
2471;0.346976;0.024576;0.425216
2472;0.305792;0.023552;0.338848
2473;0.353984;0.0256;0.339744
2474;0.31632;0.0256;0.356992
2475;0.361344;0.023552;0.34848
2476;0.350784;0.026624;0.358784
2477;0.235296;0.021504;0.27168
2478;0.316128;0.023552;0.348064
2479;0.30688;0.024576;0.347168
2480;0.960064;0.049152;0.908
2481;0.234624;0.021504;0.262144
2482;0.30688;0.027648;0.356896
2483;0.316224;0.024576;0.33872
2484;0.315392;0.023552;0.347968
2485;0.225728;0.02048;0.262208
2486;0.330144;0.0256;0.402496
2487;0.350208;0.026624;0.34992
2488;0.881632;0.050176;0.771136
2489;0.316512;0.023552;0.411072
2490;0.966016;0.06144;1.14368
2491;0.360416;0.026624;0.663072
2492;0.235968;0.021504;0.26256
2493;0.315648;0.023552;0.336352
2494;0.339648;0.026624;0.358144
2495;0.306752;0.024576;0.329856
2496;0.225696;0.02064;0.252352
2497;0.23536;0.021504;0.262496
