0;0.350848;0.0256;1.28698
1;0.22048;0.026624;0.861856
2;0.20192;0.0256;0.415872
3;0.203968;0.022528;0.28176
4;0.211744;0.024576;0.331392
5;0.452512;0.050176;2.94749
6;0.468896;0.050176;0.612128
7;0.199232;0.023552;0.293152
8;0.036096;0.008256;0.03568
9;0.204672;0.023296;0.300992
10;0.229248;0.022528;0.281632
11;0.168032;0.021504;0.252672
12;0.219488;0.024576;0.297984
13;0.194528;0.023552;0.29472
14;0.256448;0.024576;0.283712
15;0.2496;0.026624;0.392288
16;0.263712;0.024576;0.351616
17;0.249824;0.026624;0.30128
18;0.308192;0.026624;0.42672
19;0.460512;0.050176;0.591648
20;0.204448;0.024576;0.288096
21;0.191072;0.024576;0.38336
22;0.441248;0.050176;0.791392
23;0.214816;0.0256;0.381024
24;0.036288;0.008256;0.035712
25;0.197376;0.02432;0.326272
26;0.210336;0.023552;0.28736
27;0.156672;0.02048;0.241856
28;0.211936;0.026624;0.359488
29;0.201952;0.024576;0.283712
30;0.231104;0.026656;0.318912
31;0.213536;0.021504;0.314688
32;0.69632;0.06144;1.36253
33;0.271808;0.026624;0.336864
34;0.54432;0.06144;0.741312
35;0.542016;0.050176;0.785312
36;0.211648;0.026752;0.421184
37;0.218848;0.023552;0.28464
38;0.19552;0.0264;0.303552
39;0.223776;0.027648;0.302976
40;0.258528;0.024576;0.30384
41;0.217856;0.023552;0.291328
42;0.662496;0.06144;0.852416
43;0.478272;0.050176;0.6992
44;0.258016;0.024576;0.29296
45;0.45232;0.050176;0.6
46;0.250656;0.022528;0.30128
47;0.246048;0.023552;0.285248
48;0.201984;0.024576;0.283712
49;0.167456;0.021504;0.323712
50;0.165568;0.020768;0.2416
51;0.341376;0.026624;0.325984
52;0.200992;0.024576;0.289088
53;0.265696;0.023552;0.395136
54;0.221632;0.024576;0.290528
55;0.212992;0.026624;0.386432
56;0.249568;0.026624;0.3
57;0.215808;0.02048;0.249664
58;0.213376;0.024576;0.304192
59;0.153248;0.021504;0.242592
60;0.635968;0.050176;0.604096
61;0.256896;0.023552;0.283616
62;0.480352;0.050176;0.598016
63;0.257856;0.023552;0.30032
64;0.195552;0.022528;0.28304
65;0.493312;0.050176;0.619392
66;0.210752;0.023552;0.287712
67;0.231168;0.026624;0.30816
68;0.210112;0.0256;0.292448
69;0.188864;0.023552;0.281216
70;0.269056;0.026624;0.379296
71;0.175904;0.021504;0.268928
72;0.230176;0.0256;0.311264
73;0.19984;0.022752;0.280896
74;0.310848;0.026624;0.307136
75;0.204768;0.024576;0.285792
76;0.247232;0.023552;0.284224
77;0.036096;0.008192;0.03568
78;0.262496;0.026624;0.34016
79;0.228448;0.024576;0.312512
80;0.24;0.026624;0.314816
81;0.239136;0.026624;0.322016
82;0.2072;0.024576;0.294368
83;0.248416;0.023552;0.28256
84;0.036192;0.008192;0.03568
85;0.206272;0.025344;0.353664
86;0.229504;0.0256;0.329056
87;0.209504;0.023552;0.29488
88;0.202304;0.024576;0.386112
89;0.20304;0.022528;0.280768
90;0.03616;0.008192;0.035872
91;0.201344;0.023296;0.281376
92;0.203232;0.0256;0.380768
93;0.157312;0.02048;0.290336
94;0.166304;0.021504;0.243104
95;0.255328;0.022528;0.296352
96;0.167264;0.021504;0.238688
97;0.230848;0.022528;0.394944
98;0.192544;0.02384;0.2816
99;0.222944;0.026624;0.32128
100;0.20496;0.021504;0.262016
101;0.220288;0.024608;0.294048
102;0.212768;0.026624;0.305088
103;0.204928;0.021504;0.243264
104;0.22192;0.026784;0.307968
105;0.208544;0.024576;0.288864
106;0.3208;0.026624;0.337696
107;0.230272;0.024576;0.309696
108;0.22272;0.024576;0.30608
109;0.212864;0.026624;0.302112
110;0.158688;0.021504;0.314752
111;0.03616;0.008256;0.03568
112;0.21344;0.024576;0.296736
113;0.036096;0.008192;0.03568
114;0.607488;0.06144;0.948896
115;0.201216;0.024576;0.293536
116;0.561376;0.06144;0.715008
117;0.21792;0.022528;0.295104
118;0.495616;0.050176;0.619776
119;0.220512;0.0256;0.303232
120;0.515008;0.050176;0.735648
121;0.257536;0.023552;0.29232
122;0.176224;0.021504;0.244896
123;0.496288;0.049152;0.606752
124;0.176384;0.021504;0.303616
125;0.17584;0.02048;0.250048
126;0.196832;0.023552;0.279936
127;0.205408;0.02048;0.243776
128;0.239136;0.026624;0.316928
129;0.157664;0.021504;0.242336
130;0.20272;0.022528;0.387552
131;0.220576;0.026624;0.302528
132;0.212416;0.026624;0.300352
133;0.458464;0.050176;0.595424
134;0.2104;0.0256;0.293984
135;0.03616;0.008192;0.035712
136;0.209888;0.023552;0.299456
137;0.21072;0.026624;0.292064
138;0.198272;0.024576;0.357664
139;0.036128;0.008192;0.035712
140;0.505824;0.050176;0.649728
141;0.489248;0.050176;0.621376
142;0.200224;0.024576;0.28112
143;0.22912;0.026624;0.2952
144;0.25664;0.022528;0.26432
145;0.185664;0.021504;0.281184
146;0.21056;0.022752;0.297856
147;0.196352;0.024576;0.276576
148;0.222976;0.021504;0.29488
149;0.21264;0.026624;0.303488
150;0.21776;0.0256;0.296768
151;0.442432;0.050176;0.627552
152;0.214592;0.024576;0.295008
153;0.494208;0.049152;0.671936
154;0.240192;0.0256;0.38128
155;0.215904;0.023552;0.284544
156;0.502848;0.050176;0.626016
157;0.267744;0.024576;0.30352
158;0.537344;0.050176;0.826624
159;0.233056;0.024576;0.280608
160;0.222368;0.026624;0.29808
161;0.221088;0.022528;0.274048
162;0.175136;0.021504;0.298848
163;0.204416;0.024576;0.302272
164;0.231968;0.026624;0.339904
165;0.214592;0.024576;0.368
166;0.176224;0.021504;0.241344
167;0.541632;0.06144;0.76464
168;0.200192;0.024576;0.28384
169;0.21328;0.024576;0.29616
170;0.200896;0.023552;0.273984
171;0.263584;0.026624;0.358816
172;0.201312;0.024576;0.274976
173;0.321216;0.026624;0.322016
174;0.211072;0.0256;0.286656
175;0.201344;0.023552;0.377696
176;0.208896;0.0256;0.280896
177;0.036448;0.008192;0.036032
178;0.213728;0.026624;0.309152
179;0.588032;0.06144;0.823232
180;0.230656;0.024576;0.274304
181;0.202176;0.024576;0.279328
182;0.228096;0.02048;0.28928
183;0.166944;0.021504;0.233568
184;0.282336;0.026752;0.294112
185;0.490208;0.050176;0.59088
186;0.229024;0.022528;0.282784
187;0.237024;0.023552;0.28208
188;0.256544;0.02272;0.272416
189;0.036096;0.008256;0.03568
190;0.230144;0.026624;0.290272
191;0.505504;0.049344;0.583328
192;0.228224;0.023552;0.369632
193;0.281216;0.026624;0.302624
194;0.197216;0.023552;0.27392
195;0.167328;0.021504;0.285504
196;0.214528;0.0256;0.287392
197;0.158144;0.021504;0.338464
198;0.166336;0.021504;0.241024
199;0.705152;0.050176;0.644416
200;0.220576;0.027648;0.294432
201;0.627712;0.06144;0.703872
202;0.036128;0.008256;0.035744
203;0.241024;0.02048;0.310656
204;0.607552;0.06144;0.72064
205;0.608608;0.050176;0.748736
206;0.482944;0.050176;0.699232
207;0.248288;0.024576;0.371392
208;0.85904;0.050176;0.73904
209;0.224992;0.026624;0.321824
210;0.652704;0.049152;0.743264
211;0.254816;0.026624;0.312896
212;0.289696;0.024576;0.304384
213;0.217824;0.024576;0.296832
214;0.208448;0.0256;0.304992
215;0.036128;0.008192;0.03568
216;0.03616;0.008192;0.035232
217;0.212;0.024576;0.29408
218;0.32048;0.022528;0.2808
219;0.707136;0.06144;0.694208
220;0.798688;0.06144;0.696256
221;0.230112;0.026624;0.311136
222;0.2104;0.021504;0.300032
223;0.036096;0.008192;0.03568
224;0.220576;0.026624;0.308064
225;0.21088;0.023552;0.28832
226;0.212448;0.024576;0.292032
227;0.222112;0.026624;0.338432
228;0.200704;0.021504;0.24256
229;0.654304;0.06144;0.960448
230;0.513344;0.050176;0.598016
231;0.204096;0.024576;0.378176
232;0.515872;0.050176;0.83792
233;0.20544;0.024576;0.284288
234;0.274272;0.022528;0.281216
235;0.29584;0.023552;0.315328
236;0.219264;0.0256;0.316672
237;0.221952;0.026624;0.299648
238;0.371104;0.026624;0.353056
239;0.205152;0.024576;0.287808
240;0.036096;0.008192;0.03568
241;0.506592;0.050176;0.59536
242;0.71376;0.050176;0.593856
243;0.29136;0.026624;0.394688
244;0.272032;0.026624;0.306976
245;0.231136;0.026624;0.313472
246;0.507264;0.04944;0.772576
247;0.31408;0.026752;0.322176
248;0.322784;0.026784;0.334592
249;0.222368;0.022528;0.295072
250;0.228192;0.024576;0.282176
251;0.644864;0.050176;0.59424
252;0.240032;0.026624;0.303584
253;0.288224;0.0256;0.291648
254;0.654272;0.050176;0.709952
255;0.221664;0.026624;0.308672
256;0.504736;0.049152;0.55616
257;0.193504;0.023552;0.264704
258;0.487776;0.050176;0.5688
259;0.036416;0.008192;0.03568
260;0.247808;0.023552;0.288736
261;0.618272;0.050176;0.667616
262;0.19104;0.024576;0.266752
263;0.03632;0.008192;0.035712
264;0.19264;0.024576;0.264672
265;0.246976;0.026624;0.41952
266;0.626752;0.06144;0.667872
267;0.17632;0.02048;0.23424
268;0.17568;0.021504;0.231488
269;0.321024;0.024576;0.359584
270;0.203456;0.024576;0.27856
271;0.328832;0.026624;0.351264
272;0.19744;0.024576;0.26736
273;0.249024;0.023552;0.280224
274;0.20656;0.024576;0.27424
275;0.211488;0.0256;0.275264
276;0.200832;0.022528;0.28048
277;0.477792;0.049152;0.569216
278;0.230112;0.026624;0.292128
279;0.196256;0.024576;0.388832
280;0.2008;0.024576;0.281504
281;0.260512;0.0256;0.388032
282;0.209664;0.026624;0.307136
283;0.228736;0.022528;0.288928
284;0.276384;0.023552;0.26576
285;0.21008;0.023552;0.347776
286;0.709504;0.06144;0.66912
287;0.19408;0.023552;0.28832
288;0.590592;0.06144;0.7488
289;0.167616;0.021504;0.298304
290;0.506816;0.049152;0.827968
291;0.673504;0.050176;0.787424
292;0.204512;0.021504;0.229568
293;0.161792;0.020512;0.287328
294;0.163264;0.021504;0.231936
295;0.204896;0.021504;0.232096
296;0.036096;0.008192;0.035712
297;0.458912;0.050176;0.582112
298;0.20432;0.024576;0.273664
299;0.235072;0.026624;0.365088
300;0.262336;0.024576;0.299136
301;0.212224;0.0256;0.27472
302;0.261248;0.024576;0.319264
303;0.570464;0.06144;0.679808
304;0.257632;0.024576;0.292704
305;0.612576;0.050176;0.56608
306;0.655872;0.06144;0.852736
307;0.302656;0.022528;0.312288
308;0.166848;0.021504;0.22512
309;0.508288;0.050176;0.890816
310;0.19136;0.023552;0.268416
311;0.159712;0.02048;0.230624
312;0.635008;0.06144;0.883104
313;0.564288;0.06144;0.919296
314;0.212448;0.023552;0.270656
315;0.2544;0.026624;0.294432
316;0.31168;0.026912;0.30816
317;0.202464;0.024576;0.277056
318;0.198112;0.024576;0.274176
319;0.692192;0.050176;0.5912
320;0.266976;0.023552;0.274688
321;0.240448;0.0256;0.340064
322;0.781056;0.06144;0.675616
323;0.195744;0.023552;0.266816
324;0.036128;0.008192;0.03584
325;0.221952;0.026624;0.294784
326;0.193504;0.023552;0.265472
327;0.166944;0.021504;0.290112
328;0.242976;0.024576;0.272928
329;0.205728;0.022528;0.27488
330;0.222368;0.0256;0.296064
331;0.201312;0.0256;0.274304
332;0.261856;0.024576;0.278656
333;0.280864;0.0256;0.296192
334;1.20742;0.06144;1.00861
335;0.200256;0.023552;0.271904
336;0.4704;0.050176;0.558368
337;0.217472;0.026624;0.286176
338;0.275744;0.023552;0.42432
339;0.192288;0.023552;0.263936
340;0.295168;0.0256;0.305344
341;0.619392;0.049312;0.625536
342;0.310016;0.024576;0.34784
343;0.217984;0.026624;0.283136
344;0.23072;0.0256;0.273216
345;0.295648;0.023552;0.288288
346;0.165888;0.02048;0.23088
347;0.24992;0.026624;0.29056
348;0.26832;0.026624;0.274784
349;0.191488;0.023648;0.272
350;0.03616;0.008448;0.03568
351;0.200768;0.023296;0.360864
352;0.211552;0.0256;0.288576
353;0.213952;0.029696;0.298272
354;0.4968;0.050176;0.700672
355;0.224128;0.026624;0.3376
356;0.212864;0.026624;0.312128
357;0.190816;0.023552;0.349824
358;0.205472;0.023552;0.274304
359;0.193696;0.022528;0.265568
360;0.259296;0.0256;0.282272
361;0.29776;0.024576;0.326592
362;0.166016;0.02048;0.230432
363;0.219232;0.022528;0.274144
364;0.214976;0.021504;0.225504
365;0.555232;0.050176;0.584672
366;0.20992;0.026624;0.291648
367;0.204672;0.02048;0.224448
368;0.589856;0.06144;0.658816
369;0.212576;0.026624;0.383488
370;0.58448;0.049152;0.631904
371;0.481184;0.050176;0.633824
372;0.22208;0.026624;0.291552
373;0.461184;0.050176;0.5992
374;0.228352;0.026624;0.35088
375;0.207776;0.026624;0.292704
376;0.203392;0.024576;0.284544
377;0.2272;0.026624;0.31056
378;0.185344;0.02048;0.233856
379;0.221024;0.026624;0.283936
380;0.252544;0.026624;0.387168
381;0.209536;0.024576;0.284608
382;0.46016;0.050176;0.604384
383;0.217952;0.021504;0.234144
384;0.229248;0.026624;0.310784
385;0.20976;0.024576;0.370592
386;0.194912;0.0256;0.27152
387;0.036128;0.008192;0.03568
388;0.036256;0.008192;0.035232
389;0.167424;0.02048;0.229056
390;0.192896;0.022528;0.263872
391;0.036224;0.008192;0.035712
392;0.03632;0.008192;0.035264
393;0.205664;0.02432;0.276352
394;0.248096;0.022784;0.286688
395;0.645088;0.06144;0.749408
396;0.460352;0.049152;0.563168
397;0.2128;0.0256;0.287552
398;0.449504;0.050176;0.608128
399;0.167296;0.02048;0.230144
400;0.036096;0.008256;0.03568
401;0.210304;0.02432;0.291648
402;0.2152;0.023552;0.294176
403;0.222048;0.026624;0.292064
404;0.21376;0.024576;0.274816
405;0.269248;0.026624;0.390272
406;0.15792;0.021504;0.226176
407;0.238528;0.026624;0.311168
408;0.548768;0.06144;0.648224
409;0.03616;0.008256;0.035712
410;0.282432;0.026624;0.308288
411;0.57088;0.06144;0.657888
412;0.235392;0.026624;0.313184
413;0.273088;0.026624;0.306208
414;0.199392;0.024576;0.270848
415;0.22032;0.026624;0.285696
416;0.1944;0.024576;0.278912
417;0.26688;0.0256;0.37968
418;0.15792;0.021504;0.228576
419;0.229952;0.026624;0.310912
420;0.258688;0.0256;0.290272
421;0.21024;0.0256;0.286144
422;0.261536;0.0256;0.3648
423;0.21328;0.023552;0.30848
424;0.469248;0.050176;0.648192
425;0.290432;0.023552;0.272576
426;0.233344;0.024576;0.355072
427;0.533088;0.050176;0.5584
428;0.169248;0.02048;0.222208
429;0.195392;0.020512;0.23408
430;0.175936;0.02048;0.234496
431;0.036096;0.008192;0.035648
432;0.208832;0.026624;0.292608
433;0.449824;0.049152;0.583488
434;0.204096;0.025664;0.28816
435;0.249248;0.024576;0.272416
436;0.20544;0.0256;0.288896
437;0.198944;0.023552;0.281376
438;0.266464;0.023552;0.285632
439;0.228352;0.0256;0.303008
440;0.616224;0.06144;0.748256
441;0.213888;0.026624;0.296416
442;0.251744;0.026624;0.372448
443;0.22096;0.024576;0.363232
444;0.48832;0.049152;0.787584
445;0.192352;0.024576;0.277568
446;0.188704;0.023552;0.2864
447;0.258752;0.0256;0.2848
448;0.248192;0.022528;0.321312
449;0.196288;0.023552;0.28624
450;0.257664;0.0256;0.375424
451;0.200064;0.022528;0.263808
452;0.240256;0.024576;0.273792
453;0.210784;0.024576;0.29632
454;0.222112;0.026624;0.287168
455;0.19296;0.023552;0.301568
456;0.58112;0.06144;0.786304
457;0.203616;0.024576;0.278048
458;0.21088;0.026752;0.294592
459;0.451136;0.049152;0.565088
460;0.20352;0.0256;0.283936
461;0.2528;0.023552;0.3536
462;0.216928;0.0256;0.367808
463;0.223168;0.024576;0.298304
464;0.276128;0.026624;0.304864
465;0.158848;0.021504;0.29744
466;0.524864;0.049152;0.579488
467;0.209568;0.024576;0.282528
468;0.242368;0.024576;0.2784
469;0.254592;0.026624;0.325376
470;0.20912;0.026624;0.295168
471;0.187776;0.021504;0.293024
472;0.036544;0.008192;0.03568
473;0.157568;0.02048;0.223424
474;0.194496;0.024576;0.270912
475;0.22224;0.026624;0.37344
476;0.210176;0.023552;0.294336
477;0.181536;0.021504;0.310976
478;0.2112;0.0256;0.293728
479;0.230752;0.024576;0.301152
480;0.175872;0.02048;0.240736
481;0.206464;0.02048;0.302016
482;0.206144;0.027648;0.290432
483;0.202048;0.024576;0.291968
484;0.62272;0.050176;0.692608
485;0.21056;0.024576;0.362592
486;0.239616;0.026624;0.39088
487;0.219424;0.022688;0.296928
488;0.2;0.023552;0.306176
489;0.207712;0.02048;0.272512
490;0.572352;0.050176;0.603584
491;0.2048;0.021504;0.31328
492;0.497408;0.050176;0.622432
493;0.03616;0.008192;0.03568
494;0.202848;0.02432;0.283072
495;0.23888;0.0256;0.411456
496;0.22272;0.024576;0.30368
497;0.207808;0.024576;0.291392
498;0.166048;0.02064;0.296992
499;0.261408;0.0256;0.296256
500;0.562048;0.06144;0.712736
501;0.211136;0.022528;0.369376
502;0.251328;0.023552;0.286656
503;0.283904;0.026624;0.314112
504;0.699968;0.06144;0.700864
505;0.036064;0.008256;0.035712
506;0.579712;0.06144;0.722464
507;0.200992;0.022528;0.280704
508;0.257696;0.022528;0.291264
509;0.451616;0.050176;0.618976
510;0.193792;0.024576;0.29888
511;0.222464;0.0256;0.295008
512;0.241088;0.023552;0.298784
513;0.218304;0.023552;0.300672
514;0.19328;0.023552;0.2976
515;0.283552;0.026784;0.303392
516;0.701312;0.06144;0.803872
517;0.208544;0.024576;0.290464
518;0.528416;0.050176;0.645152
519;0.230976;0.026624;0.319968
520;0.214976;0.023552;0.301984
521;0.258656;0.026624;0.301024
522;0.249088;0.0256;0.3152
523;0.454528;0.050176;0.834912
524;0.239104;0.024576;0.29216
525;0.25216;0.022752;0.28368
526;0.232992;0.026624;0.350816
527;0.23424;0.026624;0.314592
528;0.207232;0.023552;0.301728
529;0.1672;0.021504;0.242848
530;0.203104;0.023552;0.28976
531;0.478656;0.050176;0.721536
532;0.260704;0.024576;0.356448
533;0.210688;0.022528;0.302368
534;0.452224;0.050176;0.610816
535;0.220576;0.024576;0.292288
536;0.487488;0.050176;0.71904
537;0.552896;0.06144;0.765824
538;0.210272;0.024576;0.295424
539;0.25584;0.024576;0.296544
540;0.451456;0.049152;0.641216
541;0.15792;0.021504;0.249536
542;0.201056;0.022528;0.289472
543;0.036096;0.008256;0.03568
544;0.250624;0.023552;0.29104
545;0.196064;0.024576;0.304864
546;0.191808;0.023552;0.28448
547;0.036064;0.008192;0.03568
548;0.22176;0.027648;0.309024
549;0.191488;0.023552;0.290848
550;0.250016;0.023552;0.288704
551;0.157184;0.021504;0.244128
552;0.197344;0.024576;0.293184
553;0.202976;0.022528;0.301152
554;0.201568;0.023552;0.291776
555;0.25872;0.026624;0.310496
556;0.543552;0.06144;0.739072
557;0.272256;0.026624;0.300288
558;0.251712;0.023552;0.292736
559;0.452576;0.050176;0.604448
560;0.1568;0.02048;0.248544
561;0.272352;0.026624;0.32208
562;0.2512;0.022528;0.29248
563;0.238144;0.0256;0.302272
564;0.201536;0.024576;0.292896
565;0.265728;0.024576;0.311552
566;0.272256;0.026624;0.308704
567;0.543936;0.06144;0.777632
568;0.228224;0.02368;0.304448
569;0.254656;0.024576;0.295872
570;0.23728;0.024576;0.291392
571;0.242528;0.024576;0.298048
572;0.190752;0.023552;0.299712
573;0.036128;0.008192;0.035904
574;0.272352;0.026624;0.32176
575;0.544128;0.06144;0.73968
576;0.229408;0.022784;0.294176
577;0.221376;0.026624;0.315136
578;0.211616;0.0256;0.319744
579;0.20048;0.022528;0.300608
580;0.036128;0.008192;0.03568
581;0.036096;0.008192;0.035264
582;0.56496;0.060416;0.725856
583;0.22384;0.026624;0.321952
584;0.036096;0.008192;0.035712
585;0.201888;0.02432;0.288384
586;0.551104;0.06144;0.734944
587;0.459424;0.050176;0.61536
588;0.217696;0.026624;0.317728
589;0.214368;0.0256;0.303264
590;0.552928;0.06144;0.73392
591;0.249888;0.022752;0.317376
592;0.553568;0.06144;0.757152
593;0.202208;0.022528;0.3112
594;0.551168;0.06144;0.794208
595;0.260384;0.024576;0.302112
596;0.226208;0.026624;0.311552
597;0.272;0.026624;0.306944
598;0.452992;0.050176;0.624608
599;0.036128;0.008192;0.03568
600;0.460704;0.050176;0.633856
601;0.222144;0.026624;0.3264
602;0.16208;0.020544;0.252416
603;0.192672;0.023552;0.303296
604;0.245856;0.023552;0.334912
605;0.20064;0.024576;0.292384
606;0.27088;0.026624;0.3136
607;0.214592;0.026624;0.310496
608;0.222368;0.026624;0.320992
609;0.159328;0.021504;0.233472
610;0.214176;0.026624;0.299488
611;0.193248;0.023552;0.283616
612;0.21392;0.026624;0.3304
613;0.193952;0.024576;0.295264
614;0.222368;0.026656;0.302656
615;0.459808;0.050176;0.609248
616;0.441408;0.050176;0.59408
617;0.272832;0.026624;0.29616
618;0.218016;0.026624;0.323168
619;0.216672;0.026624;0.308
620;0.212896;0.026624;0.296832
621;0.200896;0.022528;0.305408
622;0.271232;0.026624;0.321984
623;0.2672;0.026624;0.31312
624;0.16672;0.021504;0.251488
625;0.16736;0.021504;0.244192
626;0.211488;0.024576;0.309376
627;0.249728;0.026624;0.327136
628;0.2016;0.023552;0.293184
629;0.271968;0.026624;0.33184
630;0.03616;0.008256;0.035776
631;0.451328;0.050176;0.639776
632;0.036096;0.008192;0.03568
633;0.206272;0.0256;0.30192
634;0.248576;0.0256;0.299232
635;0.193312;0.023552;0.28464
636;0.157824;0.02048;0.233152
637;0.54192;0.06144;0.7336
638;0.22208;0.027648;0.331296
639;0.460896;0.050176;0.637184
640;0.212864;0.026624;0.34608
641;0.463072;0.049152;0.612512
642;0.272256;0.026624;0.31056
643;0.217632;0.021504;0.243328
644;0.506624;0.050176;0.6152
645;0.20256;0.0256;0.310112
646;0.167168;0.021504;0.2432
647;0.210848;0.024576;0.300224
648;0.192352;0.023552;0.292416
649;0.205824;0.024576;0.306304
650;0.167072;0.021504;0.242656
651;0.158688;0.02048;0.242816
652;0.167104;0.021504;0.24432
653;0.211552;0.024576;0.300864
654;0.21888;0.0256;0.303232
655;0.22192;0.026624;0.319872
656;0.167424;0.021504;0.25536
657;0.166464;0.021504;0.243264
658;0.210528;0.024576;0.317632
659;0.202976;0.0256;0.313184
660;0.03632;0.008192;0.03568
661;0.55216;0.06144;0.777376
662;0.237952;0.023552;0.317376
663;0.221792;0.026624;0.313824
664;0.15824;0.021504;0.243872
665;0.212864;0.026624;0.32016
666;0.216544;0.02048;0.242144
667;0.247424;0.024576;0.300416
668;0.192512;0.023552;0.30192
669;0.166912;0.020608;0.252096
670;0.22832;0.022528;0.31968
671;0.036256;0.008192;0.035712
672;0.272288;0.026688;0.32896
673;0.206752;0.024576;0.319168
674;0.461664;0.050176;0.650528
675;0.461664;0.050176;0.619488
676;0.206144;0.027456;0.310208
677;0.16672;0.02048;0.243104
678;0.460576;0.049152;0.611712
679;0.215584;0.026624;0.308192
680;0.222176;0.026624;0.344704
681;0.271072;0.026624;0.330336
682;0.460224;0.050176;0.649504
683;0.211616;0.024576;0.292544
684;0.036352;0.008448;0.035712
685;0.203616;0.023296;0.297792
686;0.206912;0.024576;0.306816
687;0.193472;0.02048;0.241632
688;0.2416;0.024576;0.3048
689;0.224096;0.024704;0.295552
690;0.219552;0.023744;0.313184
691;0.176704;0.021504;0.247008
692;0.560224;0.050176;0.625248
693;0.03616;0.008192;0.035712
694;0.239232;0.024576;0.310688
695;0.200704;0.022528;0.317376
696;0.673408;0.06144;0.737536
697;0.221984;0.026624;0.32128
698;0.214656;0.028672;0.301728
699;0.21056;0.0256;0.301472
700;0.188512;0.02048;0.251008
701;0.228768;0.023552;0.29168
702;0.21008;0.023552;0.291264
703;0.210304;0.022528;0.291392
704;0.653696;0.06144;0.73456
705;0.16672;0.021504;0.243232
706;0.166144;0.021504;0.254528
707;0.200512;0.023552;0.29216
708;0.543488;0.049152;0.64912
709;0.211616;0.024576;0.30064
710;0.191776;0.024576;0.310368
711;0.616864;0.06144;0.740896
712;0.561664;0.06144;0.81824
713;0.036128;0.008192;0.035712
714;0.23232;0.026624;0.322176
715;0.194656;0.024576;0.295008
716;0.036224;0.008192;0.03568
717;0.561792;0.06144;0.741216
718;0.552544;0.06144;0.759008
719;0.221792;0.026624;0.310752
720;0.167264;0.021504;0.243296
721;0.212576;0.026624;0.311616
722;0.157888;0.021504;0.241312
723;0.21424;0.024576;0.312576
724;0.551904;0.06144;0.732384
725;0.55168;0.06144;0.741312
726;0.221024;0.026624;0.313056
727;0.20528;0.024576;0.304064
728;0.460864;0.050176;0.60688
729;0.56032;0.06144;0.736992
730;0.205888;0.024576;0.297632
731;0.552064;0.06144;0.755232
732;0.167744;0.02048;0.243488
733;0.451616;0.049344;0.64576
734;0.226336;0.026624;0.31296
735;0.228704;0.023552;0.294752
736;0.231232;0.026624;0.312512
737;0.203168;0.023552;0.30016
738;0.201856;0.023552;0.293344
739;0.460704;0.050176;0.62064
740;0.220768;0.026624;0.316032
741;0.22368;0.026624;0.316096
742;0.200704;0.022528;0.29168
743;0.205312;0.024576;0.304544
744;0.561632;0.06144;0.768256
745;0.221792;0.026624;0.312896
746;0.459456;0.049152;0.61616
747;0.202592;0.0256;0.315232
748;0.036096;0.008192;0.035712
749;0.220928;0.0256;0.303936
750;0.210848;0.0256;0.295232
751;0.03616;0.008192;0.035712
752;0.46096;0.050176;0.62976
753;0.036384;0.008192;0.035808
754;0.452928;0.050176;0.652544
755;0.552768;0.06144;0.733248
756;0.27104;0.026752;0.32224
757;0.222752;0.026624;0.32944
758;0.451328;0.050176;0.624544
759;0.036128;0.008192;0.035712
760;0.23776;0.023552;0.290784
761;0.213056;0.026624;0.313504
762;0.193344;0.023552;0.318688
763;0.211296;0.0256;0.301888
764;0.272064;0.026624;0.32432
765;0.20448;0.0256;0.300864
766;0.271968;0.026624;0.308672
767;0.272128;0.026624;0.310656
768;0.251552;0.023712;0.292704
769;0.272;0.026624;0.311744
770;0.271968;0.026624;0.301536
771;0.451424;0.050176;0.605888
772;0.198752;0.023552;0.284224
773;0.21312;0.024576;0.3032
774;0.157536;0.02048;0.252832
775;0.562016;0.06144;0.801632
776;0.20112;0.023552;0.297632
777;0.211584;0.0256;0.317696
778;0.201824;0.023552;0.302304
779;0.212576;0.0256;0.30272
780;0.211296;0.0256;0.33056
781;0.46816;0.050176;0.673248
782;0.166432;0.021504;0.247328
783;0.211488;0.024576;0.309952
784;0.222144;0.026624;0.336672
785;0.036064;0.008192;0.036064
786;0.165888;0.02048;0.242816
787;0.210976;0.022528;0.29872
788;0.22192;0.026624;0.322272
789;0.20608;0.024576;0.325888
790;0.47088;0.050176;0.662752
791;0.469152;0.050176;0.670528
792;0.200992;0.022528;0.314816
793;0.570752;0.06144;0.794464
794;0.22176;0.026624;0.34112
795;0.200704;0.024576;0.302912
796;0.221824;0.026624;0.320128
797;0.569984;0.06144;0.763296
798;0.460704;0.050176;0.668352
799;0.201664;0.023552;0.302528
800;0.223232;0.026624;0.308512
801;0.237984;0.023552;0.31648
802;0.211584;0.024576;0.300832
803;0.221344;0.026624;0.314784
804;0.192064;0.023552;0.31792
805;0.210784;0.024576;0.309088
806;0.260704;0.024576;0.310048
807;0.221856;0.026624;0.317888
808;0.211648;0.024576;0.31344
809;0.191904;0.022528;0.296928
810;0.212864;0.026624;0.319776
811;0.227584;0.022752;0.296288
812;0.167008;0.020544;0.243008
813;0.211968;0.023552;0.289696
814;0.036192;0.008192;0.03568
815;0.27136;0.026624;0.319648
816;0.2024;0.023552;0.289088
817;0.036128;0.008192;0.035904
818;0.214624;0.024576;0.319648
819;0.238624;0.023552;0.2904
820;0.272;0.027648;0.311584
821;0.229024;0.023776;0.290688
822;0.157472;0.021504;0.2432
823;0.166048;0.02048;0.24064
824;0.036064;0.008256;0.035712
825;0.254816;0.025344;0.284288
826;0.164096;0.02048;0.244416
827;0.211808;0.026624;0.31088
828;0.45248;0.050176;0.604576
829;0.213152;0.026624;0.3096
830;0.200224;0.023552;0.28928
831;0.212832;0.026624;0.32208
832;0.19536;0.024576;0.29632
833;0.478016;0.049152;0.600128
834;0.036128;0.008192;0.035712
835;0.202112;0.0256;0.30288
836;0.271232;0.027648;0.313632
837;0.221792;0.026624;0.309472
838;0.202592;0.024576;0.309344
839;0.15792;0.021504;0.240704
840;0.250176;0.022528;0.28912
841;0.450592;0.049152;0.590848
842;0.19328;0.023552;0.291872
843;0.036192;0.008224;0.035968
844;0.21392;0.026624;0.310784
845;0.19456;0.023552;0.3016
846;0.451392;0.050176;0.649984
847;0.212736;0.024576;0.30752
848;0.036096;0.008192;0.03568
849;0.213888;0.026624;0.312064
850;0.216704;0.026624;0.3152
851;0.215168;0.026624;0.321248
852;0.161664;0.021504;0.243776
853;0.194304;0.023552;0.301376
854;0.205728;0.024576;0.296864
855;0.214656;0.026624;0.322016
856;0.196416;0.023552;0.304352
857;0.197504;0.024576;0.298368
858;0.193984;0.023872;0.290368
859;0.21232;0.0256;0.304256
860;0.167456;0.02048;0.241088
861;0.16272;0.023552;0.242784
862;0.169056;0.021504;0.252576
863;0.21152;0.022528;0.291968
864;0.197824;0.023552;0.286464
865;0.45072;0.050176;0.630016
866;0.214752;0.026624;0.312896
867;0.452256;0.050176;0.63264
868;0.194464;0.023552;0.293504
869;0.461472;0.049376;0.65008
870;0.21392;0.026624;0.310912
871;0.204128;0.024576;0.302912
872;0.214688;0.026624;0.331456
873;0.214656;0.026624;0.322304
874;0.213952;0.026624;0.31168
875;0.213504;0.0256;0.309344
876;0.036384;0.008192;0.035808
877;0.223392;0.026624;0.318912
878;0.215936;0.026624;0.311776
879;0.20352;0.023552;0.300832
880;0.223872;0.026624;0.318208
881;0.451168;0.050176;0.619808
882;0.225696;0.020512;0.25216
883;0.217504;0.020576;0.242368
884;0.20416;0.0256;0.303424
885;0.192928;0.022528;0.296704
886;0.203456;0.024576;0.303456
887;0.036384;0.008192;0.03584
888;0.460448;0.050176;0.613184
889;0.450208;0.049152;0.65056
890;0.204192;0.0256;0.29888
891;0.213728;0.026624;0.330112
892;0.204128;0.024576;0.310464
893;0.036096;0.008192;0.035712
894;0.542656;0.06144;0.782784
895;0.551168;0.06144;0.768608
896;0.216;0.026624;0.312768
897;0.167936;0.021504;0.243872
898;0.216704;0.028672;0.32032
899;0.036064;0.008192;0.035712
900;0.226176;0.02048;0.251744
901;0.257984;0.024576;0.294304
902;0.198144;0.024576;0.29584
903;0.205632;0.0256;0.31104
904;0.275072;0.026624;0.332032
905;0.288416;0.02272;0.309856
906;0.22592;0.02048;0.2616
907;0.23088;0.021504;0.263072
908;0.278944;0.022816;0.309984
909;0.03616;0.008192;0.03568
910;0.277856;0.023296;0.309888
911;0.275584;0.022816;0.312576
912;0.710976;0.050176;0.603104
913;0.32224;0.026624;0.29408
914;0.86432;0.06144;0.714208
915;0.226112;0.021504;0.252832
916;0.692992;0.050176;0.582496
917;0.293312;0.024576;0.304192
918;0.863328;0.06144;0.695712
919;0.288352;0.023552;0.300448
920;0.32944;0.026624;0.329472
921;0.288736;0.024576;0.29232
922;0.287616;0.023552;0.291296
923;0.278272;0.023552;0.292352
924;0.69936;0.050176;0.656576
925;0.279456;0.024576;0.291296
926;0.303808;0.026624;0.302624
927;0.282752;0.024576;0.295296
928;0.273504;0.024576;0.287296
929;0.283008;0.024576;0.29344
930;0.036096;0.008448;0.03568
931;0.276416;0.0256;0.311392
932;0.221376;0.021504;0.241184
933;0.036096;0.008192;0.03568
934;0.27936;0.0256;0.3088
935;0.216896;0.021504;0.243072
936;0.27376;0.024576;0.302688
937;0.036128;0.008192;0.03568
938;0.305472;0.026624;0.303552
939;0.29648;0.026624;0.311424
940;0.269376;0.023552;0.291776
941;0.294464;0.026624;0.318016
942;0.29488;0.026624;0.330976
943;0.279136;0.024576;0.280896
944;0.036096;0.008192;0.03568
945;0.268896;0.023296;0.281696
946;0.863456;0.06144;0.72896
947;0.845472;0.060416;0.735296
948;0.701792;0.049152;0.6008
949;0.281312;0.024576;0.292672
950;0.278496;0.023552;0.290112
951;0.303776;0.026624;0.321984
952;0.856896;0.06144;0.732448
953;0.28944;0.024576;0.292928
954;0.295584;0.026624;0.331488
955;0.269664;0.022816;0.2936
956;0.269152;0.023552;0.2968
957;0.296192;0.026624;0.310624
958;0.26096;0.023552;0.291616
959;0.288736;0.0256;0.301664
960;0.285408;0.026624;0.29328
961;0.218112;0.02048;0.251488
962;0.29904;0.0256;0.299808
963;0.264832;0.024576;0.29472
964;0.69424;0.049152;0.603584
965;0.304672;0.026624;0.2928
966;0.303776;0.026624;0.312064
967;0.036224;0.008192;0.035776
968;0.295616;0.026624;0.323168
969;0.207456;0.02048;0.234336
970;0.283648;0.024576;0.2888
971;0.280192;0.0256;0.302912
972;0.21728;0.02048;0.23504
973;0.036128;0.008192;0.035712
974;0.714176;0.049408;0.599328
975;0.288512;0.0256;0.302848
976;0.273728;0.024576;0.285536
977;0.036096;0.008192;0.03568
978;0.86448;0.06144;0.683488
979;0.277888;0.022528;0.291776
980;0.680832;0.050176;0.59696
981;0.289344;0.0256;0.292256
982;0.207392;0.02048;0.242464
983;0.706176;0.050176;0.62272
984;0.278176;0.022528;0.291264
985;0.207776;0.02048;0.23296
986;0.278592;0.022528;0.304096
987;0.20368;0.02048;0.232224
988;0.221408;0.021504;0.244384
989;0.216544;0.021504;0.244256
990;0.273792;0.024576;0.296832
991;0.279712;0.0256;0.29936
992;0.282496;0.024576;0.30496
993;0.694688;0.050176;0.624448
994;0.269792;0.023552;0.292256
995;0.20752;0.02048;0.234208
996;0.288128;0.022528;0.291776
997;0.87408;0.06144;0.684736
998;0.278176;0.022528;0.297216
999;0.279648;0.023552;0.282912
1000;0.273664;0.024576;0.287552
1001;0.20928;0.021504;0.23392
1002;0.295136;0.026624;0.301344
1003;0.216896;0.021504;0.232992
1004;0.280416;0.0256;0.302176
1005;0.26592;0.023552;0.282976
1006;0.303808;0.026624;0.310848
1007;0.28048;0.024576;0.29264
1008;0.216896;0.021504;0.24272
1009;0.036128;0.008192;0.03568
1010;0.208384;0.020608;0.234432
1011;0.212832;0.02048;0.243456
1012;0.712224;0.050176;0.643552
1013;0.278592;0.024576;0.2816
1014;0.672192;0.050176;0.627968
1015;0.656512;0.049152;0.601888
1016;0.21856;0.02048;0.243424
1017;0.312992;0.026656;0.31152
1018;0.036128;0.008192;0.035712
1019;0.846368;0.06144;0.681344
1020;0.685216;0.050176;0.592544
1021;0.65168;0.050176;0.59216
1022;0.312992;0.026624;0.32016
1023;0.303712;0.026624;0.302368
1024;0.269472;0.022528;0.282784
1025;0.270752;0.023552;0.28336
1026;0.036064;0.008192;0.035936
1027;0.666016;0.049152;0.645504
1028;0.288704;0.0256;0.30352
1029;0.286176;0.026624;0.301536
1030;0.279456;0.024576;0.291936
1031;0.21648;0.02048;0.242784
1032;0.279392;0.024576;0.30224
1033;0.859936;0.06144;0.686016
1034;0.269952;0.023552;0.286016
1035;0.27312;0.024576;0.287072
1036;0.294432;0.026624;0.310912
1037;0.274848;0.022528;0.292064
1038;0.217536;0.02048;0.243296
1039;0.702688;0.0512;0.64416
1040;0.270016;0.024576;0.283456
1041;0.269728;0.023552;0.297664
1042;0.294464;0.026624;0.301696
1043;0.273632;0.024576;0.277248
1044;0.21792;0.02048;0.233824
1045;0.304672;0.026624;0.312544
1046;0.269376;0.023552;0.29328
1047;0.295488;0.026624;0.301408
1048;0.2128;0.021504;0.231552
1049;0.26992;0.023552;0.28208
1050;0.305728;0.026624;0.302336
1051;0.278528;0.023552;0.283648
1052;0.847136;0.06144;0.681952
1053;0.28048;0.0256;0.299136
1054;0.273568;0.024576;0.286336
1055;0.295584;0.026624;0.302976
1056;0.655552;0.050176;0.5952
1057;0.278336;0.023552;0.2952
1058;0.303648;0.026624;0.302848
1059;0.279296;0.0256;0.284096
1060;0.294432;0.026624;0.302464
1061;0.260128;0.024576;0.282944
1062;0.280576;0.024576;0.28448
1063;0.268896;0.022528;0.282912
1064;0.294464;0.026624;0.30384
1065;0.304832;0.026624;0.303008
1066;0.819232;0.062464;0.712256
1067;0.28384;0.024576;0.287264
1068;0.30384;0.026624;0.294112
1069;0.675904;0.050176;0.638656
1070;0.305728;0.026624;0.289824
1071;0.304832;0.026624;0.302048
1072;0.269536;0.023552;0.283008
1073;0.279136;0.024576;0.283456
1074;0.21664;0.021504;0.242816
1075;0.821024;0.06144;0.714784
1076;0.2784;0.02272;0.281184
1077;0.207328;0.021504;0.24112
1078;0.717696;0.050176;0.603648
1079;0.288416;0.024576;0.290976
1080;0.2912;0.026848;0.30128
1081;0.296416;0.026624;0.29328
1082;0.207904;0.021504;0.233792
1083;0.269312;0.023552;0.273952
1084;0.28864;0.026624;0.293696
1085;0.26112;0.023552;0.285152
1086;0.21744;0.021504;0.233984
1087;0.198656;0.02048;0.233152
1088;0.288736;0.0256;0.29552
1089;0.294432;0.026624;0.293152
1090;0.295616;0.026784;0.312064
1091;0.281248;0.024576;0.282176
1092;0.288768;0.0256;0.293952
1093;0.26896;0.022784;0.282528
1094;0.279552;0.0256;0.29088
1095;0.21696;0.021504;0.234656
1096;0.213728;0.021504;0.235808
1097;0.83824;0.06144;0.705056
1098;0.221472;0.021504;0.233664
1099;0.274912;0.024576;0.29888
1100;0.808544;0.06144;0.677728
1101;0.303808;0.026816;0.311712
1102;0.277824;0.022528;0.282624
1103;0.207296;0.020608;0.234144
1104;0.280096;0.024576;0.28208
1105;0.269696;0.022528;0.273024
1106;0.29568;0.026848;0.302528
1107;0.664256;0.050176;0.591232
1108;0.656512;0.050176;0.612064
1109;0.036128;0.008192;0.035712
1110;0.2704;0.023392;0.29392
1111;0.208224;0.021504;0.233792
1112;0.691104;0.050176;0.615328
1113;0.207296;0.020768;0.23376
1114;0.279552;0.023552;0.282624
1115;0.303776;0.026624;0.31376
1116;0.268672;0.022528;0.28352
1117;0.303776;0.026624;0.31584
1118;0.273696;0.024576;0.295712
1119;0.294592;0.026624;0.30128
1120;0.269984;0.023552;0.273152
1121;0.216672;0.021504;0.243936
1122;0.294592;0.026624;0.303648
1123;0.280448;0.0256;0.29264
1124;0.854176;0.06144;0.676512
1125;0.303936;0.026624;0.3136
1126;0.656736;0.049344;0.602784
1127;0.268864;0.022784;0.274048
1128;0.279168;0.024576;0.291456
1129;0.217088;0.021504;0.234432
1130;0.2944;0.026624;0.283072
1131;0.649216;0.050176;0.591328
1132;0.27952;0.024576;0.290976
1133;0.294432;0.026624;0.303488
1134;0.274528;0.024576;0.286272
1135;0.279552;0.024576;0.289888
1136;0.207296;0.02048;0.24368
1137;0.225824;0.021504;0.233344
1138;0.26432;0.024576;0.293888
1139;0.273472;0.024576;0.275584
1140;0.295616;0.027648;0.302784
1141;0.294464;0.026624;0.30256
1142;0.206944;0.021504;0.2408
1143;0.845824;0.06144;0.676256
1144;0.20576;0.021504;0.23504
1145;0.279392;0.024576;0.28144
1146;0.28624;0.026624;0.300256
1147;0.269664;0.023552;0.282336
1148;0.294432;0.026624;0.293312
1149;0.270272;0.024576;0.29216
1150;0.653472;0.049152;0.6016
1151;0.278112;0.023552;0.283552
1152;0.29456;0.026624;0.304512
1153;0.809024;0.06144;0.6968
1154;0.278144;0.023552;0.273056
1155;0.036096;0.008192;0.03568
1156;0.294432;0.026624;0.299808
1157;0.294624;0.026624;0.29328
1158;0.27008;0.023552;0.277024
1159;0.29456;0.026624;0.291936
1160;0.274688;0.024576;0.285504
1161;0.270976;0.0256;0.283936
1162;0.286944;0.026624;0.294624
1163;0.206976;0.02048;0.233152
1164;0.31296;0.026624;0.29408
1165;0.288736;0.0256;0.290144
1166;0.261184;0.022528;0.272544
1167;0.261472;0.022528;0.28336
1168;0.279456;0.024576;0.274528
1169;0.27376;0.024576;0.294208
1170;0.036128;0.008192;0.03568
1171;0.28048;0.0256;0.283424
1172;0.279072;0.024576;0.289632
1173;0.280128;0.024576;0.28304
1174;0.208608;0.02048;0.234208
1175;0.26896;0.022528;0.301472
1176;0.667008;0.050176;0.617408
1177;0.304704;0.026624;0.294464
1178;0.294816;0.026624;0.313088
1179;0.274368;0.024576;0.28608
1180;0.29456;0.026624;0.29536
1181;0.295904;0.026624;0.30336
1182;0.644832;0.049152;0.58864
1183;0.662272;0.049152;0.620672
1184;0.269344;0.023552;0.288768
1185;0.282464;0.024576;0.2864
1186;0.273184;0.024576;0.2968
1187;0.269664;0.022816;0.280992
1188;0.29568;0.026624;0.291296
1189;0.207488;0.021504;0.230688
1190;0.304768;0.026624;0.311008
1191;0.8176;0.06144;0.670592
1192;0.78336;0.06144;0.676352
1193;0.271392;0.024576;0.291008
1194;0.283136;0.024576;0.276576
1195;0.208832;0.02048;0.23312
1196;0.304544;0.026624;0.30128
1197;0.19808;0.02048;0.23376
1198;0.279872;0.024576;0.283744
1199;0.294624;0.026624;0.312544
1200;0.270528;0.023552;0.284384
1201;0.29456;0.026624;0.30176
1202;0.295456;0.026624;0.310912
1203;0.268672;0.022784;0.310784
1204;0.283392;0.024576;0.2776
1205;0.29456;0.026624;0.311776
1206;0.658464;0.050176;0.61536
1207;0.289792;0.0256;0.3032
1208;0.295264;0.026624;0.313568
1209;0.304672;0.026624;0.301376
1210;0.202848;0.021504;0.2408
1211;0.303808;0.026624;0.302528
1212;0.2696;0.023552;0.293824
1213;0.207328;0.02048;0.230496
1214;0.21696;0.021504;0.235392
1215;0.27376;0.024576;0.290144
1216;0.19872;0.02048;0.23376
1217;0.684288;0.049152;0.626368
1218;0.21664;0.02048;0.243456
1219;0.29056;0.024576;0.294272
1220;0.25984;0.023552;0.283136
1221;0.663936;0.049152;0.599712
1222;0.270752;0.023776;0.284928
1223;0.27104;0.0256;0.292992
1224;0.259488;0.023552;0.292608
1225;0.303776;0.026624;0.294688
1226;0.279136;0.0256;0.294016
1227;0.633696;0.049152;0.584512
1228;0.216256;0.02048;0.2432
1229;0.199072;0.02048;0.241696
1230;0.292896;0.022784;0.29232
1231;0.294432;0.026624;0.313504
1232;0.66496;0.049152;0.602432
1233;0.270368;0.023552;0.280064
1234;0.27472;0.023552;0.280448
1235;0.799872;0.06144;0.676256
1236;0.27776;0.023552;0.292128
1237;0.036384;0.008192;0.03568
1238;0.036064;0.008192;0.035232
1239;0.65072;0.049152;0.586208
1240;0.303648;0.026624;0.312032
1241;0.21696;0.021504;0.244288
1242;0.270176;0.023552;0.281568
1243;0.270016;0.023648;0.27296
1244;0.206976;0.02048;0.234528
1245;0.681056;0.049152;0.600992
1246;0.284224;0.023552;0.297664
1247;0.198912;0.020544;0.225056
1248;0.846144;0.06144;0.697824
1249;0.292704;0.026624;0.299232
1250;0.036096;0.008192;0.03568
1251;0.295456;0.026624;0.301984
1252;0.279424;0.024576;0.29152
1253;0.274624;0.024576;0.299232
1254;0.208448;0.024448;0.233152
1255;0.270528;0.023552;0.284512
1256;0.265152;0.024576;0.296
1257;0.273792;0.022528;0.289664
1258;0.279584;0.024576;0.283136
1259;0.216192;0.02048;0.234176
1260;0.29456;0.026624;0.294272
1261;0.269344;0.023552;0.296608
1262;0.294944;0.026624;0.300256
1263;0.274816;0.024576;0.286112
1264;0.274208;0.024576;0.285248
1265;0.283808;0.024576;0.285024
1266;0.279424;0.0256;0.29056
1267;0.30464;0.026624;0.302016
1268;0.293248;0.026624;0.303584
1269;0.279168;0.024576;0.283488
1270;0.207136;0.02048;0.2352
1271;0.303808;0.026624;0.29312
1272;0.206944;0.02048;0.234272
1273;0.20736;0.02048;0.234304
1274;0.209408;0.021504;0.233792
1275;0.312832;0.026624;0.303264
1276;0.66576;0.04944;0.61008
1277;0.66688;0.050176;0.595904
1278;0.288736;0.024576;0.284512
1279;0.03648;0.008192;0.035712
1280;0.269312;0.023552;0.274976
1281;0.03616;0.008192;0.035712
1282;0.282976;0.025344;0.286272
1283;0.30368;0.026624;0.302304
1284;0.666144;0.050176;0.605216
1285;0.648832;0.050176;0.61264
1286;0.304832;0.026624;0.293888
1287;0.294464;0.026624;0.305344
1288;0.036096;0.008224;0.035712
1289;0.26048;0.023296;0.283904
1290;0.26864;0.023552;0.281248
1291;0.662176;0.050176;0.608416
1292;0.296064;0.026624;0.318656
1293;0.295584;0.026624;0.301856
1294;0.289024;0.024576;0.280352
1295;0.217152;0.021504;0.234528
1296;0.26064;0.024576;0.294176
1297;0.199968;0.02048;0.23328
1298;0.281504;0.024576;0.281984
1299;0.666144;0.049152;0.60528
1300;0.28384;0.024576;0.278624
1301;0.295424;0.026624;0.304544
1302;0.645344;0.050432;0.585184
1303;0.789632;0.06144;0.676224
1304;0.036096;0.009216;0.035712
1305;0.21648;0.02048;0.242944
1306;0.290144;0.022528;0.300256
1307;0.27904;0.024576;0.283776
1308;0.26864;0.022784;0.281248
1309;0.643232;0.050176;0.586592
1310;0.278144;0.023552;0.281216
1311;0.648224;0.050176;0.605248
1312;0.294464;0.026624;0.292096
1313;0.65248;0.049152;0.583456
1314;0.638944;0.049408;0.582976
1315;0.269984;0.023552;0.291296
1316;0.264416;0.024576;0.302432
1317;0.799968;0.06144;0.667008
1318;0.270848;0.022528;0.273312
1319;0.294592;0.026624;0.302368
1320;0.270048;0.022528;0.283552
1321;0.644224;0.049152;0.603296
1322;0.294464;0.026624;0.291168
1323;0.279744;0.0256;0.283168
1324;0.295488;0.026624;0.303776
1325;0.270848;0.022528;0.285888
1326;0.684448;0.049152;0.576384
1327;0.273568;0.024576;0.29376
1328;0.827584;0.06144;0.703872
1329;0.279424;0.024576;0.299104
1330;0.296192;0.026624;0.303264
1331;0.295648;0.026624;0.28512
1332;0.299168;0.026624;0.293024
1333;0.036192;0.009216;0.035776
1334;0.036128;0.008192;0.0352
1335;0.294656;0.026624;0.284192
1336;0.290016;0.026624;0.28256
1337;0.21648;0.02048;0.234144
1338;0.036064;0.008192;0.035712
1339;0.036128;0.007936;0.035232
1340;0.670272;0.050176;0.584832
1341;0.269664;0.023552;0.27392
1342;0.20768;0.021504;0.22544
1343;0.28016;0.0256;0.281888
1344;0.217056;0.021504;0.244288
1345;0.268608;0.022528;0.280416
1346;0.294464;0.026624;0.30128
1347;0.656032;0.049152;0.581216
1348;0.269408;0.022528;0.294112
1349;0.036128;0.008192;0.03568
1350;0.26912;0.023296;0.273696
1351;0.268896;0.022528;0.282752
1352;0.269088;0.023552;0.284448
1353;0.294464;0.026624;0.29968
1354;0.802944;0.06144;0.695168
1355;0.288832;0.024576;0.303296
1356;0.271968;0.0256;0.29264
1357;0.212736;0.021504;0.242208
1358;0.294592;0.026624;0.294336
1359;0.80192;0.06144;0.667104
1360;0.303648;0.026624;0.31104
1361;0.270272;0.023552;0.291808
1362;0.270368;0.023552;0.272192
1363;0.279648;0.0256;0.291936
1364;0.207296;0.02048;0.242464
1365;0.683552;0.050176;0.591136
1366;0.277824;0.022816;0.273536
1367;0.26912;0.023552;0.272032
1368;0.276608;0.024576;0.300128
1369;0.285376;0.026624;0.284864
1370;0.27952;0.0256;0.292448
1371;0.213856;0.021504;0.245088
1372;0.285344;0.026624;0.302496
1373;0.270048;0.022528;0.27232
1374;0.261632;0.023552;0.269792
1375;0.294464;0.026624;0.294112
1376;0.278944;0.023552;0.27568
1377;0.1992;0.02048;0.241888
1378;0.03616;0.008224;0.035712
1379;0.036096;0.008192;0.035264
1380;0.658624;0.049216;0.57632
1381;0.207264;0.02048;0.23328
1382;0.827584;0.06144;0.704928
1383;0.288672;0.024576;0.283744
1384;0.665376;0.050176;0.610144
1385;0.295648;0.026656;0.302912
1386;0.036128;0.008192;0.035968
1387;0.26048;0.023296;0.28336
1388;0.300576;0.026624;0.299392
1389;0.279616;0.0256;0.281376
1390;0.657056;0.050176;0.583744
1391;0.282496;0.024576;0.276832
1392;0.278528;0.023552;0.290432
1393;0.294432;0.026624;0.3024
1394;0.278912;0.023552;0.292224
1395;0.28592;0.0256;0.291488
1396;0.651584;0.049152;0.583776
1397;0.268992;0.023552;0.289792
1398;0.036128;0.008224;0.03568
1399;0.263968;0.02432;0.306048
1400;0.265536;0.022784;0.26432
1401;0.28624;0.026624;0.30336
1402;0.27072;0.022816;0.273248
1403;0.268992;0.023552;0.281536
1404;0.207744;0.020768;0.22608
1405;0.268704;0.023552;0.290144
1406;0.260032;0.024576;0.274688
1407;0.286624;0.026624;0.29168
1408;0.20736;0.021504;0.241472
1409;0.26976;0.023552;0.274912
1410;0.269952;0.023552;0.293728
1411;0.827808;0.06144;0.713664
1412;0.646336;0.049152;0.611104
1413;0.271552;0.0256;0.283456
1414;0.216864;0.021504;0.23504
1415;0.645696;0.050176;0.601568
1416;0.295488;0.026624;0.292896
1417;0.283584;0.026624;0.291744
1418;0.29472;0.026624;0.29408
1419;0.26944;0.023552;0.280064
1420;0.207264;0.02048;0.23408
1421;0.303648;0.026624;0.30192
1422;0.268576;0.022528;0.2736
1423;0.198752;0.02048;0.241216
1424;0.216512;0.021504;0.226048
1425;0.301728;0.026624;0.292064
1426;0.198176;0.021504;0.234144
1427;0.296352;0.026624;0.309984
1428;0.295488;0.026624;0.30224
1429;0.294624;0.026624;0.29376
1430;0.279456;0.0256;0.28512
1431;0.808832;0.06144;0.697344
1432;0.216544;0.021504;0.233504
1433;0.799136;0.06144;0.669568
1434;0.28896;0.0256;0.291904
1435;0.294464;0.026624;0.311552
1436;0.270528;0.0256;0.291584
1437;0.278976;0.023552;0.293568
1438;0.653024;0.049152;0.594048
1439;0.26032;0.022528;0.282592
1440;0.29504;0.026624;0.301248
1441;0.03616;0.008192;0.03568
1442;0.285184;0.026624;0.301728
1443;0.294592;0.026624;0.311744
1444;0.279488;0.024576;0.283424
1445;0.206944;0.02048;0.23408
1446;0.269984;0.023552;0.280928
1447;0.280224;0.022528;0.28544
1448;0.29456;0.026624;0.294336
1449;0.294528;0.026624;0.294048
1450;0.29456;0.026624;0.293088
1451;0.279712;0.024576;0.290592
1452;0.294656;0.027648;0.303904
1453;0.261856;0.024576;0.28192
1454;0.285952;0.026624;0.2952
1455;0.03616;0.008192;0.035712
1456;0.269664;0.023552;0.28768
1457;0.271648;0.0256;0.284288
1458;0.2608;0.023552;0.283424
1459;0.260768;0.023552;0.272992
1460;0.2608;0.023552;0.265696
1461;0.036224;0.008192;0.03584
1462;0.656928;0.050176;0.611584
1463;0.641024;0.050176;0.614848
1464;0.788928;0.06144;0.69776
1465;0.63488;0.050176;0.608192
1466;0.62912;0.050176;0.582464
1467;0.295744;0.026624;0.302848
1468;0.260832;0.024576;0.28656
1469;0.217536;0.02048;0.24336
1470;0.332448;0.026624;0.31184
1471;0.221504;0.021504;0.244256
1472;0.306912;0.0256;0.310368
1473;0.288128;0.023552;0.289024
1474;0.32208;0.026624;0.310624
1475;0.297856;0.0256;0.302144
1476;0.703936;0.050176;0.60096
1477;0.703712;0.050176;0.620768
1478;0.3232;0.026624;0.32432
1479;0.290144;0.022528;0.283552
1480;0.28784;0.023552;0.29424
1481;0.715904;0.049408;0.624256
1482;0.298944;0.02464;0.312192
1483;0.289696;0.0256;0.292992
1484;0.288288;0.022528;0.293312
1485;0.712896;0.050176;0.636512
1486;0.314016;0.026624;0.320416
1487;0.712224;0.050176;0.602592
1488;0.288384;0.023552;0.30384
1489;0.322496;0.026624;0.320128
1490;0.323296;0.026624;0.310848
1491;0.036288;0.008192;0.035712
1492;0.704704;0.050176;0.635648
1493;0.88272;0.06144;0.771808
1494;0.693632;0.049152;0.629536
1495;0.291968;0.024576;0.294272
1496;0.28816;0.023552;0.284032
1497;0.298272;0.0256;0.29232
1498;0.22112;0.02048;0.23376
1499;0.71392;0.050176;0.62096
1500;0.32208;0.026624;0.33072
1501;0.296576;0.022784;0.281312
1502;0.704608;0.050176;0.619072
1503;0.217728;0.02048;0.241248
1504;0.307072;0.024576;0.310336
1505;0.220992;0.021504;0.241824
1506;0.722304;0.049152;0.63312
1507;0.036128;0.008192;0.03568
1508;0.69264;0.050176;0.613952
1509;0.291584;0.024576;0.293952
1510;0.036096;0.008192;0.03568
1511;0.32208;0.026624;0.302048
1512;0.33184;0.026624;0.310816
1513;0.322208;0.026624;0.311648
1514;0.304416;0.026624;0.312096
1515;0.314944;0.026624;0.31152
1516;0.298016;0.023552;0.291488
1517;0.703616;0.050176;0.61104
1518;0.29792;0.0256;0.299424
1519;0.284704;0.024576;0.301376
1520;0.036096;0.008192;0.035712
1521;0.32224;0.026624;0.31056
1522;0.705984;0.050176;0.609504
1523;0.287456;0.024576;0.292192
1524;0.70288;0.050176;0.601024
1525;0.221984;0.02048;0.241696
1526;0.70576;0.050176;0.629632
1527;0.036096;0.008192;0.035712
1528;0.216832;0.02048;0.23376
1529;0.235968;0.021504;0.242656
1530;0.323104;0.026624;0.31312
1531;0.291584;0.024576;0.287392
1532;0.314912;0.026624;0.30992
1533;0.332;0.026624;0.31072
1534;0.704032;0.050176;0.612096
1535;0.290336;0.0256;0.309856
1536;0.322656;0.026624;0.320512
1537;0.312896;0.026624;0.321888
1538;0.712928;0.050176;0.602592
1539;0.036096;0.008416;0.03568
1540;0.222144;0.021504;0.250944
1541;0.296576;0.022528;0.29024
1542;0.313696;0.026624;0.30224
1543;0.288288;0.022528;0.30096
1544;0.32224;0.026624;0.311808
1545;0.036128;0.008192;0.035712
1546;0.225824;0.022272;0.242336
1547;0.333504;0.026624;0.311488
1548;0.225664;0.02048;0.24224
1549;0.892448;0.06144;0.738112
1550;0.690336;0.050176;0.612864
1551;0.33232;0.026624;0.300064
1552;0.297568;0.0256;0.311392
1553;0.287744;0.022624;0.282784
1554;0.306816;0.0256;0.292128
1555;0.300032;0.0256;0.302176
1556;0.298048;0.024576;0.301664
1557;0.036256;0.008192;0.035712
1558;0.307104;0.024576;0.3104
1559;0.71344;0.050176;0.608992
1560;0.296224;0.024576;0.309056
1561;0.222016;0.021504;0.242528
1562;0.297696;0.022528;0.291232
1563;0.886112;0.06144;0.747936
1564;0.30128;0.024576;0.293568
1565;0.313024;0.026624;0.31072
1566;0.22016;0.021504;0.243168
1567;0.289824;0.023584;0.283168
1568;0.216768;0.02048;0.251904
1569;0.886912;0.06144;0.74928
1570;0.212768;0.02048;0.242176
1571;0.331584;0.026624;0.301472
1572;0.712096;0.050176;0.611136
1573;0.692288;0.050176;0.6376
1574;0.221504;0.021504;0.24128
1575;0.73136;0.0512;0.634624
1576;0.859968;0.06144;0.715776
1577;0.298912;0.024576;0.310912
1578;0.702944;0.050176;0.603072
1579;0.285312;0.022528;0.292352
1580;0.226176;0.021504;0.234496
1581;0.859232;0.06144;0.712544
1582;0.291968;0.024576;0.304544
1583;0.036096;0.008192;0.035712
1584;0.863648;0.06144;0.742848
1585;0.331328;0.026624;0.31248
1586;0.2888;0.026624;0.292704
1587;0.297984;0.0256;0.300096
1588;0.036064;0.008192;0.03568
1589;0.31968;0.026624;0.30128
1590;0.036128;0.008192;0.035712
1591;0.313472;0.026624;0.32128
1592;0.288864;0.023552;0.291776
1593;0.29856;0.0256;0.299808
1594;0.287104;0.022528;0.301056
1595;0.868992;0.06144;0.704032
1596;0.694496;0.049152;0.604224
1597;0.289152;0.022816;0.301952
1598;0.036096;0.008256;0.035712
1599;0.230688;0.02048;0.243648
1600;0.704992;0.050176;0.646528
1601;0.693952;0.050176;0.6312
1602;0.307648;0.0256;0.301696
1603;0.702624;0.050176;0.59888
1604;0.287072;0.022528;0.301056
1605;0.293984;0.024576;0.293952
1606;0.860384;0.06144;0.722144
1607;0.297888;0.0256;0.31344
1608;0.702912;0.050176;0.644352
1609;0.704032;0.050176;0.621856
1610;0.30816;0.024576;0.299392
1611;0.291936;0.024576;0.285824
1612;0.298016;0.024576;0.299776
1613;0.287744;0.024576;0.289824
1614;0.218368;0.02048;0.242464
1615;0.308256;0.0256;0.30224
1616;0.036096;0.008224;0.03568
1617;0.298592;0.0256;0.306016
1618;0.291968;0.024576;0.297888
1619;0.323104;0.026624;0.31008
1620;0.701856;0.049376;0.617376
1621;0.681056;0.050176;0.599872
1622;0.23056;0.02048;0.244096
1623;0.711904;0.050208;0.632096
1624;0.32224;0.026624;0.311232
1625;0.288128;0.023552;0.284416
1626;0.036096;0.008192;0.03568
1627;0.287648;0.02432;0.292288
1628;0.860288;0.06144;0.73136
1629;0.289952;0.0256;0.301664
1630;0.322048;0.026624;0.311488
1631;0.322336;0.026624;0.304448
1632;0.28704;0.022784;0.302016
1633;0.036096;0.008192;0.03568
1634;0.695648;0.050176;0.617728
1635;0.299168;0.0256;0.300832
1636;0.702976;0.050176;0.603584
1637;0.693792;0.050176;0.642304
1638;0.70256;0.050176;0.607008
1639;0.698304;0.050176;0.606208
1640;0.222336;0.021504;0.2504
1641;0.313024;0.026624;0.312064
1642;0.710816;0.049152;0.627264
1643;0.322112;0.026624;0.301472
1644;0.705024;0.050176;0.626656
1645;0.322208;0.026624;0.322976
1646;0.287648;0.022816;0.282304
1647;0.288192;0.023552;0.291296
1648;0.711712;0.050176;0.628096
1649;0.85008;0.06144;0.746496
1650;0.306784;0.024576;0.291904
1651;0.036128;0.008192;0.03568
1652;0.323136;0.026656;0.310944
1653;0.217248;0.02048;0.242688
1654;0.296608;0.023552;0.30048
1655;0.704928;0.049152;0.60112
1656;0.29792;0.0256;0.29248
1657;0.297824;0.0256;0.320576
1658;0.306784;0.0256;0.301664
1659;0.287808;0.023552;0.302816
1660;0.702848;0.050176;0.593472
1661;0.287808;0.022528;0.292096
1662;0.288544;0.022528;0.28128
1663;0.297024;0.022528;0.291552
1664;0.23056;0.021504;0.245088
1665;0.212768;0.02048;0.242688
1666;0.036128;0.008192;0.035776
1667;0.331232;0.026624;0.311936
1668;0.332032;0.026784;0.314144
1669;0.294016;0.024576;0.28608
1670;0.322272;0.026656;0.302784
1671;0.297632;0.0256;0.301472
1672;0.70304;0.050176;0.600512
1673;0.7032;0.050176;0.609024
1674;0.287008;0.023552;0.289792
1675;0.036192;0.008192;0.03568
1676;0.292928;0.024576;0.295776
1677;0.331328;0.026816;0.315712
1678;0.315744;0.026624;0.309504
1679;0.71216;0.050176;0.61088
1680;0.036128;0.008192;0.03568
1681;0.279232;0.023584;0.28976
1682;0.31392;0.026624;0.312032
1683;0.221344;0.02048;0.242528
1684;0.332928;0.026624;0.32544
1685;0.28784;0.022528;0.28368
1686;0.226176;0.021504;0.234688
1687;0.297888;0.024576;0.293696
1688;0.23216;0.021504;0.234368
1689;0.702496;0.050176;0.592064
1690;0.036128;0.008192;0.035712
1691;0.704;0.050176;0.618432
1692;0.22336;0.021504;0.241152
1693;0.349888;0.026624;0.312064
1694;0.29648;0.024576;0.291904
1695;0.323296;0.026624;0.303232
1696;0.859584;0.06144;0.710656
1697;0.315776;0.023552;0.29056
1698;0.287488;0.023552;0.291648
1699;0.280032;0.023552;0.284064
1700;0.289408;0.023552;0.28256
1701;0.322496;0.026624;0.301728
1702;0.289344;0.024576;0.291392
1703;0.297984;0.022528;0.292032
1704;0.289152;0.023552;0.294624
1705;0.30432;0.02576;0.30016
1706;0.323296;0.026624;0.310816
1707;0.286848;0.022656;0.289504
1708;0.313024;0.026624;0.311872
1709;0.711744;0.050176;0.640192
1710;0.694784;0.050176;0.622816
1711;0.288256;0.022528;0.290752
1712;0.29168;0.024576;0.30656
1713;0.31296;0.026624;0.311008
1714;0.693632;0.050176;0.611584
1715;0.340672;0.026624;0.322272
1716;0.036448;0.008192;0.03568
1717;0.28784;0.02432;0.291168
1718;0.298912;0.024576;0.300128
1719;0.287168;0.024576;0.302176
1720;0.292032;0.024576;0.295648
1721;0.298048;0.023552;0.283808
1722;0.31392;0.026624;0.310976
1723;0.330432;0.026624;0.322272
1724;0.323136;0.026624;0.310432
1725;0.22096;0.02048;0.279744
1726;0.711072;0.050176;0.601888
1727;0.313024;0.026624;0.311904
1728;0.288288;0.023552;0.302016
1729;0.704;0.050176;0.611584
1730;0.693376;0.050176;0.613856
1731;0.685536;0.050176;0.636128
1732;0.036096;0.008224;0.03568
1733;0.29184;0.024576;0.293984
1734;0.230528;0.021504;0.244256
1735;0.710624;0.050176;0.617792
1736;0.279424;0.022528;0.30304
1737;0.2888;0.024576;0.280672
1738;0.291776;0.024576;0.316288
1739;0.32208;0.026624;0.311712
1740;0.286944;0.022528;0.292384
1741;0.225856;0.02048;0.259936
1742;0.703744;0.050176;0.623872
1743;0.291424;0.024576;0.294784
1744;0.322944;0.026624;0.3096
1745;0.313888;0.026624;0.310752
1746;0.287232;0.024576;0.283488
1747;0.03616;0.008192;0.035712
1748;0.703936;0.050176;0.600768
1749;0.291776;0.024576;0.306208
1750;0.297504;0.0256;0.312416
1751;0.6936;0.050176;0.608704
1752;0.036096;0.008192;0.03568
1753;0.855232;0.06144;0.738624
1754;0.32416;0.026624;0.30992
1755;0.864992;0.06144;0.72368
1756;0.268704;0.0256;0.283424
1757;0.295488;0.026624;0.302336
1758;0.646752;0.049152;0.58128
1759;0.273728;0.024576;0.286336
1760;0.27936;0.024576;0.272128
1761;0.208224;0.021504;0.232992
1762;0.64768;0.0512;0.57696
1763;0.27408;0.024576;0.277184
1764;0.216224;0.02048;0.260192
1765;0.711744;0.050176;0.653216
1766;0.323104;0.026624;0.302624
1767;0.287648;0.023552;0.289824
1768;0.279776;0.023552;0.291104
1769;0.222368;0.021504;0.25328
1770;0.29184;0.024576;0.293248
1771;0.289568;0.0256;0.291936
1772;0.288544;0.023552;0.302144
1773;0.322048;0.026624;0.310656
1774;0.282592;0.024576;0.29456
1775;0.278048;0.022528;0.308864
1776;0.220992;0.02048;0.278688
1777;0.297952;0.025632;0.301216
1778;0.297472;0.024576;0.299072
1779;0.289632;0.023552;0.282464
1780;0.878752;0.06144;0.720384
1781;0.313888;0.026624;0.299424
1782;0.2312;0.021504;0.287424
1783;0.288896;0.023584;0.290432
1784;0.317312;0.0256;0.310048
1785;0.278816;0.022528;0.292224
1786;0.693344;0.050176;0.609536
1787;0.288256;0.022528;0.280512
1788;0.291712;0.024576;0.305024
1789;0.297696;0.0256;0.302208
1790;0.288608;0.024576;0.2896
1791;0.701696;0.049152;0.590688
1792;0.221472;0.021504;0.241632
1793;0.22592;0.021504;0.243968
1794;0.307712;0.0256;0.30528
1795;0.705536;0.050176;0.604128
1796;0.313056;0.026624;0.302784
1797;0.85984;0.06144;0.730112
1798;0.323168;0.026624;0.30944
1799;0.322272;0.026624;0.312032
1800;0.287616;0.022528;0.283936
1801;0.225888;0.02048;0.287424
1802;0.2968;0.023808;0.291392
1803;0.32208;0.026624;0.318496
1804;0.292;0.024576;0.313024
1805;0.290016;0.022528;0.28976
1806;0.289568;0.0256;0.292512
1807;0.280576;0.024576;0.29376
1808;0.868448;0.06144;0.729248
1809;0.287648;0.023552;0.283264
1810;0.31328;0.026624;0.311008
1811;0.036224;0.008192;0.036032
1812;0.32016;0.026624;0.310048
1813;0.314048;0.026624;0.310464
1814;0.28928;0.022816;0.291776
1815;0.289792;0.024576;0.295296
1816;0.230336;0.02048;0.259904
1817;0.288288;0.023552;0.281664
1818;0.225312;0.02048;0.287712
1819;0.711744;0.04944;0.59168
1820;0.30704;0.024576;0.290944
1821;0.31392;0.026624;0.310752
1822;0.28848;0.024576;0.289888
1823;0.701696;0.050176;0.604352
1824;0.322784;0.026624;0.30256
1825;0.300672;0.024576;0.294944
1826;0.864256;0.06144;0.718848
1827;0.283168;0.024576;0.29376
1828;0.323296;0.026624;0.3264
1829;0.314912;0.026624;0.310176
1830;0.722016;0.050176;0.63312
1831;0.853984;0.06144;0.734112
1832;0.28576;0.023552;0.284896
1833;0.22112;0.02048;0.261088
1834;0.03616;0.008192;0.035712
1835;0.85872;0.06144;0.75152
1836;0.287648;0.023552;0.290592
1837;0.288;0.023552;0.28288
1838;0.290496;0.026624;0.31136
1839;0.320768;0.026624;0.311584
1840;0.297856;0.0256;0.31296
1841;0.868128;0.06144;0.711488
1842;0.222112;0.02048;0.270048
1843;0.284224;0.024576;0.28608
1844;0.29776;0.024576;0.293024
1845;0.713088;0.050176;0.612288
1846;0.036128;0.008256;0.035712
1847;0.280704;0.025344;0.294464
1848;0.222208;0.02048;0.242816
1849;0.30112;0.024576;0.312704
1850;0.69552;0.050176;0.592672
1851;0.68496;0.049152;0.592704
1852;0.322272;0.026624;0.309952
1853;0.23232;0.02048;0.262208
1854;0.298144;0.024576;0.290688
1855;0.297152;0.023552;0.301792
1856;0.70384;0.050176;0.609504
1857;0.700544;0.050176;0.629984
1858;0.314592;0.026624;0.302304
1859;0.701664;0.049152;0.623744
1860;0.322304;0.026624;0.309152
1861;0.298496;0.0256;0.31072
1862;0.86368;0.06144;0.737696
1863;0.322208;0.026624;0.310816
1864;0.301408;0.024576;0.285312
1865;0.701504;0.050176;0.613824
1866;0.306944;0.0256;0.317824
1867;0.279104;0.023552;0.28912
1868;0.322688;0.026656;0.303136
1869;0.694848;0.050176;0.607456
1870;0.850976;0.06144;0.72032
1871;0.226944;0.021504;0.24256
1872;0.702848;0.050176;0.630592
1873;0.690272;0.050176;0.61936
1874;0.322208;0.026624;0.303488
1875;0.32224;0.026624;0.303904
1876;0.226976;0.021504;0.241856
1877;0.28912;0.0256;0.30112
1878;0.313024;0.026624;0.311744
1879;0.036128;0.008224;0.035744
1880;0.297888;0.024576;0.291616
1881;0.871232;0.06144;0.712544
1882;0.694752;0.050176;0.611616
1883;0.217056;0.020608;0.261024
1884;0.864384;0.06144;0.745792
1885;0.684832;0.049152;0.601056
1886;0.31392;0.026624;0.307968
1887;0.222368;0.021504;0.24304
1888;0.702976;0.050176;0.604064
1889;0.31504;0.026624;0.303008
1890;0.299808;0.0256;0.309344
1891;0.279136;0.022528;0.292416
1892;0.292864;0.022784;0.290752
1893;0.291456;0.024576;0.29504
1894;0.323104;0.026624;0.30992
1895;0.231168;0.02048;0.285696
1896;0.298752;0.0256;0.312288
1897;0.322112;0.026624;0.310912
1898;0.868;0.06144;0.712128
1899;0.34064;0.026624;1.25306
1900;0.23056;0.02048;0.260704
1901;0.036128;0.008192;0.03568
1902;0.713056;0.050176;3.24736
1903;0.287328;0.022528;0.290816
1904;0.312896;0.026816;0.310304
1905;0.693184;0.050176;0.619808
1906;0.683488;0.050176;0.631904
1907;0.288192;0.022528;0.301536
1908;0.712128;0.0512;0.611072
1909;0.331264;0.026624;0.322976
1910;0.287488;0.024576;0.292736
1911;0.291488;0.024576;0.287104
1912;0.298976;0.024576;0.300896
1913;0.312864;0.026624;0.303808
1914;0.22096;0.021504;0.242144
1915;0.2792;0.022528;0.29152
1916;0.33712;0.026624;0.307168
1917;0.307072;0.024576;0.293184
1918;0.313952;0.026624;0.301216
1919;0.323232;0.026624;0.311552
1920;0.28816;0.022528;0.295296
1921;0.269536;0.023552;0.292064
1922;0.704032;0.050176;0.602016
1923;0.855072;0.06144;1.39766
1924;0.750208;0.049152;3.09834
1925;0.299744;0.024576;0.298976
1926;0.723232;0.050176;0.610912
1927;0.291808;0.024576;0.295456
1928;0.287296;0.024576;0.290848
1929;0.298624;0.024576;0.295808
1930;0.32208;0.02688;0.31216
1931;0.323264;0.026624;0.313088
1932;0.712064;0.050176;0.616896
1933;0.712928;0.049152;0.641248
1934;0.702688;0.049152;0.6064
1935;0.860448;0.06144;1.39142
1936;0.757632;0.049344;3.46714
1937;0.331328;0.026624;0.302752
1938;0.872288;0.06144;1.47907
1939;0.036096;0.008192;0.035712
1940;0.728096;0.050176;3.24221
1941;0.288704;0.022528;0.293824
1942;0.27936;0.023552;0.291648
1943;0.322112;0.026624;0.302016
1944;0.278048;0.023552;0.291552
1945;0.289568;0.0256;0.292064
1946;0.313696;0.026624;0.30352
1947;0.867776;0.060416;1.58752
1948;0.240512;0.02048;0.897088
1949;0.283584;0.024576;0.366976
1950;0.28784;0.023552;0.305088
1951;0.222112;0.02048;0.267872
1952;0.298496;0.0256;0.300608
1953;0.703904;0.050176;2.78656
1954;0.315296;0.026624;0.318688
1955;0.298752;0.0256;0.31088
1956;0.288512;0.024576;0.293024
1957;0.225632;0.021504;0.240064
1958;0.036128;0.008192;0.035776
1959;0.71104;0.049152;0.626848
1960;0.693568;0.050176;0.6224
1961;0.29024;0.022816;0.306912
1962;0.289312;0.023552;0.292064
1963;0.27872;0.022528;0.292576
1964;0.22528;0.02048;0.259168
1965;0.287328;0.024576;0.304832
1966;0.036128;0.008384;0.035712
1967;0.70416;0.050176;0.624448
1968;0.693696;0.050176;0.629984
1969;0.298464;0.024576;0.303872
1970;0.314048;0.026624;0.311232
1971;0.279808;0.023552;0.305248
1972;0.036064;0.008192;0.035648
1973;0.291648;0.025344;0.294272
1974;0.288928;0.024576;0.299328
1975;0.298816;0.0256;0.301184
1976;0.036096;0.008192;0.03568
1977;0.22112;0.02048;0.259232
1978;0.288576;0.022528;0.298176
1979;0.31312;0.026624;0.302528
1980;0.297824;0.024576;0.300128
1981;0.036128;0.008192;0.035776
1982;0.31392;0.026624;0.322784
1983;0.288512;0.0256;0.301824
1984;0.319712;0.026624;0.322208
1985;0.221344;0.02048;0.233184
1986;0.306752;0.0256;0.311424
1987;0.29744;0.0256;0.310368
1988;0.287616;0.023552;0.300352
1989;0.322112;0.026624;0.323264
1990;0.323712;0.026624;0.312064
1991;0.70448;0.050176;0.602912
1992;0.297856;0.024576;0.302208
1993;0.292512;0.024576;0.295424
1994;0.03616;0.008192;0.035712
1995;0.313056;0.026624;0.312032
1996;0.323136;0.026624;0.309376
1997;0.28832;0.022816;0.289248
1998;0.322112;0.026624;0.3016
1999;0.331936;0.026624;0.316032
2000;0.29904;0.0256;0.298624
2001;0.701664;0.049152;0.613184
2002;0.29296;0.0256;0.293216
2003;0.279456;0.023552;0.292704
2004;0.322272;0.026624;0.322272
2005;0.279808;0.022528;0.292032
2006;0.216064;0.02048;0.24336
2007;0.721376;0.050176;0.603904
2008;0.314048;0.026624;0.31392
2009;0.284608;0.023552;0.301888
2010;0.86848;0.062208;1.40208
2011;0.311392;0.024576;1.15203
2012;0.322112;0.026624;0.301536
2013;0.713024;0.050176;2.88742
2014;0.226272;0.021504;0.23456
2015;0.287968;0.022528;0.283872
2016;0.33232;0.027648;0.310976
2017;0.036096;0.008192;0.03568
2018;0.291584;0.024576;0.293984
2019;0.32224;0.026624;0.305152
2020;0.871072;0.06144;1.39597
2021;0.307136;0.0256;1.16474
2022;0.89232;0.060416;3.49126
2023;0.305792;0.023552;1.19293
2024;0.299648;0.022528;0.292544
2025;0.292704;0.024576;0.297344
2026;0.712064;0.050176;2.94765
2027;0.289152;0.022528;0.293728
2028;0.292;0.024576;0.28768
2029;0.301312;0.024576;0.287392
2030;0.704704;0.050272;0.624
2031;0.313024;0.026624;0.310176
2032;0.22592;0.021504;0.287648
2033;0.331648;0.026624;0.300288
2034;0.322208;0.026624;0.303296
2035;0.2984;0.0256;0.300992
2036;0.32224;0.026624;0.313024
2037;0.31392;0.026624;0.310624
2038;0.290016;0.0256;0.308352
2039;0.32208;0.026624;0.310912
2040;0.303968;0.026624;0.312032
2041;0.289152;0.022528;0.291232
2042;0.712736;0.050176;0.610944
2043;0.329376;0.026624;0.320224
2044;0.28704;0.022528;0.301792
2045;0.869216;0.06144;1.39235
2046;0.307104;0.026624;1.18592
2047;0.230688;0.021504;0.244192
2048;0.71504;0.050176;4.37766
2049;0.27936;0.022816;0.291744
2050;0.710784;0.050176;0.608352
2051;0.296704;0.023552;0.301024
2052;0.868096;0.06144;1.73232
2053;0.730112;0.049152;3.54922
2054;0.312896;0.026624;0.31184
2055;0.298144;0.024576;0.292
2056;0.868544;0.06144;1.59773
2057;0.951616;0.06144;3.6247
2058;0.89712;0.06144;4.10963
2059;0.239936;0.021504;0.860832
2060;0.235264;0.021504;0.243552
2061;0.916448;0.06144;3.5407
2062;0.301952;0.024576;1.34579
2063;0.71152;0.049184;2.98592
2064;0.2904;0.0256;0.301664
2065;0.314912;0.026624;0.312544
2066;0.287712;0.023648;0.302816
2067;0.036128;0.008256;0.035712
2068;0.221376;0.021504;0.242752
2069;0.703552;0.049152;0.645216
2070;0.036096;0.008192;0.035776
2071;0.85872;0.06144;0.823648
2072;0.768416;0.050176;2.90093
2073;0.231008;0.021504;0.242848
2074;0.279936;0.022528;0.28928
2075;0.299552;0.024576;0.294208
2076;0.712928;0.050176;0.601184
2077;0.288128;0.023552;0.294144
2078;0.220992;0.021504;0.298016
2079;0.334688;0.024576;0.34624
2080;0.850528;0.050176;0.770336
2081;0.385632;0.026624;0.382752
2082;0.396352;0.027648;0.356576
2083;0.904608;0.049152;0.74176
2084;0.344384;0.023552;0.346752
2085;0.333888;0.023552;0.326976
2086;0.387936;0.026624;0.390784
2087;0.262976;0.02048;0.26848
2088;0.377856;0.026624;0.358752
2089;0.270944;0.023552;0.290784
2090;0.21648;0.02048;0.242176
2091;0.292256;0.024576;0.27792
2092;0.32368;0.026624;0.30368
2093;0.799264;0.06144;0.721664
2094;0.86048;0.06144;3.49066
2095;0.688192;0.049152;2.5632
2096;0.036064;0.008192;0.035712
2097;0.26992;0.025344;0.290912
2098;0.643392;0.049152;0.590592
2099;0.798656;0.060416;0.730944
2100;0.287808;0.023552;1.09261
2101;0.295456;0.026624;0.29296
2102;0.652416;0.050176;2.5055
2103;0.61552;0.050176;0.563136
2104;0.279456;0.023744;0.282016
2105;0.259744;0.022528;0.281536
2106;0.313024;0.026624;0.3112
2107;0.277824;0.022528;0.280448
2108;0.260096;0.023552;0.291424
2109;0.208384;0.02048;0.232704
2110;0.288448;0.024576;0.273184
2111;0.288704;0.024576;0.302144
2112;0.301216;0.024576;0.277184
2113;0.036096;0.008192;0.035712
2114;0.216448;0.02048;0.23232
2115;0.036128;0.008192;0.035872
2116;0.340672;0.026624;0.297952
2117;0.260032;0.024576;0.264224
2118;0.2168;0.021504;0.223264
2119;0.206944;0.02048;0.22448
2120;0.279392;0.024576;0.273536
2121;0.209056;0.021504;0.243136
2122;0.269984;0.022816;0.280448
2123;0.036352;0.008288;0.03568
2124;0.273952;0.024576;0.284736
2125;0.207648;0.021504;0.224064
2126;0.685312;0.050176;0.616896
2127;0.239744;0.021504;0.24176
2128;0.279072;0.024576;0.282784
2129;0.303648;0.026624;0.30256
2130;0.383904;0.024576;0.339488
2131;0.645088;0.050176;0.601472
2132;0.340512;0.026624;0.292384
2133;0.307264;0.024576;0.283744
2134;0.323104;0.026624;0.294208
2135;0.279616;0.022528;0.283488
2136;0.21648;0.02048;0.234688
2137;0.827488;0.06144;0.738176
2138;0.036192;0.008192;0.035776
2139;0.289472;0.024576;1.06403
2140;0.281216;0.024576;0.279872
2141;0.855424;0.06144;4.02288
2142;0.279168;0.023552;1.03491
2143;0.268928;0.022528;0.28256
2144;0.890848;0.06144;3.11539
2145;0.978368;0.06144;3.22704
2146;0.314688;0.023552;1.16378
2147;0.221056;0.021504;0.224096
2148;0.304704;0.026624;0.31104
2149;0.278688;0.023552;0.291328
2150;0.26992;0.024576;0.2824
2151;0.036096;0.008192;0.03568
2152;0.8024;0.050176;3.04218
2153;0.03632;0.008192;0.03584
2154;0.31168;0.024576;0.30336
2155;0.334656;0.022528;0.272256
2156;0.29568;0.026624;0.321472
2157;0.957088;0.06144;0.749056
2158;0.84944;0.050176;3.04218
2159;0.694016;0.049152;0.578432
2160;0.303616;0.026624;0.302304
2161;0.297536;0.0256;0.309056
2162;0.279584;0.024576;0.281696
2163;0.25984;0.024576;0.27392
2164;0.297536;0.0256;0.291616
2165;0.279232;0.024576;0.283712
2166;0.289024;0.0256;0.316192
2167;0.302464;0.026624;0.32096
2168;0.269216;0.023552;0.271584
2169;0.3408;0.026624;0.314112
2170;0.212928;0.02048;0.233216
2171;0.280928;0.0256;0.279648
2172;0.279232;0.024576;0.272544
2173;0.036128;0.008448;0.03568
2174;0.304224;0.026624;0.282368
2175;0.269792;0.023552;0.270848
2176;0.202528;0.02048;0.264704
2177;0.26544;0.024576;0.28656
2178;0.249728;0.023776;0.272896
2179;0.29536;0.026624;0.292256
2180;0.692288;0.049152;0.6456
2181;0.27952;0.0256;0.298816
2182;0.254496;0.021504;0.232608
2183;0.3136;0.026624;0.318944
2184;0.217344;0.021504;0.24128
2185;0.270944;0.024576;0.2912
2186;0.74896;0.049152;0.589728
2187;0.295776;0.026624;0.31184
2188;0.295424;0.026624;0.28384
2189;0.823744;0.06144;0.749248
2190;0.323328;0.026624;1.47088
2191;0.686432;0.050176;2.6344
2192;0.819584;0.06144;0.782336
2193;0.341696;0.023776;1.13187
2194;0.036096;0.008192;0.036032
2195;0.268896;0.023296;0.272736
2196;0.213152;0.021504;0.241664
2197;0.250752;0.021504;0.234048
2198;0.785344;0.049152;3.07597
2199;0.827264;0.06144;0.77248
2200;0.036096;0.008448;0.035712
2201;0.666656;0.049152;2.78413
2202;0.304704;0.026624;0.321344
2203;0.279104;0.024576;0.292992
2204;0.783904;0.050176;0.592064
2205;0.32208;0.026624;0.328064
2206;0.211872;0.02048;0.232384
2207;0.278688;0.024576;0.281984
2208;0.036128;0.008192;0.035712
2209;0.278176;0.02432;0.291808
2210;0.304704;0.026624;0.302208
2211;0.217088;0.02048;0.241728
2212;0.334336;0.022528;0.349088
2213;0.036128;0.008192;0.035648
2214;0.295616;0.026624;0.294656
2215;0.293088;0.024576;0.29424
2216;0.786176;0.050176;0.58464
2217;0.314176;0.026624;0.303456
2218;0.217952;0.021504;0.300544
2219;0.690112;0.049312;0.580512
2220;0.270048;0.023552;0.28304
2221;0.674624;0.050176;0.608864
2222;0.269312;0.023552;0.283264
2223;0.036096;0.008192;0.035712
2224;0.036096;0.008224;0.035232
2225;0.79904;0.06144;0.719168
2226;0.298624;0.024576;1.12
2227;0.312992;0.026624;0.321792
2228;0.269792;0.023552;0.28768
2229;0.03616;0.008192;0.03568
2230;0.65808;0.050176;2.62269
2231;0.863936;0.06144;0.746464
2232;1.22006;0.06144;3.41139
2233;0.32208;0.026624;1.22957
2234;0.281376;0.021504;0.232992
2235;0.216544;0.021504;0.252256
2236;0.303872;0.026624;0.303328
2237;0.27792;0.022752;0.292032
2238;0.966048;0.06144;3.16134
2239;0.296544;0.022528;1.13834
2240;0.270688;0.023552;0.273728
2241;0.680672;0.050176;3.25146
2242;0.268832;0.023552;0.289888
2243;0.288032;0.022528;0.275328
2244;0.208032;0.021504;0.2232
2245;0.298368;0.026624;0.299936
2246;0.216736;0.021504;0.243328
2247;0.85568;0.06144;0.774496
2248;0.677728;0.049216;2.82723
2249;0.285184;0.026624;0.318848
2250;0.285344;0.026624;0.292576
2251;0.34672;0.024576;0.352224
2252;0.036096;0.009216;0.03568
2253;0.28;0.023296;0.29184
2254;0.273152;0.024576;0.311328
2255;0.644832;0.050176;0.607136
2256;0.279584;0.024576;0.290144
2257;0.303776;0.026624;0.312064
2258;0.207296;0.02048;0.232192
2259;0.643136;0.049152;0.588832
2260;0.312832;0.026624;0.323072
2261;0.20832;0.021504;0.234016
2262;0.721984;0.050176;0.638208
2263;0.676224;0.049152;0.743328
2264;0.278368;0.023552;0.295648
2265;0.269504;0.022528;0.281184
2266;0.295584;0.026624;0.294304
2267;0.666432;0.04944;0.611904
2268;0.216192;0.02048;0.242912
2269;0.71152;0.050176;0.707424
2270;0.314912;0.026624;0.420608
2271;0.27024;0.024576;0.29264
2272;0.269152;0.023552;0.29088
2273;0.30384;0.026624;0.310848
2274;0.294464;0.026624;0.309408
2275;0.882112;0.06144;0.858816
2276;0.892896;0.06144;3.39475
2277;0.307104;0.024576;1.24582
2278;0.279232;0.024576;0.319936
2279;0.278144;0.022528;0.301504
2280;0.297568;0.023552;0.33488
2281;0.322816;0.026624;0.321248
2282;0.212256;0.021504;0.241824
2283;0.326048;0.022528;0.274176
2284;0.279072;0.0256;0.301984
2285;0.340864;0.026624;0.39824
2286;0.217984;0.021504;0.224416
2287;0.29216;0.024576;0.286112
2288;0.036128;0.008192;0.035712
2289;0.844416;0.060416;3.55894
2290;0.283328;0.024576;1.16522
2291;0.867648;0.050176;2.80531
2292;0.647392;0.050176;0.583488
2293;0.855168;0.06144;0.749088
2294;0.28736;0.022688;1.13094
2295;0.28864;0.024576;0.292128
2296;0.304704;0.026624;0.292448
2297;0.295648;0.026624;0.319872
2298;0.271072;0.023552;0.283392
2299;0.294688;0.026624;0.31296
2300;0.281152;0.023552;0.280096
2301;0.260128;0.023552;0.283872
2302;0.73312;0.050176;2.58493
2303;0.298016;0.023552;0.298944
2304;0.28832;0.023552;0.283552
2305;0.702528;0.049152;0.730176
2306;0.2824;0.024576;0.360704
2307;0.036128;0.008192;0.035712
2308;0.297952;0.024576;0.273184
2309;0.67632;0.050176;0.656384
2310;0.683552;0.050176;0.58352
2311;0.226016;0.021504;0.233952
2312;0.315104;0.027648;0.319392
2313;0.277824;0.022528;0.27296
2314;0.036064;0.008192;0.03568
2315;0.684224;0.050176;0.59104
2316;0.03616;0.008192;0.03568
2317;0.27872;0.023296;0.28976
2318;0.81408;0.06144;0.74016
2319;1.0032;0.06144;3.41392
2320;0.318176;0.024576;1.08979
2321;0.2864;0.026624;0.321056
2322;0.280064;0.0256;0.319616
2323;0.260864;0.023552;0.290272
2324;0.294432;0.026624;0.319136
2325;0.266272;0.024576;0.284288
2326;0.271424;0.0256;0.280384
2327;0.849568;0.06144;3.60621
2328;0.294592;0.026624;1.38086
2329;0.279456;0.0256;0.309344
2330;0.253312;0.02048;0.25152
2331;0.303808;0.026624;0.311744
2332;0.20736;0.020544;0.24176
2333;0.316032;0.025696;0.29264
2334;0.278272;0.023552;0.295136
2335;0.303648;0.026624;0.293024
2336;0.269984;0.023552;0.281664
2337;0.865856;0.060416;3.56125
2338;0.305504;0.026752;1.10733
2339;0.325504;0.024576;0.282976
2340;0.289184;0.023552;0.291008
2341;0.207104;0.02048;0.240576
2342;0.294592;0.026624;0.31104
2343;0.290112;0.024576;0.3
2344;0.300416;0.026624;0.322336
2345;0.270688;0.024576;0.274464
2346;0.294848;0.026624;0.294816
2347;0.294464;0.026624;0.310432
2348;0.657376;0.050176;2.56317
2349;0.282432;0.024576;0.306496
2350;0.264288;0.024576;0.284032
2351;0.208736;0.022528;0.24208
2352;0.282496;0.024576;0.294432
2353;0.685632;0.049152;0.610368
2354;0.271296;0.024576;0.2896
2355;0.28976;0.0256;0.300416
2356;0.808864;0.06144;0.733152
2357;0.234912;0.02048;0.79488
2358;0.270688;0.022528;0.329888
2359;0.321152;0.0256;0.310336
2360;0.212896;0.021504;0.22352
2361;0.288384;0.024576;0.284
2362;0.277824;0.022528;0.28256
2363;0.288672;0.0256;0.29984
2364;0.303808;0.026624;0.320256
2365;0.279584;0.023552;0.271648
2366;0.036096;0.009216;0.035712
2367;0.27456;0.025344;0.274048
2368;0.87232;0.060416;3.4337
2369;0.218304;0.021504;0.804736
2370;0.24896;0.021504;0.2432
2371;0.221312;0.021504;0.25296
2372;0.830816;0.06144;3.76035
2373;0.975424;0.06144;3.50637
2374;0.331872;0.026624;1.18771
2375;0.312896;0.026624;0.292256
2376;0.817952;0.06144;3.21766
2377;0.378304;0.026624;1.20768
2378;0.036128;0.008192;0.035712
2379;0.703328;0.050176;3.32298
2380;0.270752;0.0256;0.283744
2381;0.846496;0.06144;0.752416
2382;0.331296;0.026624;1.248
2383;0.220736;0.021504;0.231616
2384;0.036128;0.009216;0.035648
2385;0.292224;0.024576;0.28608
2386;0.401152;0.026624;0.295456
2387;0.724896;0.049152;3.18755
2388;0.219232;0.02048;0.254176
2389;0.369824;0.026624;0.29328
2390;0.036416;0.008192;0.03568
2391;0.277888;0.023296;0.282304
2392;0.992448;0.06144;0.745632
2393;0.342016;0.026624;1.18016
2394;0.036128;0.008192;0.035712
2395;0.298272;0.024576;0.292992
2396;0.288704;0.0256;0.317568
2397;0.279968;0.0256;0.300128
2398;0.207744;0.021504;0.2416
2399;0.291712;0.024576;0.304512
2400;0.372512;0.0256;0.30112
2401;0.685248;0.050176;2.58173
2402;0.281184;0.0256;0.297056
2403;0.297664;0.023552;0.291296
2404;0.970752;0.06144;0.77664
2405;0.3232;0.026624;1.24547
2406;0.296768;0.022528;0.290432
2407;0.648192;0.049152;3.17312
2408;0.2976;0.0256;0.300928
2409;0.278144;0.023552;0.281408
2410;0.66224;0.049152;0.591968
2411;0.279168;0.022528;0.293056
2412;0.27024;0.0256;0.299808
2413;0.280608;0.024576;0.300416
2414;0.278176;0.022528;0.272064
2415;0.829856;0.06144;0.802592
2416;0.7224;0.050176;2.73658
2417;0.800384;0.06144;0.836512
2418;0.892576;0.06144;3.19629
2419;0.340032;0.023552;1.21344
2420;0.28272;0.024576;0.29632
2421;0.304256;0.026624;0.308224
2422;0.3536;0.0256;0.372
2423;0.285248;0.026624;0.301408
2424;0.273152;0.024576;0.286784
2425;0.279456;0.023552;0.28224
2426;0.6664;0.050176;2.89136
2427;0.26864;0.023552;0.30576
2428;0.285248;0.024576;0.29008
2429;0.673152;0.050176;0.628544
2430;0.277952;0.023552;0.36144
2431;0.30368;0.026624;0.400736
2432;0.036448;0.008192;0.03584
2433;0.279616;0.0256;0.290944
2434;0.26016;0.023552;0.282656
2435;0.273856;0.024576;0.28656
2436;0.27936;0.022528;0.292448
2437;0.67584;0.050176;0.602336
2438;0.2856;0.0256;0.309088
2439;0.789888;0.060416;0.723648
2440;0.216544;0.021504;0.805312
2441;0.26976;0.022528;0.328
2442;0.2976;0.0256;0.311392
2443;0.928896;0.06144;3.13261
2444;0.28704;0.022528;1.11069
2445;0.661856;0.049152;2.71171
2446;0.279296;0.0256;0.291616
2447;0.273536;0.024576;0.2864
2448;0.269024;0.023776;0.291328
2449;0.207648;0.02048;0.232896
2450;0.633664;0.050176;0.593152
2451;0.640608;0.050176;0.582368
2452;0.036096;0.008192;0.03568
2453;0.282464;0.02432;0.321568
2454;0.270976;0.023552;0.280256
2455;0.26896;0.022688;0.282688
2456;0.036096;0.008256;0.035744
2457;0.280224;0.0256;0.30064
2458;0.29456;0.026624;0.295392
2459;0.295168;0.026624;0.30224
2460;0.29472;0.026624;0.302528
2461;0.270336;0.023552;0.290112
2462;0.635264;0.050176;0.56976
2463;0.299424;0.027648;0.319744
2464;0.036128;0.008224;0.035712
2465;0.665664;0.049152;0.62064
2466;0.303776;0.026784;0.303552
2467;0.274304;0.024576;0.274944
2468;0.757728;0.050176;0.60784
2469;0.305888;0.022528;0.322208
2470;0.295424;0.026656;0.292608
2471;0.702816;0.049216;0.611136
2472;0.268992;0.02384;0.282112
2473;0.643776;0.050176;0.5816
2474;0.298176;0.024576;0.355552
2475;0.64176;0.049152;0.59792
2476;0.26976;0.023552;0.308128
2477;0.211872;0.021504;0.242432
2478;0.269024;0.022528;0.270496
2479;0.337184;0.026624;0.318656
2480;0.24032;0.020544;0.241728
2481;0.208704;0.021504;0.233728
2482;0.667904;0.049408;1.02256
2483;0.211904;0.02048;0.251744
2484;0.643744;0.049152;0.58048
2485;0.036128;0.008192;0.035712
2486;0.287264;0.023296;0.299264
2487;0.322048;0.026624;0.302496
2488;0.872608;0.06144;0.7544
2489;0.34992;0.023776;1.09542
2490;0.864608;0.06144;3.23408
2491;0.282528;0.024576;1.17034
2492;0.239744;0.021504;0.24272
2493;0.269312;0.023552;0.281984
2494;0.314368;0.026624;0.310432
2495;0.28848;0.0256;0.309344
2496;0.312896;0.026848;0.301504
2497;0.297536;0.024576;0.29168
2498;0.03616;0.008256;0.035712
2499;0.036096;0.008192;0.035232
2500;0.269088;0.022528;0.273792
2501;0.268928;0.022528;0.28016
2502;0.273184;0.0256;0.277728
2503;0.368608;0.026624;0.292832
2504;0.910432;0.06144;4.06867
2505;0.322112;0.026624;1.14909
2506;0.286368;0.026816;0.30384
2507;0.036128;0.009216;0.035712
2508;0.282752;0.024576;0.28608
2509;0.269312;0.023744;0.293184
2510;0.767008;0.049408;2.27392
2511;0.287776;0.023552;0.300928
2512;0.855136;0.06144;0.824832
2513;0.69376;0.0512;2.85155
2514;0.305696;0.026624;0.320704
2515;0.821696;0.06144;0.748256
2516;0.286208;0.02048;1.1304
2517;0.268992;0.023776;0.337664
2518;0.739904;0.050176;2.53837
2519;0.280448;0.024576;0.2904
2520;0.687904;0.049152;0.581184
2521;0.277184;0.026624;0.301792
2522;0.269376;0.023552;0.282144
2523;0.036096;0.008192;0.035968
2524;0.198304;0.02048;0.261376
2525;0.312864;0.026624;0.320992
2526;0.260608;0.023552;0.272832
2527;0.350272;0.024576;0.283392
2528;0.278688;0.023552;0.308064
2529;0.341888;0.026624;0.313056
2530;0.206976;0.02048;0.29744
2531;0.928896;0.06144;0.71344
2532;0.957568;0.06144;3.17821
2533;0.711072;0.050176;2.78512
2534;0.676992;0.050176;0.639072
2535;0.323232;0.026624;0.310496
2536;0.8104;0.06144;0.773888
2537;0.230688;0.02048;0.796096
2538;0.322112;0.026624;0.496416
2539;0.216224;0.020608;0.241344
2540;0.302432;0.026624;0.312416
2541;0.342912;0.026624;0.327136
2542;0.27952;0.0256;0.29216
2543;0.3712;0.022528;0.447648
2544;0.286464;0.026624;0.303968
2545;0.260224;0.023552;0.271328
2546;0.207712;0.021504;0.231968
2547;0.325216;0.0256;0.303264
2548;0.280256;0.024576;0.289888
2549;0.226016;0.02064;0.222496
2550;0.207296;0.02048;0.232864
2551;0.208224;0.021504;0.234144
2552;0.280032;0.0256;0.301632
2553;0.279104;0.024576;0.27264
2554;0.312992;0.026624;0.371808
2555;0.268896;0.022528;0.292448
2556;0.291104;0.026624;0.311712
2557;0.663808;0.050176;2.72736
2558;0.315776;0.023552;0.292064
2559;0.359232;0.026624;0.31376
2560;0.838336;0.06144;0.756672
2561;0.745248;0.050176;2.76931
2562;0.304704;0.026624;0.305376
2563;0.660832;0.050176;0.59728
2564;0.303808;0.02672;0.314112
2565;0.31488;0.026624;0.375072
2566;0.268896;0.022528;0.280704
2567;0.674464;0.049344;0.627776
2568;0.036128;0.008192;0.035712
2569;0.036096;0.008192;0.035232
2570;0.826048;0.06144;0.852736
2571;0.865664;0.06144;3.32864
2572;0.322112;0.026624;1.08598
2573;0.296224;0.022528;0.298464
2574;0.269344;0.023552;0.282752
2575;0.28032;0.027648;0.293024
2576;0.239904;0.021504;0.275264
2577;0.305696;0.026624;0.302016
2578;0.287584;0.023552;0.2792
2579;0.278912;0.022528;0.347872
2580;0.29456;0.026624;0.302624
2581;0.677952;0.049152;2.27674
2582;0.31296;0.026656;0.31024
2583;0.216576;0.021504;0.232512
2584;0.207584;0.02048;0.251232
2585;0.03616;0.008192;0.03568
2586;0.28048;0.024576;0.272736
2587;0.825824;0.06144;0.97296
2588;0.331424;0.026624;1.08413
2589;0.683968;0.050176;2.2376
2590;0.269952;0.024576;0.27952
2591;0.20736;0.021504;0.234528
2592;0.29456;0.026624;0.301728
2593;0.273152;0.024576;0.287104
2594;0.2896;0.0256;0.291936
2595;0.665504;0.050176;0.583744
2596;0.268896;0.023552;0.283328
2597;0.303808;0.026624;0.281504
2598;0.036128;0.008384;0.035808
2599;0.29456;0.026624;0.302816
2600;0.286944;0.026624;0.303264
2601;0.271104;0.0256;0.291936
2602;0.260448;0.022528;0.282304
2603;0.279488;0.0256;0.290944
2604;0.216448;0.02048;0.242368
2605;0.208512;0.021504;0.234112
2606;0.279488;0.0256;0.28864
2607;0.207648;0.021504;0.24272
2608;0.6632;0.050176;0.609248
2609;0.036128;0.008192;0.035712
2610;0.2696;0.023296;0.281984
2611;0.269792;0.022528;0.28384
2612;0.26976;0.024576;0.282656
2613;0.294592;0.026624;0.303648
2614;0.658304;0.050176;0.58912
2615;0.303616;0.026624;0.303296
2616;0.036096;0.008192;0.03568
2617;0.285216;0.026624;0.30144
2618;0.26944;0.023552;0.272896
2619;0.286304;0.026624;0.293312
2620;0.036096;0.008192;0.035712
2621;0.208352;0.021504;0.234304
2622;0.036128;0.008192;0.035712
2623;0.260768;0.023296;0.272544
2624;0.260704;0.023552;0.271616
2625;0.263936;0.024576;0.277696
2626;0.273152;0.024576;0.284992
2627;0.269984;0.0256;0.283392
2628;0.270816;0.024576;0.272128
2629;0.20768;0.021504;0.233504
2630;0.286304;0.026624;0.301408
2631;0.298688;0.0256;0.291648
2632;0.872992;0.06144;0.746976
2633;0.34272;0.026624;1.25178
2634;0.307136;0.0256;0.301696
2635;0.289152;0.022528;0.291552
2636;0.300608;0.0256;0.298272
2637;0.322208;0.026624;0.312
2638;0.293088;0.024576;0.294336
2639;0.29888;0.024576;0.29296
2640;0.886912;0.06144;3.58534
2641;0.333376;0.026624;1.25949
2642;0.712128;0.050176;2.65485
2643;0.29776;0.024576;0.290752
2644;0.221472;0.021504;0.234208
2645;0.278496;0.023552;0.287008
2646;0.313056;0.026624;0.30208
2647;0.280576;0.023552;0.28256
2648;0.313024;0.026624;0.309472
