0;0.977536;0.06144;1.79434
1;0.424352;0.023552;1.46669
2;0.070848;0.008192;0.069632
3;0.404608;0.02048;0.64352
4;0.801504;0.050176;3.12179
5;0.816416;0.050176;0.852928
6;0.385216;0.02048;0.361664
7;0.441376;0.022688;0.424512
8;0.415232;0.021504;0.363008
9;0.482144;0.026784;0.455808
10;0.440576;0.024576;0.485056
11;0.431328;0.021504;0.404
12;0.474208;0.024576;0.416032
13;0.070784;0.008192;0.069536
14;1.2615;0.06144;1.67437
15;0.309376;0.02048;0.371072
16;1.0624;0.06144;1.07126
17;0.44304;0.023552;0.414784
18;0.070784;0.008192;0.06944
19;0.388928;0.023584;0.414848
20;0.52416;0.026624;0.456352
21;0.48272;0.026624;0.456512
22;0.856032;0.0512;0.853408
23;0.903264;0.050176;0.98064
24;0.406432;0.021504;0.418208
25;0.44064;0.024576;0.416192
26;0.385984;0.021504;0.372224
27;0.440832;0.024576;0.414848
28;0.482304;0.026624;0.456544
29;0.939008;0.049152;0.84608
30;0.33776;0.021504;0.362496
31;0.460864;0.0256;0.435392
32;0.482112;0.026624;0.456832
33;0.47952;0.026624;0.456352
34;0.439904;0.023552;0.415168
35;0.39104;0.024576;0.47904
36;0.299648;0.020544;0.361472
37;0.483104;0.024576;0.457248
38;0.38576;0.020608;0.36144
39;0.440288;0.024576;0.424
40;0.970944;0.06144;1.08883
41;0.482048;0.026624;0.45648
42;0.870208;0.050176;0.852032
43;0.435328;0.024576;0.434752
44;0.901344;0.050176;1.02467
45;1.01091;0.06144;0.991616
46;0.477248;0.024576;0.435936
47;0.386528;0.02048;0.361792
48;0.897088;0.050176;1.08083
49;0.440928;0.023552;0.477632
50;0.461152;0.025664;0.436736
51;0.358432;0.023552;0.417248
52;0.458528;0.0256;0.43632
53;0.377728;0.021504;0.362656
54;0.482368;0.026784;0.460896
55;0.441408;0.023552;0.4176
56;0.470144;0.0256;0.435232
57;0.37632;0.021504;0.36144
58;0.548032;0.026624;0.522304
59;0.29584;0.021504;0.36304
60;0.44896;0.024576;0.42368
61;1.03834;0.050176;0.865472
62;0.482304;0.026624;0.508096
63;0.460864;0.0256;0.504832
64;0.496384;0.026624;0.456832
65;0.386528;0.02048;0.361696
66;0.449024;0.024576;0.42432
67;0.43168;0.024576;0.471744
68;0.481984;0.026624;0.488224
69;0.48448;0.024576;0.436448
70;1.10019;0.06144;1.06138
71;0.405824;0.026624;0.455936
72;0.451904;0.0256;0.46928
73;0.30272;0.02048;0.36288
74;0.070848;0.008192;0.069472
75;0.439872;0.024576;0.502816
76;1.06182;0.06144;1.11619
77;0.28832;0.02048;0.35248
78;0.460928;0.0256;0.531872
79;0.070752;0.008192;0.069504
80;0.461216;0.0256;0.43552
81;0.4328;0.023552;0.501696
82;0.9104;0.049152;0.83728
83;0.519424;0.026624;0.488864
84;0.304864;0.021504;0.36256
85;0.377408;0.021504;0.362144
86;0.893248;0.050176;0.901632
87;0.356832;0.024576;0.425056
88;0.905344;0.050176;0.846688
89;1.03824;0.06144;1.00061
90;0.348832;0.023552;0.425984
91;0.461312;0.024576;0.426944
92;0.481632;0.026624;0.457024
93;0.482336;0.026624;0.456544
94;0.386272;0.023552;0.415488
95;0.548352;0.024576;0.463136
96;0.483168;0.026624;0.456448
97;0.362976;0.022816;0.41456
98;0.428224;0.026624;0.46032
99;0.446112;0.0256;0.424032
100;0.41408;0.024576;0.428896
101;0.385536;0.02048;0.361504
102;0.929088;0.050176;0.905824
103;0.439328;0.023552;0.4152
104;0.071168;0.009216;0.069472
105;0.37728;0.02048;0.35376
106;0.804992;0.050176;0.837824
107;0.910464;0.049152;0.841056
108;0.424448;0.026624;0.456448
109;0.56656;0.026624;0.479552
110;0.452448;0.024576;0.427392
111;0.36496;0.023552;0.422624
112;0.070816;0.008288;0.069504
113;0.458368;0.024576;0.431392
114;0.44064;0.023552;0.522496
115;0.363872;0.024576;0.42992
116;0.448832;0.024576;0.416
117;0.442624;0.023552;0.449952
118;0.809312;0.050176;0.83664
119;0.385248;0.02064;0.361664
120;0.449056;0.024576;0.424064
121;0.482176;0.026624;0.456032
122;0.395776;0.024576;0.424384
123;0.523936;0.026624;0.456384
124;0.46096;0.024576;0.435904
125;0.384992;0.0256;0.43504
126;0.466816;0.024576;0.452672
127;0.967904;0.050176;0.853952
128;0.460928;0.0256;0.434848
129;0.482112;0.026624;0.498784
130;0.3968;0.024576;0.415904
131;0.07072;0.008192;0.069472
132;0.481984;0.027648;0.52048
133;0.437376;0.026624;0.457152
134;0.348736;0.023552;0.415168
135;0.872992;0.050176;0.853792
136;0.385536;0.020576;0.361664
137;0.482464;0.026624;0.456992
138;0.999232;0.06144;1.00467
139;0.531776;0.023552;0.45504
140;0.9856;0.06144;1.04723
141;0.395264;0.023552;0.414944
142;0.440768;0.023552;0.416
143;0.395712;0.023552;0.414912
144;0.439744;0.023552;0.48128
145;1.10096;0.06144;1.09824
146;0.439584;0.023552;0.540288
147;0.48192;0.026624;0.465344
148;0.440992;0.024576;0.416192
149;0.441408;0.023552;0.42656
150;0.482112;0.026624;0.508192
151;0.070816;0.008192;0.069504
152;0.818304;0.049152;0.83744
153;0.895936;0.050176;0.981664
154;0.481792;0.026624;0.456832
155;0.855232;0.050176;0.839104
156;0.446464;0.026624;0.45648
157;1.0016;0.06144;1.25702
158;0.070784;0.00832;0.069472
159;0.904448;0.050304;0.848288
160;0.070816;0.00832;0.069504
161;0.930208;0.050176;0.989856
162;0.815104;0.050176;0.845792
163;0.454432;0.0256;0.491776
164;0.386304;0.021504;0.362432
165;0.414912;0.024576;0.42512
166;0.423136;0.021504;0.366976
167;1.16086;0.050176;0.92976
168;0.396064;0.026624;0.461696
169;0.494368;0.026624;0.495488
170;0.461312;0.024576;0.468544
171;0.516768;0.026624;0.4656
172;0.46096;0.0256;0.436384
173;0.348544;0.024576;0.42464
174;0.824928;0.050176;0.925024
175;0.403264;0.026624;0.484736
176;0.363616;0.024576;0.424352
177;0.487296;0.026624;0.559168
178;0.441184;0.023552;0.41728
179;1.13488;0.06144;1.04704
180;1.07072;0.06144;0.992
181;0.309856;0.021504;0.362944
182;0.070784;0.008192;0.069472
183;0.352416;0.023552;0.415648
184;0.408544;0.024576;0.48096
185;0.070784;0.008192;0.069472
186;0.448736;0.025376;0.424896
187;0.441376;0.023552;0.417408
188;0.32896;0.021504;0.362944
189;1.17162;0.06144;0.991584
190;0.496288;0.026624;0.494176
191;0.392992;0.023552;0.41696
192;0.373376;0.023552;0.417792
193;1.13869;0.06144;1.03843
194;0.07088;0.008192;0.069632
195;0.48208;0.026624;0.460896
196;0.387328;0.021504;0.371648
197;0.445984;0.023552;0.53664
198;0.809344;0.0512;0.974464
199;0.441344;0.023552;0.418176
200;0.482304;0.026624;0.45664
201;0.42336;0.023552;0.414336
202;0.363136;0.023552;0.483648
203;0.44224;0.02672;0.456256
204;0.461824;0.024576;0.435232
205;0.835936;0.050176;0.93792
206;0.482048;0.026624;0.466304
207;0.386368;0.02048;0.404928
208;0.857472;0.050176;0.966816
209;0.9288;0.050176;0.848
210;0.470976;0.026624;0.436288
211;0.800352;0.050176;0.845504
212;0.299264;0.02048;0.36144
213;0.323488;0.021504;0.363296
214;0.668128;0.026624;0.489664
215;0.35776;0.023552;0.416864
216;0.439872;0.023552;0.414368
217;0.970048;0.050176;0.848832
218;0.9104;0.049152;0.837024
219;0.930528;0.050176;0.986528
220;1.06416;0.050176;0.838272
221;0.385536;0.02048;0.3616
222;1.08237;0.06144;0.996128
223;0.44128;0.023552;0.417216
224;0.070784;0.008288;0.069504
225;0.975808;0.06144;1.01405
226;0.416832;0.023552;0.417152
227;0.905952;0.049152;0.948288
228;0.460992;0.024576;0.43648
229;0.474176;0.026624;0.576512
230;0.380992;0.023552;0.419968
231;0.454912;0.024576;0.562912
232;0.482048;0.026624;0.456736
233;0.481888;0.026624;0.447168
234;0.382688;0.024672;0.424832
235;0.39936;0.026624;0.511808
236;1.00634;0.050176;0.846048
237;0.645568;0.026624;0.549696
238;0.358176;0.024576;0.475872
239;0.40496;0.024576;0.4248
240;0.482368;0.026624;0.559136
241;0.439936;0.023552;0.41488
242;0.482016;0.026624;0.456384
243;0.91888;0.0512;0.941728
244;0.070752;0.008288;0.069504
245;0.449696;0.023552;0.415776
246;0.439968;0.023552;0.456768
247;0.461792;0.024576;0.434848
248;0.294624;0.02048;0.362272
249;0.569984;0.026624;0.457248
250;0.395936;0.021504;0.459584
251;0.470048;0.024576;0.435008
252;0.433344;0.026624;0.531424
253;1.07146;0.050176;0.838592
254;1.012;0.050176;0.847936
255;0.385952;0.020704;0.362496
256;0.439808;0.023552;0.41504
257;0.455168;0.024576;0.4368
258;0.386208;0.021504;0.362752
259;0.445888;0.024576;0.482112
260;0.440576;0.023552;0.415968
261;0.3856;0.02048;0.435424
262;0.617152;0.026624;0.498688
263;0.48176;0.026624;0.45648
264;0.928032;0.050176;1.09104
265;0.449664;0.023552;0.549536
266;0.375904;0.024576;0.416096
267;0.487232;0.026624;0.568096
268;0.386368;0.021504;0.362944
269;0.441408;0.023552;0.42736
270;0.48256;0.026624;0.456352
271;1.04154;0.06144;1.0065
272;0.48208;0.026624;0.45632
273;0.44592;0.024576;0.423744
274;0.348608;0.023808;0.554624
275;0.470624;0.024576;0.42384
276;1.58429;0.049152;0.910336
277;0.89776;0.050176;0.851328
278;0.403296;0.026624;0.4624
279;1.1369;0.050176;0.838048
280;0.540416;0.026624;0.456192
281;0.592672;0.024576;0.430528
282;1.09859;0.050176;0.837792
283;0.465024;0.0256;0.435328
284;0.592704;0.024576;0.462272
285;0.482016;0.026624;0.45616
286;0.482464;0.026624;0.480768
287;0.070816;0.008192;0.069504
288;0.377568;0.024576;0.436448
289;0.337856;0.021504;0.362976
290;0.460832;0.024576;0.435008
291;0.482112;0.026624;0.456256
292;0.436224;0.023552;0.41744
293;0.070784;0.008192;0.069504
294;0.319104;0.02048;0.362944
295;1.08054;0.06144;1.05203
296;0.386304;0.021504;0.36224
297;0.385472;0.021504;0.403552
298;0.603456;0.026624;0.51632
299;0.440608;0.024576;0.41568
300;0.482272;0.026752;0.56304
301;0.46608;0.024576;0.50048
302;0.481984;0.026624;0.456928
303;0.44112;0.023552;0.51952
304;0.448928;0.024576;0.424544
305;0.461248;0.024576;0.435904
306;0.329216;0.020736;0.361856
307;0.620928;0.026624;0.479232
308;0.441632;0.023552;0.417664
309;0.070752;0.008192;0.069472
310;0.070752;0.008192;0.069024
311;0.461056;0.0264;0.435392
312;0.461056;0.024576;0.427776
313;0.481952;0.026624;0.460864
314;0.319136;0.021504;0.362944
315;0.912384;0.050176;0.836576
316;0.395584;0.020576;0.361792
317;0.482432;0.026624;0.458016
318;0.904192;0.050176;0.838304
319;0.385568;0.021504;0.361664
320;0.818176;0.050176;0.846464
321;0.90176;0.050176;0.983808
322;0.35664;0.024576;0.423712
323;0.437728;0.023552;0.406528
324;0.3872;0.021504;0.363008
325;0.374208;0.02048;0.38992
326;0.470784;0.026624;0.479296
327;0.473792;0.026624;0.456704
328;0.385504;0.02048;0.3616
329;0.386272;0.021504;0.354016
330;0.385504;0.02048;0.353216
331;0.442592;0.022528;0.417216
332;0.385536;0.02048;0.36176
333;0.461184;0.0256;0.42768
334;0.385824;0.021504;0.353056
335;1.02762;0.050176;0.836224
336;0.887776;0.050176;0.830336
337;0.449056;0.024576;0.428192
338;0.52224;0.026624;0.484832
339;0.512352;0.026624;0.501824
340;0.385376;0.021504;0.35264
341;0.449408;0.024576;0.424864
342;0.38704;0.021504;0.362944
343;0.377888;0.021504;0.35344
344;0.37712;0.02048;0.352864
345;0.990848;0.050176;0.840352
346;1.16816;0.06144;0.99184
347;0.482304;0.026624;0.506912
348;0.37328;0.023552;0.4152
349;0.514912;0.026624;0.45616
350;0.385696;0.020768;0.412288
351;0.441856;0.021504;0.4136
352;0.449504;0.024576;0.508032
353;0.461248;0.024576;0.436416
354;0.44288;0.024576;0.416512
355;0.441056;0.023552;0.442848
356;0.816512;0.050176;0.837952
357;0.441856;0.022528;0.42256
358;0.4824;0.026624;0.526336
359;0.89808;0.050176;0.83808
360;0.438848;0.024576;0.41648
361;0.441024;0.023552;0.414464
362;0.428896;0.026624;0.480064
363;0.449344;0.024576;0.42384
364;0.538368;0.026656;0.531328
365;0.329344;0.021504;0.363712
366;0.907488;0.050176;0.839936
367;0.461184;0.024576;0.436352
368;0.44112;0.024576;0.477216
369;0.45104;0.021504;0.413664
370;1.05827;0.06144;1.13126
371;0.482208;0.026624;0.456352
372;1.06864;0.050176;0.949312
373;0.465056;0.023552;0.418368
374;1.06653;0.06144;1.02432
375;0.458016;0.0256;0.435648
376;0.385856;0.020576;0.361824
377;0.913824;0.050176;0.849664
378;0.441696;0.023552;0.459328
379;0.448384;0.026624;0.456096
380;0.46128;0.026624;0.436544
381;0.482336;0.026624;0.498688
382;0.377248;0.021504;0.487072
383;0.46128;0.0256;0.436736
384;0.43216;0.024576;0.489696
385;0.389024;0.0256;0.436928
386;1.05722;0.06144;1.12237
387;0.365184;0.023552;0.41776
388;0.44016;0.023552;0.456992
389;1.0704;0.06144;1.11245
390;0.394048;0.026624;0.487968
391;0.913632;0.050176;0.94736
392;0.482624;0.026624;0.45728
393;0.795648;0.050176;1.08896
394;0.482304;0.026624;0.480544
395;0.422816;0.024576;0.4344
396;0.44048;0.024576;0.416
397;0.474112;0.026624;0.536448
398;0.37648;0.02048;0.449536
399;0.887808;0.050176;0.9856
400;0.889088;0.050176;0.902272
401;0.070848;0.008192;0.069504
402;0.457664;0.026624;0.457664
403;0.449504;0.0256;0.424224
404;0.449408;0.024576;0.449056
405;0.892064;0.050176;0.838176
406;0.36272;0.023552;0.431136
407;0.32768;0.02048;0.362336
408;0.79936;0.050176;0.965312
409;0.482464;0.026624;0.596064
410;0.38576;0.02048;0.362336
411;0.461952;0.024576;0.435296
412;0.07088;0.008192;0.069504
413;0.482368;0.027424;0.456032
414;0.386784;0.021504;0.459488
415;0.461216;0.024576;0.427296
416;0.449472;0.024576;0.424096
417;0.44032;0.023552;0.415264
418;0.48;0.026624;0.456416
419;0.440384;0.023552;0.415392
420;0.482272;0.026624;0.586848
421;0.818432;0.0512;1.05978
422;0.441504;0.023552;0.41808
423;0.3864;0.021504;0.354816
424;0.461824;0.0256;0.435488
425;0.440928;0.023552;0.430816
426;0.480192;0.026688;0.456288
427;0.570272;0.026624;0.485216
428;1.11462;0.06144;1.00134
429;0.365056;0.023552;0.417344
430;0.070816;0.008192;0.069472
431;0.378688;0.022528;0.421568
432;0.385632;0.02048;0.362336
433;0.491616;0.026784;0.4568
434;0.070784;0.008288;0.069472
435;0.312992;0.020576;0.403936
436;0.398112;0.024576;0.436512
437;0.48224;0.026624;0.4568
438;0.482368;0.026624;0.507744
439;0.48272;0.024576;0.457728
440;0.38576;0.020736;0.366944
441;0.40624;0.026624;0.46896
442;0.46176;0.024576;0.438592
443;0.973056;0.06144;1.13213
444;0.359488;0.024576;0.423104
445;0.4016;0.027648;0.46304
446;0.352;0.023552;0.422464
447;0.070848;0.008192;0.069888
448;0.386432;0.021504;0.363616
449;0.362016;0.023552;0.424544
450;0.352;0.023552;0.427008
451;0.809088;0.050176;0.850304
452;0.070688;0.00832;0.069504
453;0.440416;0.02432;0.429056
454;0.070784;0.008192;0.069472
455;0.449184;0.023296;0.414176
456;0.38576;0.02048;0.36096
457;0.441728;0.022528;0.4088
458;0.466752;0.0256;0.434016
459;0.482496;0.026784;0.460768
460;0.48224;0.026752;0.459744
461;0.293184;0.020576;0.36
462;0.48208;0.026624;0.456608
463;0.449184;0.024576;0.422304
464;0.455872;0.023552;0.421504
465;0.385632;0.02048;0.3512
466;0.914816;0.050176;0.838048
467;0.357824;0.023712;0.414272
468;0.293216;0.02048;0.35984
469;0.385888;0.02048;0.36
470;0.987712;0.06144;0.999936
471;1.05264;0.06144;0.991072
472;0.373376;0.024576;0.432288
473;0.439904;0.023552;0.411808
474;0.386496;0.021504;0.358528
475;0.440768;0.024576;0.431488
476;0.43248;0.024576;0.435936
477;0.962656;0.06144;0.995712
478;0.482336;0.026784;0.466112
479;0.968096;0.06144;1.00614
480;0.070816;0.008288;0.06944
481;0.35264;0.023552;0.424224
482;0.449312;0.022528;0.42224
483;0.450304;0.024576;0.429792
484;0.386624;0.021504;0.3696
485;0.916672;0.049152;0.853152
486;0.352864;0.024576;0.423168
487;0.352096;0.024576;0.42368
488;0.824832;0.050176;0.861504
489;0.385632;0.021504;0.360224
490;0.349312;0.022528;0.430208
491;1.07642;0.06144;1.00451
492;0.912736;0.050176;0.86192
493;0.39552;0.026624;0.464224
494;0.804832;0.050176;0.846016
495;0.355392;0.023552;0.413792
496;0.90752;0.050176;0.8424
497;0.386432;0.021504;0.369184
498;1.07427;0.06144;0.998912
499;0.385536;0.02048;0.360512
500;0.46608;0.024576;0.44784
501;0.466272;0.024576;0.43856
502;0.38656;0.021504;0.3688
503;1.04346;0.050176;0.989472
504;0.473088;0.026624;0.47056
505;0.822016;0.050176;0.851232
506;0.070752;0.00832;0.069504
507;0.445024;0.022528;0.422784
508;0.461056;0.0256;0.444096
509;1.01504;0.06144;1.00211
510;0.903744;0.050176;0.848608
511;0.3856;0.021504;0.367968
512;0.449312;0.024576;0.431936
513;0.826816;0.0512;0.850496
514;0.459424;0.024576;0.42944
515;0.482688;0.026624;0.464416
516;0.070784;0.008288;0.069472
517;0.389696;0.029696;0.46336
518;0.482176;0.026624;0.470848
519;0.070944;0.008192;0.06944
520;0.37312;0.0256;0.426112
521;0.437824;0.024576;0.42928
522;0.449184;0.024576;0.43504
523;0.990368;0.06144;1.01085
524;0.394336;0.02672;0.468224
525;0.386304;0.021504;0.369792
526;0.83536;0.050176;0.862048
527;0.070816;0.008192;0.069504
528;0.446592;0.023552;0.42624
529;0.390368;0.026624;0.476192
530;0.383552;0.02048;0.369504
531;0.482304;0.026624;0.467808
532;0.36112;0.024576;0.436384
533;0.440224;0.022528;0.422496
534;0.456096;0.023552;0.424672
535;0.386592;0.021504;0.368736
536;1.00115;0.062464;1.00672
537;0.373312;0.024576;0.435776
538;0.293952;0.021504;0.369696
539;0.394464;0.0256;0.443712
540;0.461568;0.024576;0.435648
541;0.449312;0.024576;0.431072
542;0.445952;0.024576;0.438976
543;0.821632;0.050176;0.849344
544;0.923936;0.050176;0.85136
545;0.39408;0.026624;0.468
546;0.470336;0.024576;0.444832
547;0.401376;0.026624;0.454304
548;0.482528;0.026656;0.470432
549;0.454272;0.024576;0.43504
550;0.93056;0.050176;0.871136
551;0.445216;0.023552;0.426464
552;0.3688;0.024576;0.43328
553;0.294656;0.02048;0.368512
554;0.449216;0.024576;0.4328
555;0.3864;0.021504;0.369888
556;0.070752;0.008288;0.069472
557;0.405056;0.026624;0.469184
558;0.30336;0.021504;0.37104
559;0.295232;0.02048;0.377248
560;0.44208;0.023552;0.427488
561;0.48384;0.026624;0.4696
562;0.487264;0.026624;0.46368
563;0.466112;0.024576;0.434304
564;0.397568;0.026624;0.465824
565;0.46624;0.024576;0.450688
566;0.373888;0.024576;0.428992
567;0.440128;0.023552;0.42144
568;0.360608;0.023552;0.427648
569;0.385696;0.02048;0.371552
570;0.353664;0.023552;0.425184
571;0.386368;0.021504;0.378752
572;0.070784;0.008192;0.069472
573;0.440864;0.023552;0.4232
574;0.914816;0.050176;0.853088
575;0.386336;0.021504;0.372832
576;0.487264;0.026624;0.455328
577;0.386432;0.021504;0.371776
578;0.358304;0.022528;0.420512
579;0.83264;0.050176;0.856416
580;1.0897;0.06144;1.01312
581;0.373696;0.023552;0.426048
582;0.37024;0.024576;0.447328
583;0.386336;0.021504;0.376736
584;0.409824;0.026624;0.460352
585;0.44592;0.024576;0.42928
586;0.488;0.026624;0.453728
587;0.450752;0.023552;0.43344
588;0.372928;0.024576;0.464128
589;0.4872;0.026624;0.466912
590;0.445792;0.023552;0.436448
591;0.353696;0.023552;0.431136
592;0.352704;0.024576;0.423872
593;0.070752;0.008192;0.069504
594;0.394688;0.026624;0.476224
595;0.44592;0.024576;0.417504
596;0.45424;0.024576;0.446272
597;0.30032;0.021504;0.37904
598;0.842144;0.050176;0.856864
599;0.431008;0.024576;0.44192
600;1.02762;0.06144;1.02
601;0.482208;0.026624;0.467456
602;0.070752;0.008192;0.069472
603;0.29568;0.02048;0.359264
604;0.820416;0.050176;0.850848
605;0.300352;0.021504;0.369568
606;0.481856;0.026624;0.468512
607;0.38656;0.021504;0.369504
608;0.070752;0.008288;0.069792
609;0.35552;0.024352;0.42784
610;1.00707;0.06144;1.02
611;0.352736;0.024576;0.43696
612;0.35408;0.023552;0.437792
613;0.07072;0.008192;0.069472
614;0.393856;0.026624;0.48416
615;0.997696;0.06144;1.0303
616;0.449376;0.024576;0.428864
617;0.405504;0.026624;0.45984
618;0.482368;0.026624;0.469984
619;0.491616;0.026624;0.467968
620;0.070752;0.008192;0.069472
621;0.961696;0.06144;1.03683
622;0.482176;0.026752;0.45984
623;0.901376;0.050176;0.851744
624;0.449376;0.024576;0.436032
625;0.901408;0.050176;0.856064
626;0.34864;0.023552;0.41856
627;0.440224;0.023552;0.43568
628;0.070784;0.008448;0.069472
629;0.437888;0.026624;0.476928
630;0.461088;0.024576;0.4752
631;0.46096;0.0256;0.451136
632;0.897184;0.050176;0.867296
633;0.8208;0.0512;0.861152
634;0.440128;0.023552;0.42496
635;0.482176;0.026656;0.477664
636;0.482336;0.026656;0.458816
637;0.48224;0.026624;0.468768
638;0.821312;0.050176;0.86928
639;0.92064;0.050176;0.859008
640;0.894336;0.050176;0.860576
641;0.47984;0.026624;0.44496
642;0.440576;0.024576;0.422816
643;0.432384;0.023552;0.408096
644;0.43792;0.024736;0.414624
645;0.473088;0.026624;0.460352
646;0.440672;0.024576;0.413792
647;0.377344;0.021504;0.354144
648;0.070784;0.008288;0.069472
649;0.437344;0.023296;0.424704
650;0.386496;0.021504;0.361728
651;0.385664;0.02048;0.370112
652;0.373056;0.024576;0.46208
653;0.81424;0.050176;0.868288
654;0.470208;0.024576;0.447744
655;0.44144;0.023552;0.438912
656;0.812416;0.049152;0.877408
657;0.348;0.023552;0.428
658;0.380064;0.0256;0.465152
659;0.46128;0.0256;0.449856
660;0.439968;0.023552;0.426368
661;0.355552;0.023552;0.431168
662;0.80736;0.050176;0.860512
663;0.359968;0.022528;0.428672
664;0.48736;0.026624;0.460576
665;0.482144;0.026624;0.478208
666;0.070784;0.008288;0.0696
667;0.397184;0.026624;0.479232
668;0.441024;0.024576;0.428256
669;0.293216;0.02048;0.361856
670;0.397312;0.026624;0.488256
671;1.0481;0.06144;1.04563
672;0.389952;0.026624;0.463872
673;0.90544;0.050176;0.840672
674;0.300288;0.020768;0.37056
675;0.491744;0.026784;0.468864
676;0.441408;0.023552;0.42192
677;0.482304;0.026624;0.468576
678;0.487648;0.026624;0.459296
679;0.070816;0.008192;0.06944
680;0.875072;0.050176;0.839264
681;0.431104;0.023552;0.404256
682;0.883232;0.050176;0.827264
683;0.432256;0.023552;0.421632
684;1.0335;0.06144;0.991744
685;0.452128;0.0256;0.425248
686;0.433536;0.022528;0.404576
687;0.473184;0.026624;0.445312
688;0.070816;0.008288;0.0696
689;0.431808;0.024352;0.405824
690;0.461312;0.024576;0.465504
691;0.442496;0.023552;0.436736
692;0.47024;0.0256;0.483904
693;0.44016;0.023552;0.41792
694;0.482848;0.026624;0.460576
695;0.482976;0.026624;0.487648
696;0.44144;0.023552;0.420992
697;0.070752;0.009216;0.069472
698;0.480224;0.026624;0.48672
699;0.44128;0.024576;0.418528
700;0.461088;0.024576;0.4752
701;0.461344;0.024576;0.448768
702;0.449248;0.024576;0.426048
703;0.450848;0.023552;0.449184
704;0.45904;0.0256;0.493856
705;0.974496;0.050176;0.886496
706;0.070752;0.008192;0.069472
707;1.16525;0.06144;1.03616
708;0.449184;0.024576;0.42736
709;0.441056;0.024576;0.44752
710;0.441024;0.024576;0.420064
711;0.070816;0.008192;0.069472
712;0.392096;0.02048;0.37008
713;0.482496;0.026624;0.46688
714;0.482432;0.026624;0.457568
715;0.458112;0.024576;0.44592
716;0.288416;0.02048;0.360352
717;0.43984;0.023552;0.415136
718;0.386432;0.021504;0.36208
719;0.482336;0.026624;0.459552
720;0.43808;0.024576;0.421696
721;0.433056;0.023552;0.428704
722;0.811232;0.050368;0.844864
723;0.461024;0.0256;0.459008
724;0.397472;0.0256;0.476352
725;0.395552;0.02048;0.368992
726;0.868128;0.050176;0.898464
727;0.395552;0.021504;0.38368
728;0.070784;0.008192;0.069504
729;0.441152;0.02432;0.454848
730;0.473472;0.026624;0.45568
731;0.428736;0.023552;0.41456
732;0.473344;0.026624;0.454624
733;0.875392;0.050176;0.82768
734;0.43152;0.024576;0.406336
735;0.440256;0.024736;0.413536
736;0.376896;0.021504;0.350592
737;0.880992;0.050176;0.8272
738;0.473344;0.026624;0.446368
739;0.452192;0.024576;0.427008
740;1.05104;0.06144;0.982688
741;0.430816;0.023552;0.411616
742;0.376512;0.02048;0.351456
743;0.452544;0.0256;0.426432
744;0.42864;0.023552;0.413664
745;0.482432;0.026624;0.447392
746;0.295616;0.02048;0.35104
747;0.452288;0.0256;0.436352
748;0.874272;0.050176;0.829728
749;0.377248;0.021504;0.350336
750;0.375424;0.021504;0.35168
751;0.479296;0.026656;0.454752
752;0.37744;0.021504;0.353984
753;1.04272;0.06144;0.990848
754;0.377312;0.021504;0.359584
755;0.431424;0.023552;0.403584
756;0.070752;0.008288;0.069504
757;0.376832;0.02048;0.350976
758;1.0431;0.061536;0.982912
759;0.439968;0.024576;0.413696
760;0.432224;0.023552;0.4064
761;0.37648;0.02048;0.3608
762;0.88128;0.050176;0.835488
763;0.438048;0.023552;0.415616
764;0.37648;0.02048;0.35888
765;0.440096;0.0256;0.413568
766;0.452256;0.024736;0.433344
767;0.872256;0.050176;0.83584
768;0.8792;0.050176;0.829184
769;0.432448;0.023552;0.406848
770;0.070752;0.008192;0.069472
771;0.4232;0.023328;0.404448
772;0.451904;0.0256;0.433536
773;0.891968;0.050176;0.837952
774;0.451712;0.0256;0.434208
775;0.070784;0.008192;0.069504
776;0.429184;0.024672;0.420928
777;0.473056;0.026848;0.454016
778;0.432032;0.024576;0.417024
779;1.04256;0.061632;0.980832
780;0.384224;0.024576;0.448608
781;0.899584;0.050176;0.847712
782;0.900192;0.050176;0.867584
783;0.487232;0.026624;0.46528
784;0.394624;0.026624;0.473248
785;0.81296;0.050176;0.860928
786;1.08477;0.06144;1.00006
787;0.487136;0.026624;0.455296
788;0.823424;0.050176;0.865888
789;0.46624;0.0256;0.465472
790;0.82256;0.050176;0.84592
791;0.487424;0.026624;0.469888
792;0.812384;0.050176;0.845472
793;0.814144;0.049152;0.849728
794;0.394272;0.026752;0.462016
795;0.07072;0.008192;0.06944
796;0.071072;0.008192;0.069024
797;1.08854;0.06144;1.00403
798;0.470208;0.0256;0.445984
799;0.44;0.023552;0.42176
800;0.48736;0.026624;0.470272
801;0.466176;0.024576;0.45504
802;0.386464;0.02048;0.383904
803;0.484;0.026624;0.464544
804;0.48752;0.026784;0.4864
805;0.44592;0.024576;0.431552
806;0.445856;0.024576;0.4232
807;0.070752;0.008192;0.069504
808;0.446656;0.023552;0.4384
809;0.35264;0.023552;0.424672
810;0.488;0.026624;0.487264
811;0.380288;0.024576;0.435872
812;0.818272;0.050176;0.849504
813;0.373504;0.024576;0.447072
814;0.487232;0.026624;0.464352
815;0.394112;0.026624;0.463936
816;0.373248;0.024576;0.435168
817;0.293888;0.021504;0.375136
818;0.920192;0.050176;0.86512
819;0.403328;0.026624;0.47728
820;0.466368;0.024576;0.434272
821;0.401312;0.026624;0.458592
822;0.932576;0.050208;0.87088
823;0.840256;0.050176;0.89104
824;0.404992;0.021504;0.410592
825;0.070944;0.008192;0.069472
826;0.496544;0.026624;0.49568
827;0.475328;0.024576;0.47776
828;0.993408;0.050176;0.948896
829;0.475456;0.024576;0.483584
830;0.395616;0.021504;0.400928
831;0.506048;0.026752;0.488768
832;0.070784;0.008192;0.069504
833;0.39568;0.02048;0.417248
834;0.47616;0.0256;0.485952
835;0.455712;0.024576;0.455904
836;0.532672;0.026624;0.495712
837;0.431488;0.026624;0.486528
838;0.070752;0.008192;0.069472
839;0.395328;0.02048;0.37984
840;0.070784;0.00848;0.069504
841;0.400128;0.024704;0.449312
842;0.496768;0.026624;0.493888
843;0.45088;0.023552;0.457632
844;1.00621;0.050176;0.939648
845;0.470368;0.024576;0.48464
846;0.475424;0.0256;0.447776
847;0.470304;0.0256;0.493024
848;0.986496;0.050176;0.889696
849;0.070816;0.008192;0.069472
850;1.1208;0.06144;1.12723
851;0.463616;0.024576;0.463168
852;0.401952;0.0256;0.476416
853;0.472736;0.023552;0.452544
854;0.42816;0.026624;0.495584
855;0.50592;0.026624;0.47808
856;0.450848;0.023552;0.4584
857;1.11155;0.06144;1.04448
858;0.449216;0.023552;0.462912
859;0.463552;0.024576;0.462656
860;0.46384;0.0256;0.473248
861;0.49408;0.0256;0.473856
862;0.491904;0.026816;0.503968
863;0.44928;0.023552;0.447744
864;0.4704;0.024576;0.481536
865;0.450112;0.023552;0.452832
866;0.495648;0.026624;0.495584
867;0.491264;0.026624;0.497248
868;0.070752;0.008192;0.069504
869;0.45424;0.023552;0.470304
870;0.470272;0.0256;0.492096
871;0.935776;0.050176;0.897504
872;0.438112;0.026624;0.506464
873;0.496512;0.026624;0.466528
874;0.992704;0.050176;0.968192
875;0.3928;0.024576;0.468736
876;0.458432;0.024576;0.463136
877;0.449312;0.022528;0.463328
878;0.470336;0.0256;0.509728
879;0.45872;0.024576;0.46272
880;0.458336;0.024576;0.464704
881;0.394912;0.02048;0.368992
882;0.418304;0.0256;0.467776
883;0.458528;0.024576;0.463712
884;0.454848;0.023552;0.46768
885;0.491456;0.026624;0.493472
886;0.500928;0.026784;0.492416
887;0.449824;0.024576;0.453344
888;0.496832;0.027648;0.486528
889;0.462496;0.024576;0.462688
890;0.449312;0.023552;0.464192
891;0.429024;0.026624;0.494592
892;0.454336;0.023552;0.44592
893;1.12787;0.06144;1.06259
894;0.397728;0.023552;0.466752
895;0.449344;0.023552;0.454112
896;0.495616;0.026624;0.484224
897;1.13494;0.06144;1.10957
898;0.381088;0.024672;0.4632
899;0.070784;0.008192;0.069472
900;0.439456;0.027648;0.494528
901;0.3936;0.021504;0.371168
902;1.00669;0.050176;0.921984
903;0.45424;0.023552;0.462624
904;0.470144;0.0256;0.474656
905;0.410112;0.0256;0.50336
906;0.496448;0.026624;0.496672
907;1.02246;0.050176;0.918912
908;0.31184;0.02048;0.36912
909;0.300736;0.021504;0.378048
910;0.441696;0.022528;0.428576
911;0.4824;0.026624;0.467616
912;0.070752;0.008448;0.06976
913;1.04797;0.06144;0.98016
914;0.873312;0.0512;0.831328
915;0.432;0.024576;0.414464
916;0.432032;0.024576;0.415328
917;0.430656;0.022688;0.405984
918;0.872192;0.050176;0.8344
919;0.872224;0.050176;0.836992
920;0.473216;0.026624;0.453888
921;0.4736;0.026656;0.446432
922;0.470016;0.026624;0.45424
923;0.3992;0.026624;0.44752
924;0.452;0.0256;0.427648
925;0.473504;0.026624;0.445408
926;0.872032;0.050176;0.837216
927;0.070816;0.008192;0.069472
928;0.431104;0.023552;0.412096
929;0.87488;0.050176;0.828832
930;0.440096;0.024768;0.41568
931;0.451968;0.024576;0.433312
932;0.368416;0.021504;0.352832
933;0.385568;0.02048;0.359744
934;0.4736;0.026624;0.446048
935;0.42784;0.023552;0.405024
936;0.374592;0.021504;0.353376
937;0.431616;0.024576;0.415008
938;0.473056;0.026624;0.455872
939;0.070816;0.008192;0.069472
940;0.874752;0.050176;0.843296
941;1.0335;0.06144;0.980352
942;0.452224;0.0256;0.4344
943;0.872064;0.050176;0.826784
944;0.471264;0.026624;0.454624
945;0.43248;0.023552;0.409728
946;0.377184;0.021504;0.352352
947;0.377184;0.021504;0.352512
948;0.452192;0.0256;0.433024
949;1.03456;0.06144;0.99232
950;0.376896;0.021504;0.36528
951;0.473216;0.026624;0.447232
952;0.473216;0.026624;0.44736
953;0.873984;0.050176;0.829088
954;0.470432;0.026624;0.453696
955;0.985024;0.06144;0.981568
956;0.452224;0.0256;0.434272
957;0.440192;0.024576;0.414912
958;0.473248;0.026624;0.447456
959;0.376544;0.021504;0.35312
960;0.47392;0.026784;0.445504
961;0.440256;0.024576;0.41344
962;0.449024;0.024576;0.424096
963;0.473024;0.026656;0.44688
964;0.473216;0.026624;0.445248
965;0.473984;0.026624;0.445408
966;0.873952;0.050176;0.828
967;0.383936;0.021504;0.352864
968;0.377344;0.021504;0.360256
969;0.871616;0.050176;0.834752
970;0.432064;0.022528;0.41344
971;0.378016;0.021504;0.359008
972;0.43808;0.0256;0.412704
973;0.473152;0.026624;0.452672
974;1.04269;0.06144;0.981056
975;0.376832;0.020608;0.352768
976;0.45216;0.024576;0.432992
977;0.431808;0.024576;0.40656
978;0.472864;0.026624;0.443904
979;0.428832;0.023552;0.404416
980;0.452;0.0256;0.4336
981;0.440192;0.024576;0.414624
982;0.452544;0.0256;0.439104
983;0.439904;0.024576;0.42208
984;0.449472;0.0256;0.43136
985;0.8736;0.050176;0.829792
986;0.881856;0.050176;0.834112
987;0.461632;0.024576;0.425376
988;0.473216;0.026624;0.455616
989;0.430976;0.023552;0.403776
990;0.376448;0.02048;0.351392
991;0.440064;0.024576;0.412576
992;0.07072;0.008192;0.069504
993;0.875328;0.050176;0.827744
994;0.37696;0.021504;0.361312
995;0.9024;0.050176;0.842592
996;0.47024;0.026624;0.446336
997;0.873984;0.050176;0.827168
998;0.470624;0.026624;0.446272
999;0.449248;0.0256;0.43856
1000;1.0336;0.06144;0.981952
1001;1.03354;0.06144;0.984064
1002;0.893056;0.050176;0.829344
1003;0.430848;0.023552;0.41408
1004;0.43232;0.023552;0.40592
1005;0.376512;0.02048;0.352096
1006;0.874656;0.050176;0.829216
1007;0.439936;0.024576;0.413664
1008;0.430816;0.023552;0.4024
1009;0.87152;0.050176;0.82784
1010;0.479712;0.026656;0.445344
1011;0.47296;0.026624;0.445568
1012;0.452;0.0256;0.426272
1013;0.431456;0.024576;0.40224
1014;0.452448;0.024576;0.425216
1015;0.37648;0.021504;0.360288
1016;0.4592;0.024608;0.433248
1017;0.874656;0.050176;0.837568
1018;1.04246;0.06144;0.980832
1019;0.901312;0.050176;0.83072
1020;0.354912;0.023552;0.406048
1021;0.470208;0.026624;0.445952
1022;0.473216;0.026624;0.446752
1023;0.378208;0.021504;0.350656
1024;0.482144;0.026624;0.44512
1025;0.473184;0.026784;0.447168
1026;0.901248;0.050176;0.83808
1027;0.43264;0.023552;0.406848
1028;0.070784;0.008192;0.069472
1029;0.473184;0.026624;0.44736
1030;0.473152;0.02688;0.446752
1031;0.39744;0.024576;0.41568
1032;0.474048;0.026848;0.446176
1033;0.071136;0.008192;0.069728
1034;1.03363;0.062464;0.981536
1035;0.408416;0.0256;0.434208
1036;0.432512;0.023552;0.406016
1037;0.452544;0.024576;0.42592
1038;0.439968;0.024576;0.412064
1039;0.440608;0.024576;0.405696
1040;0.452032;0.024576;0.424448
1041;0.871328;0.050176;0.82656
1042;0.44928;0.024576;0.425088
1043;0.473312;0.026624;0.454528
1044;0.470912;0.026624;0.458528
1045;1.04336;0.06144;0.981056
1046;0.452896;0.024576;0.453888
1047;0.440512;0.027456;0.41376
1048;0.873248;0.050176;0.834688
1049;0.872288;0.049152;0.841728
1050;0.451936;0.024576;0.436576
1051;0.473312;0.026624;0.446368
1052;0.379904;0.024576;0.406752
1053;0.458976;0.024576;0.42672
1054;0.430304;0.023552;0.406528
1055;1.04464;0.06144;0.983232
1056;0.452032;0.0256;0.436576
1057;0.452128;0.024576;0.432768
1058;0.42944;0.023552;0.405504
1059;0.430912;0.023552;0.403808
1060;0.473216;0.026624;0.446816
1061;0.37472;0.021632;0.351456
1062;0.87456;0.050176;0.837632
1063;0.4408;0.024576;0.422912
1064;0.48;0.026656;0.447328
1065;0.452704;0.0256;0.437568
1066;0.473888;0.026624;0.446304
1067;0.37744;0.021504;0.351872
1068;0.070816;0.008192;0.069568
1069;0.482112;0.026624;0.44768
1070;0.45232;0.0256;0.4336
1071;0.892128;0.050176;0.839488
1072;0.8816;0.050176;0.836608
1073;0.440224;0.024576;0.424288
1074;0.45216;0.0256;0.446752
1075;0.481984;0.026624;0.446816
1076;0.376736;0.02064;0.361152
1077;0.071168;0.008288;0.069664
1078;0.473312;0.026624;0.451168
1079;0.473024;0.026624;0.451616
1080;0.431584;0.024576;0.407264
1081;0.37648;0.02048;0.360384
1082;0.47312;0.026624;0.445856
1083;0.37648;0.02048;0.351648
1084;0.880864;0.050176;0.826784
1085;0.440384;0.024608;0.423776
1086;0.388128;0.024576;0.40544
1087;0.376512;0.02048;0.351616
1088;0.472992;0.026624;0.445376
1089;0.070816;0.008192;0.069472
1090;0.376448;0.02048;0.35056
1091;0.473184;0.026624;0.455296
1092;0.881056;0.050176;0.826784
1093;0.377184;0.021504;0.360608
1094;0.070912;0.008288;0.069472
1095;0.432576;0.023552;0.407008
1096;0.43136;0.024576;0.40432
1097;1.03418;0.06144;0.981024
1098;0.88336;0.050176;0.827936
1099;0.473408;0.026656;0.4464
1100;0.473088;0.026624;0.445216
1101;0.37712;0.021504;0.356736
1102;0.45536;0.0256;0.425408
1103;0.37648;0.02048;0.351488
1104;0.37728;0.021504;0.362144
1105;0.376416;0.02048;0.353632
1106;0.452064;0.0256;0.439904
1107;0.441472;0.022528;0.41584
1108;0.377408;0.021504;0.353248
1109;0.377184;0.021504;0.351968
1110;0.070816;0.008192;0.069824
1111;0.368672;0.021504;0.353088
1112;0.45232;0.0256;0.424256
1113;0.473024;0.026624;0.445376
1114;0.377248;0.021504;0.353504
1115;0.432608;0.023552;0.415072
1116;0.461312;0.024576;0.440608
1117;0.376864;0.02048;0.35008
1118;0.377248;0.021504;0.353728
1119;0.872544;0.050176;0.826688
1120;0.377216;0.021504;0.352192
1121;0.377216;0.021504;0.36112
1122;0.430976;0.024576;0.412512
1123;0.47312;0.026624;0.445568
1124;0.4328;0.023552;0.416096
1125;0.875264;0.050176;0.82816
1126;0.070784;0.008288;0.069472
1127;0.368512;0.021248;0.360608
1128;0.473312;0.026624;0.446656
1129;0.432384;0.023552;0.408736
1130;0.473664;0.027648;0.447392
1131;0.873152;0.050176;0.826176
1132;0.430688;0.023552;0.413632
1133;0.374144;0.02048;0.359648
1134;0.473184;0.026624;0.445568
1135;0.441024;0.024576;0.412768
1136;0.431744;0.024576;0.415168
1137;0.872256;0.050176;0.825856
1138;0.472736;0.026624;0.460864
1139;0.874688;0.050176;0.838304
1140;0.427904;0.023552;0.405152
1141;1.03424;0.06144;0.981728
1142;0.451968;0.0256;0.4336
1143;0.452096;0.0256;0.42528
1144;0.874112;0.050176;0.828608
1145;0.45216;0.024576;0.43312
1146;0.874112;0.050176;0.830464
1147;0.871616;0.049152;0.8368
1148;0.37648;0.02048;0.351584
1149;0.47392;0.026688;0.444416
1150;0.874656;0.0512;0.838336
1151;1.04346;0.06144;0.98384
1152;1.03424;0.06144;0.9832
1153;0.431584;0.024576;0.405248
1154;0.472768;0.026624;0.4536
1155;0.070816;0.008192;0.069536
1156;0.43216;0.023552;0.40592
1157;0.432576;0.024576;0.405216
1158;0.431776;0.023552;0.40528
1159;0.473536;0.026816;0.445376
1160;0.452;0.024576;0.42704
1161;0.45168;0.024576;0.435104
1162;0.47312;0.026624;0.445536
1163;0.37824;0.021504;0.3512
1164;0.45184;0.026624;0.445728
1165;0.368192;0.023552;0.352192
1166;0.473696;0.026624;0.44832
1167;0.472864;0.026624;0.445824
1168;0.376512;0.02048;0.35216
1169;0.37712;0.021504;0.360576
1170;0.432416;0.023552;0.406976
1171;0.070816;0.009216;0.069472
1172;0.4648;0.027648;0.446816
1173;0.87536;0.050176;0.828224
1174;0.377184;0.021504;0.350592
1175;1.02957;0.06144;0.980288
1176;0.432576;0.023552;0.41664
1177;0.449664;0.024576;0.424992
1178;0.431008;0.023552;0.410656
1179;0.377248;0.021504;0.351872
1180;1.03379;0.06144;0.983264
1181;0.377312;0.021504;0.35472
1182;0.471104;0.026624;0.44816
1183;0.431776;0.023552;0.403552
1184;0.472896;0.027648;0.446432
1185;0.473728;0.026624;0.446336
1186;0.431584;0.023552;0.40432
1187;0.874784;0.050176;0.828384
1188;0.43104;0.023552;0.411136
1189;0.871616;0.049152;0.836064
1190;0.070752;0.008192;0.069472
1191;0.070816;0.008192;0.069408
1192;0.451808;0.024576;0.434272
1193;0.453056;0.0256;0.43456
1194;0.4408;0.024576;0.423072
1195;0.451936;0.0256;0.445728
1196;0.440352;0.0256;0.415744
1197;0.473056;0.026624;0.445312
1198;0.455136;0.0256;0.425344
1199;0.376544;0.02048;0.35216
1200;0.451872;0.0256;0.433696
1201;0.376512;0.02048;0.352736
1202;0.37648;0.020768;0.351616
1203;0.07072;0.008192;0.069568
1204;0.440032;0.0256;0.420768
1205;0.437472;0.024576;0.414688
1206;0.428864;0.024576;0.403712
1207;0.871456;0.050176;0.828928
1208;0.37648;0.021504;0.351168
1209;0.47216;0.026624;0.446336
1210;0.431584;0.024576;0.404768
1211;0.387712;0.023552;0.414304
1212;0.432672;0.023552;0.414656
1213;0.452096;0.024576;0.425952
1214;1.03523;0.062464;0.981664
1215;0.473056;0.026752;0.443808
1216;0.880864;0.050176;0.834624
1217;1.03354;0.06144;0.980928
1218;0.871712;0.04944;0.836
1219;0.452096;0.024576;0.437536
1220;0.376128;0.02048;0.350592
1221;0.883808;0.050176;0.828448
1222;0.376384;0.02048;0.357856
1223;0.992896;0.06144;0.98064
1224;0.45184;0.0256;0.433472
1225;0.473792;0.026624;0.445408
1226;0.47312;0.026624;0.445632
1227;0.431936;0.024576;0.405312
1228;1.03334;0.06144;0.980576
1229;0.376512;0.02048;0.35248
1230;0.450592;0.024576;0.434912
1231;0.377216;0.021504;0.350112
1232;0.3776;0.021504;0.35248
1233;0.432608;0.023552;0.420992
1234;0.45216;0.0256;0.432608
1235;0.37712;0.021504;0.360544
1236;0.473344;0.026624;0.446656
1237;0.479424;0.026624;0.453344
1238;0.430944;0.023552;0.404096
1239;0.452416;0.0256;0.434464
1240;0.452064;0.024576;0.424256
1241;0.376448;0.02048;0.35168
1242;0.070816;0.008192;0.069472
1243;0.874656;0.05024;0.829472
1244;0.440448;0.024576;0.422592
1245;0.383328;0.021504;0.360064
1246;0.473152;0.026624;0.452704
1247;0.376512;0.02048;0.35216
1248;0.473312;0.026624;0.446688
1249;0.47296;0.026656;0.44704
1250;0.431712;0.024576;0.406048
1251;0.473376;0.026624;0.445728
1252;0.474208;0.026624;0.453504
1253;1.04358;0.06144;0.9912
1254;0.479648;0.026624;0.45856
1255;0.070784;0.008192;0.069504
1256;0.43296;0.023552;0.416352
1257;1.04371;0.06144;0.980896
1258;0.4824;0.026624;0.455552
1259;0.874592;0.050176;0.837088
1260;0.37712;0.021504;0.353984
1261;0.47312;0.026624;0.454976
1262;0.376512;0.02048;0.359648
1263;0.377216;0.021504;0.358688
1264;0.070816;0.008288;0.069504
1265;0.44;0.024576;0.413056
1266;0.377344;0.021504;0.35232
1267;0.873888;0.050176;0.838336
1268;1.05174;0.06144;0.981088
1269;0.982752;0.06144;0.982144
1270;0.452288;0.0256;0.425824
1271;0.3744;0.020768;0.36032
1272;0.441088;0.024576;0.412544
1273;0.440512;0.024576;0.4136
1274;1.0335;0.06144;0.991456
1275;0.37728;0.021504;0.35136
1276;0.87424;0.0512;0.8288
1277;0.43232;0.023552;0.413056
1278;0.43104;0.023552;0.406592
1279;0.47408;0.026624;0.454624
1280;0.470464;0.026624;0.448352
1281;0.453152;0.0256;0.43552
1282;0.377248;0.021504;0.352352
1283;0.378176;0.021504;0.351872
1284;0.473504;0.026624;0.445792
1285;0.377216;0.021504;0.35168
1286;0.45232;0.0256;0.433504
1287;0.377216;0.021504;0.35088
1288;1.03456;0.06144;0.982144
1289;0.874336;0.05024;0.828928
1290;0.070784;0.008288;0.069504
1291;0.458208;0.0256;0.449792
1292;0.43168;0.024576;0.415456
1293;0.473024;0.026624;0.445344
1294;0.452096;0.024576;0.423104
1295;0.875008;0.050176;0.828608
1296;0.37648;0.02048;0.351968
1297;0.432384;0.023552;0.405728
1298;0.43216;0.023552;0.4184
1299;0.451968;0.024576;0.43328
1300;0.377664;0.021504;0.362112
1301;0.43248;0.022528;0.414976
1302;0.874784;0.050176;0.828096
1303;0.432544;0.023552;0.415104
1304;0.376448;0.02048;0.351552
1305;0.473344;0.026656;0.445376
1306;0.44;0.024576;0.42176
1307;0.430848;0.023552;0.40384
1308;0.408864;0.0256;0.434496
1309;0.432448;0.023552;0.407936
1310;1.03341;0.062464;0.981632
1311;0.37744;0.02048;0.361312
1312;1.03898;0.062464;0.981248
1313;0.432384;0.023552;0.41376
1314;0.428672;0.023552;0.413792
1315;0.430752;0.023552;0.401536
1316;0.071104;0.008192;0.069472
1317;0.47296;0.026624;0.444832
1318;0.449248;0.026624;0.427424
1319;0.87184;0.049152;0.83552
1320;0.452992;0.024576;0.436544
1321;0.871488;0.050176;0.826848
1322;0.070816;0.008192;0.069504
1323;0.430784;0.023328;0.405088
1324;0.43104;0.022528;0.403456
1325;0.47312;0.026624;0.445632
1326;0.451968;0.024576;0.427072
1327;0.070784;0.008288;0.069472
1328;0.882912;0.050176;0.82976
1329;0.430944;0.022528;0.414656
1330;0.8728;0.050176;0.836448
1331;0.872416;0.050176;0.825568
1332;0.42896;0.023552;0.41152
1333;0.876928;0.050176;0.837632
1334;0.432416;0.023552;0.417024
1335;0.37648;0.021504;0.35216
1336;0.429216;0.023552;0.405088
1337;0.070752;0.008192;0.069472
1338;0.432224;0.023296;0.406432
1339;0.07072;0.008192;0.069472
1340;0.43088;0.023552;0.403136
1341;0.872;0.050176;0.82624
1342;0.428224;0.023552;0.403392
1343;0.43232;0.023552;0.415296
1344;0.87152;0.050176;0.828064
1345;0.376512;0.02048;0.353088
1346;0.432384;0.023552;0.406048
1347;0.432288;0.023552;0.415616
1348;0.473248;0.026624;0.446432
1349;0.452;0.024576;0.435488
1350;0.422912;0.024576;0.407328
1351;0.451936;0.024576;0.434112
1352;0.871712;0.050176;0.8264
1353;0.47344;0.026624;0.455072
1354;0.873984;0.050176;0.828576
1355;0.473312;0.026624;0.445312
1356;0.47408;0.026624;0.447712
1357;0.377248;0.021504;0.351904
1358;0.452096;0.0256;0.433792
1359;0.88096;0.050176;0.82448
1360;0.430816;0.023552;0.405504
1361;0.430752;0.023552;0.403616
1362;0.377248;0.021504;0.350944
1363;0.377312;0.021504;0.353344
1364;0.443776;0.024576;0.42512
1365;0.37648;0.02048;0.360928
1366;0.3768;0.02048;0.35248
1367;0.432544;0.023552;0.404192
1368;0.37696;0.021504;0.362048
1369;0.44032;0.024576;0.41312
1370;0.432448;0.023552;0.40688
1371;0.431744;0.023552;0.41392
1372;0.473024;0.026848;0.445312
1373;0.431648;0.024576;0.406272
1374;0.376672;0.020576;0.351616
1375;0.431008;0.023552;0.404224
1376;0.43248;0.023552;0.415168
1377;0.472992;0.026624;0.446528
1378;0.452448;0.025696;0.42528
1379;1.04272;0.06144;0.980608
1380;0.45184;0.0256;0.434144
1381;0.472896;0.026624;0.45472
1382;1.03382;0.062464;0.98048
1383;0.070848;0.008192;0.069472
1384;0.87456;0.050176;0.83008
1385;0.45232;0.024576;0.434752
1386;0.070848;0.008192;0.069472
1387;0.473216;0.026624;0.446272
1388;0.473184;0.026624;0.446368
1389;0.46128;0.024576;0.436064
1390;0.473056;0.026624;0.43712
1391;0.473568;0.026624;0.445376
1392;0.440128;0.024576;0.412576
1393;0.431904;0.023552;0.404032
1394;0.451904;0.024576;0.434336
1395;0.375104;0.021504;0.360544
1396;1.04269;0.06144;0.979776
1397;0.473056;0.026624;0.445952
1398;0.451968;0.0256;0.441888
1399;0.473152;0.026624;0.455744
1400;0.451872;0.024576;0.438592
1401;0.452096;0.024576;0.436256
1402;0.070784;0.008192;0.069504
1403;0.070752;0.008192;0.069024
1404;1.03453;0.06144;0.980384
1405;0.07088;0.008192;0.070016
1406;0.45216;0.024576;0.431968
1407;0.440256;0.024576;0.414144
1408;0.88112;0.050176;0.836352
1409;0.440672;0.024576;0.414752
1410;0.377568;0.021504;0.353376
1411;0.376512;0.021504;0.350048
1412;0.440032;0.024576;0.414112
1413;0.432352;0.023552;0.406304
1414;0.43168;0.024576;0.406272
1415;0.473088;0.026624;0.45392
1416;0.432704;0.024576;0.407744
1417;0.440256;0.024576;0.414112
1418;0.451872;0.024576;0.432544
1419;0.473216;0.026624;0.462208
1420;0.070816;0.008192;0.069504
1421;0.452288;0.0256;0.425056
1422;0.452672;0.0256;0.433504
1423;0.44912;0.024576;0.426208
1424;0.452224;0.0256;0.435584
1425;0.451968;0.0256;0.435168
1426;0.070848;0.008192;0.069472
1427;0.452064;0.024576;0.42608
1428;0.433088;0.023552;0.414912
1429;0.873504;0.050176;0.82864
1430;1.03456;0.06144;0.982272
1431;0.452256;0.024576;0.433408
1432;0.452192;0.024576;0.434784
1433;0.431072;0.023552;0.406432
1434;0.437312;0.0256;0.412704
1435;0.473856;0.026624;0.446272
1436;0.452096;0.0256;0.433536
1437;0.452512;0.0256;0.426624
1438;0.43072;0.023552;0.402848
1439;0.473536;0.026624;0.4456
1440;1.03347;0.06144;0.983904
1441;0.470496;0.026624;0.446464
1442;0.440256;0.024576;0.422784
1443;0.440448;0.024576;0.41408
1444;0.473216;0.026624;0.453504
1445;0.473248;0.026624;0.446368
1446;0.470144;0.026624;0.445344
1447;0.432768;0.024576;0.407296
1448;0.87232;0.050176;0.840288
1449;0.440192;0.024576;0.414624
1450;0.377152;0.021568;0.359552
1451;0.070816;0.008288;0.069472
1452;0.452;0.024736;0.425728
1453;0.453024;0.024576;0.435872
1454;0.430784;0.023552;0.40496
1455;0.872352;0.050176;0.825952
1456;0.473792;0.026624;0.454816
1457;0.874592;0.050176;0.8304
1458;0.376512;0.02048;0.351616
1459;0.473632;0.026624;0.446464
1460;0.470272;0.026624;0.446368
1461;0.45216;0.0256;0.426272
1462;0.440128;0.024576;0.410688
1463;0.473728;0.026624;0.446368
1464;1.03456;0.06144;0.990592
1465;0.873216;0.049152;0.835424
1466;0.472992;0.026624;0.455584
1467;0.367296;0.02048;0.352288
1468;0.432576;0.023552;0.406816
1469;0.43232;0.023552;0.404224
1470;0.432512;0.023552;0.40688
1471;0.47344;0.026624;0.455104
1472;0.440096;0.024576;0.42192
1473;0.4616;0.0256;0.448832
1474;0.473376;0.026656;0.446432
1475;0.874656;0.050176;0.829376
1476;0.070816;0.008192;0.069504
1477;0.452192;0.0256;0.435584
1478;0.874624;0.0512;0.828864
1479;0.473472;0.026752;0.447328
1480;0.871488;0.049152;0.827232
1481;0.473408;0.026624;0.4536
1482;0.070784;0.00832;0.069472
1483;1.03373;0.06144;0.991936
1484;0.452128;0.024576;0.425344
1485;0.44112;0.024576;0.414656
1486;0.070752;0.008288;0.069536
1487;0.473024;0.026624;0.447872
1488;0.070816;0.008448;0.069504
1489;0.070784;0.008192;0.069024
1490;0.377344;0.02048;0.35216
1491;0.07088;0.008192;0.069472
1492;0.43232;0.023552;0.405344
1493;1.03491;0.06144;0.979648
1494;0.070784;0.008192;0.069504
1495;0.47328;0.026624;0.45504
1496;0.38368;0.021504;0.352352
1497;0.87168;0.050176;0.83584
1498;0.874368;0.050176;0.829344
1499;0.473344;0.026816;0.45504
1500;0.37648;0.020576;0.3608
1501;1.0424;0.06144;0.98208
1502;0.872544;0.050176;0.837792
1503;0.431776;0.024576;0.404672
1504;0.875264;0.050176;0.837216
1505;0.479488;0.026624;0.448512
1506;0.451808;0.024576;0.441472
1507;0.431392;0.022528;0.403552
1508;0.070784;0.008288;0.069472
1509;0.376224;0.02048;0.349024
1510;0.070752;0.008192;0.069472
1511;0.45216;0.024576;0.434144
1512;0.430976;0.022528;0.415168
1513;0.880832;0.049152;0.824864
1514;1.0335;0.06144;0.981184
1515;0.376448;0.02048;0.359904
1516;0.474144;0.026624;0.460832
1517;0.427904;0.023552;0.404768
1518;0.38608;0.021504;0.351488
1519;1.03421;0.06144;0.981056
1520;0.473088;0.026624;0.447488
1521;0.452128;0.024576;0.433952
1522;0.37648;0.021504;0.351232
1523;0.452032;0.024576;0.439616
1524;0.4736;0.026624;0.446048
1525;1.03344;0.06144;0.981504
1526;0.47424;0.026624;0.446368
1527;0.871616;0.050176;0.835808
1528;0.87424;0.050176;0.836544
1529;0.431296;0.023552;0.41248
1530;0.377216;0.021504;0.360704
1531;0.871648;0.049312;0.84096
1532;0.37728;0.021504;0.360832
1533;0.377216;0.021504;0.353376
1534;0.432256;0.023552;0.406816
1535;0.473248;0.026624;0.456736
1536;0.87568;0.050176;0.829888
1537;0.472992;0.026624;0.445056
1538;0.473088;0.026752;0.447552
1539;0.87424;0.050176;0.82976
1540;0.376544;0.020608;0.351424
1541;0.441184;0.024576;0.422272
1542;0.452448;0.024576;0.425856
1543;0.473056;0.02688;0.446912
1544;0.433056;0.023552;0.406976
1545;0.377248;0.021504;0.35344
1546;0.885248;0.050176;0.828352
1547;1.03366;0.06144;0.981664
1548;0.451648;0.024576;0.432288
1549;0.880928;0.049152;0.836416
1550;0.431712;0.024576;0.406272
1551;0.377216;0.021504;0.352832
1552;0.874464;0.050176;0.828992
1553;0.473408;0.026624;0.445312
1554;0.37648;0.021504;0.350752
1555;0.880384;0.050176;0.833856
1556;0.873824;0.050432;0.83552
1557;0.070752;0.008192;0.069568
1558;0.452896;0.026368;0.447584
1559;0.473824;0.026624;0.446624
1560;0.432864;0.024576;0.41568
1561;0.881856;0.050176;0.827808
1562;0.432576;0.023552;0.408768
1563;0.474144;0.026624;0.455008
1564;0.440096;0.024576;0.413856
1565;0.439968;0.024576;0.421792
1566;0.432448;0.023552;0.407872
1567;0.473024;0.026624;0.447136
1568;0.441184;0.024576;0.414176
1569;0.433408;0.023552;0.415776
1570;0.429696;0.023552;0.408224
1571;0.472864;0.027648;0.446496
1572;0.440224;0.024576;0.414624
1573;0.378272;0.021504;0.35216
1574;0.473056;0.026624;0.446336
1575;0.430912;0.023552;0.402944
1576;0.881472;0.050176;0.827968
1577;0.380352;0.023552;0.407872
1578;0.473184;0.026624;0.446432
1579;0.423616;0.023552;0.40624
1580;0.070848;0.008192;0.069472
1581;0.431232;0.023552;0.405568
1582;0.874976;0.05024;0.828288
1583;0.376512;0.02048;0.360736
1584;0.070784;0.008288;0.069472
1585;0.432576;0.022528;0.405664
1586;0.452096;0.0256;0.425536
1587;0.8848;0.050176;0.829088
1588;0.451744;0.0256;0.435872
1589;0.890048;0.049152;0.82736
1590;1.03354;0.06144;0.99088
1591;0.368288;0.020608;0.35056
1592;0.385696;0.021504;0.351648
1593;0.43184;0.024576;0.404896
1594;0.435872;0.024576;0.413568
1595;0.47296;0.026624;0.454112
1596;0.452;0.024576;0.43856
1597;0.452256;0.024576;0.42544
1598;0.473152;0.026624;0.45408
1599;0.452064;0.024576;0.434112
1600;0.450112;0.024576;0.438048
1601;0.473056;0.026624;0.444832
1602;0.433568;0.023552;0.407552
1603;0.367936;0.02048;0.350048
1604;0.473344;0.026624;0.445216
1605;0.47296;0.026624;0.445792
1606;0.8832;0.050208;0.82928
1607;0.449056;0.0256;0.434496
1608;0.47312;0.026624;0.447104
1609;0.430592;0.023552;0.405152
1610;0.432192;0.024576;0.405504
1611;0.377344;0.021504;0.351296
1612;0.377568;0.021504;0.350272
1613;0.8808;0.049152;0.825824
1614;0.821984;0.050176;0.836928
1615;0.472864;0.026624;0.446592
1616;0.377344;0.02048;0.360576
1617;0.452288;0.025664;0.432992
1618;0.479904;0.026624;0.448448
1619;0.430912;0.023552;0.404416
1620;0.431776;0.024576;0.403552
1621;0.43264;0.023552;0.408064
1622;0.440096;0.024576;0.4144
1623;0.883552;0.050176;0.827872
1624;0.431008;0.023552;0.404448
1625;0.473504;0.026624;0.448
1626;0.44048;0.024576;0.412832
1627;0.377184;0.02048;0.35952
1628;0.376448;0.021504;0.351104
1629;0.873344;0.050176;0.827104
1630;0.377248;0.021504;0.352864
1631;0.452608;0.0256;0.426304
1632;1.04275;0.06144;0.98096
1633;0.070848;0.008192;0.069472
1634;0.432;0.02384;0.405696
1635;0.070848;0.008192;0.06944
1636;0.473184;0.027648;0.439648
1637;0.440352;0.024576;0.415104
1638;0.473408;0.026624;0.446944
1639;0.070816;0.008192;0.069472
1640;0.452192;0.0256;0.425472
1641;0.473728;0.026624;0.445632
1642;0.376576;0.02048;0.350592
1643;0.451776;0.0256;0.426592
1644;0.367808;0.020576;0.35264
1645;0.37648;0.02048;0.352448
1646;0.430784;0.023552;0.40528
1647;0.472928;0.026624;0.457152
1648;0.873344;0.050176;0.833408
1649;0.473024;0.026656;0.446464
1650;0.070752;0.008192;0.069472
1651;0.473984;0.026624;0.452992
1652;0.37648;0.020704;0.360256
1653;0.464384;0.026624;0.447488
1654;1.03395;0.06144;0.982816
1655;0.431968;0.024576;0.414752
1656;0.464288;0.026624;0.446368
1657;0.37744;0.021504;0.353952
1658;1.03456;0.06144;0.98384
1659;0.423808;0.024576;0.40432
1660;0.437088;0.024576;0.413728
1661;0.449088;0.024576;0.432928
1662;0.431616;0.023552;0.40624
1663;0.4528;0.024576;0.434848
1664;0.432576;0.023552;0.408448
1665;0.432448;0.023552;0.407328
1666;0.464064;0.026624;0.44528
1667;0.44272;0.0256;0.432512
1668;1.0335;0.06144;0.981984
1669;1.03373;0.06144;0.982816
1670;0.473184;0.026624;0.448064
1671;0.451936;0.0256;0.432448
1672;0.431552;0.024576;0.4048
1673;0.376864;0.021504;0.34864
1674;0.470816;0.026624;0.444832
1675;0.432064;0.024576;0.414464
1676;0.070816;0.008192;0.069472
1677;0.472928;0.026624;0.455712
1678;1.044;0.06144;0.982368
1679;0.070784;0.008192;0.069504
1680;1.03363;0.06144;0.983808
1681;0.87424;0.050176;0.828096
1682;0.47312;0.026784;0.447392
1683;0.824512;0.050176;0.82896
1684;0.472992;0.026624;0.446048
1685;0.430848;0.023552;0.403392
1686;1.03357;0.06144;0.983392
1687;0.47296;0.026624;0.445312
1688;0.379232;0.023552;0.413216
1689;0.8216;0.049152;0.827232
1690;0.376096;0.0256;0.44192
1691;1.03539;0.06144;0.981664
1692;0.376224;0.021504;0.3592
1693;0.428448;0.023552;0.404832
1694;0.440288;0.024576;0.41408
1695;0.432672;0.023552;0.407072
1696;0.373696;0.021504;0.351296
1697;0.473088;0.026624;0.446496
1698;0.87456;0.050176;0.839264
1699;1.0424;0.06144;0.991936
1700;0.431712;0.024576;0.404864
1701;0.472992;0.026624;0.445344
1702;0.431776;0.024576;0.412512
1703;0.452384;0.024576;0.434176
1704;0.070752;0.008288;0.069504
1705;0.479584;0.026624;0.44464
1706;0.431552;0.024576;0.406944
1707;0.451712;0.024576;0.424192
1708;0.36848;0.021504;0.362304
1709;0.377344;0.021504;0.352224
1710;0.431456;0.023552;0.40656
1711;0.472704;0.026624;0.445024
1712;0.07072;0.008288;0.069472
1713;0.43072;0.023296;0.40448
1714;0.439296;0.024576;0.41344
1715;0.473024;0.027648;0.445504
1716;0.472448;0.026624;0.445024
1717;0.472512;0.026624;0.446048
1718;0.451712;0.024576;0.425728
1719;0.376256;0.02048;0.351264
1720;0.473472;0.026624;0.443616
1721;0.428672;0.024576;0.406496
1722;0.431584;0.024576;0.413216
1723;0.452352;0.0256;0.42704
1724;0.469952;0.026624;0.443584
1725;0.07072;0.009216;0.069472
1726;1.04256;0.06144;0.980352
1727;0.432224;0.024576;0.417024
1728;0.431872;0.023552;0.405568
1729;0.432416;0.022528;0.414208
1730;0.431424;0.024576;0.406112
1731;1.03306;0.06144;0.980864
1732;0.460864;0.0256;0.434304
1733;0.377056;0.021504;0.361408
1734;0.451712;0.024576;0.440576
1735;0.451648;0.0256;0.439616
1736;0.451744;0.0256;0.426016
1737;0.472704;0.026624;0.444576
1738;0.473024;0.026624;0.44496
1739;0.431552;0.024576;0.41488
1740;0.892832;0.050176;0.827808
1741;0.070784;0.008192;0.069504
1742;0.430496;0.023296;0.403744
1743;0.428256;0.02272;0.402112
1744;0.43152;0.024576;0.403904
1745;0.37344;0.021504;0.361152
1746;0.070816;0.008192;0.0696
1747;1.03325;0.06144;0.979392
1748;0.892192;0.050176;0.82688
1749;0.472928;0.026624;0.446176
1750;0.900672;0.050176;0.828352
1751;0.431744;0.022528;0.402368
1752;0.882912;0.050176;0.833568
1753;0.472736;0.026624;0.444288
1754;0.478976;0.026624;0.452832
1755;0.451744;0.0256;0.446784
1756;0.431712;0.023552;0.407776
1757;0.460768;0.024576;0.433856
1758;0.473024;0.026624;0.447424
1759;0.460768;0.0256;0.438592
1760;0.431136;0.023552;0.411936
1761;0.376096;0.02048;0.351328
1762;0.376384;0.02048;0.351936
1763;0.871776;0.050176;0.83344
1764;0.43968;0.024576;0.422784
1765;0.439936;0.024576;0.414656
1766;0.37632;0.02048;0.359456
1767;0.899264;0.050176;0.833184
1768;0.377024;0.021504;0.360832
1769;0.43104;0.024576;0.415232
1770;0.430496;0.023552;0.413984
1771;0.460896;0.0256;0.438624
1772;0.452288;0.024576;0.426176
1773;0.873504;0.050176;0.828192
1774;0.472416;0.026816;0.455264
1775;0.473152;0.026624;0.445312
1776;1.05226;0.062464;0.979456
1777;0.431744;0.023552;0.405056
1778;0.875648;0.049216;0.82496
1779;0.377312;0.021504;0.35184
1780;1.04275;0.06144;0.996192
1781;0.43248;0.022528;0.40768
1782;0.473056;0.026656;0.446368
1783;1.04282;0.06144;0.982304
1784;0.431104;0.022528;0.401984
1785;0.431616;0.02368;0.405568
1786;0.07072;0.008192;0.069568
1787;0.430816;0.023552;0.412608
1788;0.88144;0.050176;0.838048
1789;0.440192;0.024576;0.413664
1790;0.431584;0.024576;0.413472
1791;0.47312;0.026624;0.446752
1792;0.474272;0.026624;0.447616
1793;1.03386;0.06144;0.981664
1794;0.440192;0.024576;0.42384
1795;0.472992;0.026624;0.446336
1796;0.43136;0.023552;0.405024
1797;0.431616;0.024576;0.403424
1798;0.473888;0.026624;0.44528
1799;0.8752;0.050176;0.837952
1800;0.432192;0.023552;0.416096
1801;0.452032;0.0256;0.433344
1802;0.37648;0.02048;0.36192
1803;0.431904;0.023552;0.414848
1804;0.431264;0.023552;0.415616
1805;0.071104;0.008288;0.069472
1806;0.473696;0.026624;0.446912
1807;0.87248;0.050176;0.836032
1808;0.461216;0.024576;0.448128
1809;0.070848;0.008192;0.069504
1810;0.070816;0.008192;0.069024
1811;0.451904;0.025376;0.425056
1812;0.070752;0.008288;0.069504
1813;0.368704;0.02048;0.35248
1814;0.44032;0.024576;0.413568
1815;0.473696;0.026624;0.445792
1816;0.428832;0.024576;0.414592
1817;0.432352;0.023552;0.413248
1818;0.451968;0.024576;0.439392
1819;0.873376;0.049152;0.835904
1820;1.03456;0.06144;0.980672
1821;0.377184;0.021504;1.02986
1822;0.070816;0.008192;0.069472
1823;0.473152;0.026624;0.616992
1824;0.451936;0.02576;0.424384
1825;1.0335;0.06144;3.58941
1826;0.377664;0.021504;0.945888
1827;0.432608;0.023552;0.4392
1828;0.874624;0.050176;3.07731
1829;0.473024;0.026624;0.445152
1830;0.443392;0.0256;0.426464
1831;0.877408;0.050176;0.828416
1832;0.432736;0.023552;0.406016
1833;0.070784;0.008192;0.069504
1834;0.47296;0.026624;0.446272
1835;0.45216;0.024576;0.425984
1836;0.452352;0.0256;0.424608
1837;0.452064;0.024576;0.43424
1838;0.070784;0.008192;0.069472
1839;0.913824;0.050176;0.838432
1840;0.890112;0.050176;0.83744
1841;0.886432;0.050176;0.848096
1842;0.431296;0.023552;0.41216
1843;0.451968;0.024576;0.432032
1844;0.473888;0.026624;0.454592
1845;0.473056;0.026624;0.446944
1846;0.451712;0.024576;0.43536
1847;0.356448;0.023552;0.416032
1848;0.4296;0.024576;0.415456
1849;0.376704;0.020576;0.359808
1850;0.473792;0.026624;0.446368
1851;0.385952;0.02048;0.36064
1852;0.905344;0.050176;0.834688
1853;0.912576;0.049152;0.848736
1854;0.473216;0.026624;0.455776
1855;0.48304;0.026624;0.460896
1856;0.377152;0.02048;0.358848
1857;0.430592;0.022528;0.414144
1858;0.43264;0.023552;0.406336
1859;0.44112;0.024576;0.40592
1860;0.44928;0.024576;0.422112
1861;0.473504;0.026624;0.455104
1862;0.070784;0.008192;0.069472
1863;0.440064;0.022528;0.412384
1864;0.440352;0.024608;0.423616
1865;0.473248;0.026624;0.455744
1866;0.473056;0.026624;0.445504
1867;0.43184;0.021504;0.35984
1868;0.328736;0.021504;0.370336
1869;0.96496;0.050176;0.854208
1870;0.884416;0.050176;0.834144
1871;0.425152;0.026624;0.455424
1872;0.070816;0.008192;0.069472
1873;0.452192;0.0256;0.4416
1874;0.3864;0.021504;0.36128
1875;0.478208;0.026624;0.460864
1876;0.300384;0.02048;0.360608
1877;0.379712;0.023552;0.424416
1878;0.4736;0.026784;0.453024
1879;0.473152;0.026624;0.446656
1880;0.431808;0.024576;0.413504
1881;0.39488;0.026624;0.455456
1882;0.384096;0.024576;0.433824
1883;0.070752;0.008192;0.069536
1884;0.473024;0.026752;0.44512
1885;0.369376;0.023552;0.41504
1886;0.482496;0.026624;0.455232
1887;0.385376;0.021504;0.361344
1888;0.438432;0.022528;0.413376
1889;0.404608;0.02048;0.35984
1890;0.449696;0.024576;0.421248
1891;0.368928;0.0256;0.438144
1892;0.482496;0.026624;0.447872
1893;0.440224;0.023552;0.413696
1894;0.38544;0.02048;0.371232
1895;0.440416;0.024576;0.415104
1896;0.441824;0.023552;0.416512
1897;1.0711;0.06144;1.65203
1898;0.482272;0.026752;1.22992
1899;0.504896;0.026624;0.460576
1900;0.914112;0.050176;2.94858
1901;0.470432;0.024576;0.4352
1902;0.294048;0.021504;0.362528
1903;0.310752;0.02048;0.362656
1904;0.386464;0.021504;0.37088
1905;1.09779;0.06144;1.71251
1906;0.070752;0.008192;0.069504
1907;0.406656;0.026624;1.52403
1908;0.440512;0.024576;0.424
1909;0.876416;0.050176;3.14211
1910;0.387392;0.024576;0.422112
1911;1.05728;0.06144;1.74077
1912;0.444576;0.023552;1.35542
1913;0.070816;0.008192;0.06944
1914;0.436768;0.02432;0.414208
1915;0.386368;0.0256;0.42416
1916;0.354944;0.023552;0.414528
1917;0.36496;0.023552;0.413472
1918;0.473472;0.024576;0.414976
1919;0.449344;0.024576;0.422336
1920;0.391424;0.0256;0.469216
1921;0.472992;0.026624;0.44768
1922;0.431744;0.024576;0.414464
1923;0.390496;0.026624;0.44512
1924;0.432544;0.023552;0.417632
1925;0.825952;0.050176;4.0048
1926;0.451904;0.024576;0.434144
1927;0.43184;0.024576;0.414048
1928;0.376992;0.021504;0.359296
1929;0.868256;0.050176;0.835936
1930;0.440576;0.024576;0.422176
1931;0.376512;0.02048;0.359744
1932;0.361056;0.023552;0.413056
1933;0.3864;0.021504;0.361824
1934;0.441696;0.022528;0.414016
1935;0.982016;0.06144;1.9495
1936;0.46144;0.024576;1.44512
1937;1.16362;0.06144;4.58403
1938;0.454944;0.024576;1.34733
1939;0.443424;0.024576;0.414048
1940;0.364544;0.021504;0.362112
1941;0.478144;0.026624;0.453664
1942;1.17418;0.06144;4.59466
1943;0.385504;0.02048;1.03418
1944;1.07005;0.061472;4.05946
1945;0.3864;0.021504;0.98496
1946;0.378112;0.024576;0.541056
1947;0.453088;0.0256;0.433888
1948;0.976384;0.050176;3.02298
1949;0.377472;0.020736;0.360352
1950;0.070816;0.008192;0.069472
1951;0.457056;0.024576;0.433408
1952;0.482496;0.026624;0.447008
1953;0.071104;0.008192;0.069472
1954;0.406112;0.022816;0.413568
1955;0.473056;0.026624;0.455712
1956;0.430912;0.023552;0.414656
1957;0.38576;0.02048;0.352864
1958;0.540576;0.0256;0.431776
1959;0.461376;0.0256;0.435552
1960;0.41136;0.023552;0.4152
1961;0.406272;0.026624;0.455616
1962;0.36624;0.024576;0.413152
1963;0.37712;0.021504;0.36032
1964;0.381824;0.022528;0.429088
1965;0.432512;0.023552;0.415392
1966;0.43232;0.023552;0.414816
1967;1.07606;0.06144;1.75456
1968;0.360384;0.023552;1.48346
1969;0.431008;0.023552;0.427296
1970;0.440288;0.023552;0.413536
1971;0.070752;0.008192;0.069472
1972;0.47312;0.026624;0.45456
1973;0.07072;0.008192;0.069472
1974;0.452;0.024576;0.433344
1975;1.07629;0.06144;4.17872
1976;0.309536;0.020608;0.932832
1977;0.453312;0.026624;0.701408
1978;0.432544;0.023552;0.416128
1979;0.386176;0.02048;0.359488
1980;0.441184;0.024576;0.409824
1981;0.482272;0.026624;0.44736
1982;0.449472;0.023552;0.41552
1983;0.470432;0.0256;0.437536
1984;0.473248;0.026624;0.445568
1985;0.376576;0.02048;0.352288
1986;0.474048;0.026624;0.446432
1987;0.373408;0.023552;0.414688
1988;0.984864;0.06144;3.28867
1989;0.439712;0.022528;1.13517
1990;1.13085;0.06144;3.29731
1991;0.07072;0.008288;0.069504
1992;0.329248;0.021504;0.9088
1993;0.439648;0.024576;0.492672
1994;0.448064;0.026624;0.448576
1995;1.04266;0.06144;3.64934
1996;0.377216;0.021504;0.849152
1997;0.890368;0.050176;2.72794
1998;0.388;0.023552;0.403712
1999;0.368;0.02048;0.350048
2000;0.431872;0.024576;0.407328
2001;1.03424;0.06144;1.0313
2002;0.377376;0.021504;0.849728
2003;0.880832;0.050176;2.6823
2004;0.51808;0.0256;0.451488
2005;0.432544;0.023552;0.413952
2006;0.070784;0.008288;0.069472
2007;0.443008;0.0256;0.426336
2008;0.473088;0.026624;0.4464
2009;0.426624;0.026624;0.457792
2010;0.872928;0.050176;0.8416
2011;0.439936;0.024576;0.412576
2012;0.394912;0.024576;0.4152
2013;0.376416;0.02048;0.351648
2014;0.451968;0.024576;0.42512
2015;1.0431;0.06144;1.03037
2016;0.29568;0.021504;0.945824
2017;0.452128;0.024576;0.5464
2018;0.897184;0.050176;2.59117
2019;0.474336;0.026624;0.445504
2020;0.473504;0.026624;0.447648
2021;0.452672;0.024576;0.423936
2022;0.367616;0.021504;0.35136
2023;0.473216;0.026656;0.44832
2024;0.070848;0.008192;0.069472
2025;0.294976;0.02048;0.35008
2026;0.431424;0.024576;0.405504
2027;0.473056;0.026624;0.438144
2028;0.888992;0.050176;0.830432
2029;0.376544;0.020704;0.35968
2030;1.03424;0.06144;1.0297
2031;1.0537;0.061472;3.16854
2032;0.384544;0.0256;1.40006
2033;0.070816;0.008192;0.069536
2034;0.484768;0.0256;0.443712
2035;0.440032;0.024576;0.414944
2036;0.443392;0.0256;0.413248
2037;0.4536;0.024576;0.42736
2038;0.87168;0.050176;2.65917
2039;0.473184;0.026848;0.445344
2040;0.433088;0.023552;0.407328
2041;0.45776;0.026624;0.446496
2042;0.898464;0.050176;0.829792
2043;0.377344;0.021504;0.362112
2044;0.37728;0.021504;0.352416
2045;0.473024;0.026624;0.44592
2046;0.377184;0.021504;0.3528
2047;0.458688;0.026656;0.4464
2048;0.43728;0.024576;0.421792
2049;0.497888;0.02048;0.371872
2050;0.440736;0.023552;0.4152
2051;0.386656;0.021504;0.361664
2052;0.377344;0.021504;0.362656
2053;0.89104;0.050176;0.826976
2054;0.070848;0.008288;0.069472
2055;0.452416;0.0256;0.434496
2056;0.533696;0.026624;0.4448
2057;0.452064;0.0256;0.4264
2058;0.935936;0.050176;0.82928
2059;0.993632;0.06144;1.01277
2060;0.440128;0.024576;1.1479
2061;0.90272;0.050176;2.86701
2062;0.432992;0.023552;0.41552
2063;1.06522;0.06144;1.04851
2064;0.431488;0.023552;1.15779
2065;0.452096;0.024576;0.426144
2066;0.882112;0.050176;2.87808
2067;0.451968;0.026624;0.42528
2068;0.449056;0.0256;0.426304
2069;0.375232;0.021504;0.3584
2070;0.874752;0.050176;0.827648
2071;0.47376;0.026624;0.44544
2072;0.440512;0.024576;0.413408
2073;0.931456;0.050176;0.828288
2074;0.44;0.024576;0.413536
2075;0.437376;0.024576;0.412832
2076;0.07088;0.008448;0.069504
2077;0.374176;0.02048;0.351872
2078;0.443264;0.0256;0.414208
2079;0.803264;0.050176;0.834272
2080;0.473152;0.026624;0.44752
2081;0.472736;0.026624;0.447712
2082;0.484768;0.0256;0.435648
2083;0.473248;0.026656;0.447424
2084;1.03366;0.06144;1.02128
2085;0.473024;0.026624;1.16973
2086;0.385664;0.021504;0.351136
2087;0.452096;0.0256;0.45088
2088;0.431552;0.024576;0.4048
2089;0.432512;0.023552;0.407136
2090;0.070784;0.008192;0.069472
2091;0.387104;0.022528;0.4056
2092;0.385696;0.02048;0.359456
2093;0.451936;0.0256;0.424416
2094;0.405024;0.021504;0.3616
2095;0.42944;0.022688;0.407776
2096;0.37648;0.02048;0.351936
2097;0.452224;0.0256;0.426304
2098;0.37744;0.02048;0.352096
2099;0.452192;0.024576;0.433376
2100;0.451936;0.024576;0.425504
2101;0.070784;0.008192;0.069536
2102;0.431616;0.024352;0.405824
2103;0.432704;0.023552;0.415104
2104;1.03427;0.06144;4.07869
2105;0.48512;0.024576;1.28163
2106;0.452128;0.024576;0.438688
2107;0.463648;0.023552;0.4136
2108;0.871968;0.050176;2.6351
2109;0.432608;0.022528;0.430176
2110;0.897152;0.050176;0.911552
2111;0.988192;0.050176;0.920832
2112;0.453312;0.024576;0.428768
2113;0.963168;0.050176;0.915232
2114;0.447296;0.024576;0.438752
2115;0.386336;0.020576;0.358304
2116;0.480192;0.026624;0.459616
2117;0.482464;0.026624;0.479616
2118;0.396704;0.021504;0.380224
2119;0.441568;0.023552;0.420896
2120;0.449536;0.023552;0.426304
2121;0.397344;0.024576;0.441664
2122;0.96784;0.050176;0.894304
2123;0.4824;0.026624;0.496768
2124;0.440736;0.024576;0.419552
2125;0.977088;0.050176;0.92368
2126;0.96224;0.050176;0.942624
2127;1.23386;0.06144;1.0904
2128;0.471488;0.026752;1.28566
2129;0.441248;0.024576;0.448032
2130;0.441504;0.023552;0.447648
2131;0.070816;0.009216;0.069504
2132;0.48656;0.026624;0.488544
2133;1.01219;0.050176;3.21757
2134;0.990688;0.050176;0.909696
2135;0.968256;0.049152;0.931712
2136;0.391808;0.023552;0.417248
2137;0.441888;0.023552;0.421056
2138;0.512768;0.024608;0.483904
2139;0.373504;0.023552;0.419392
2140;0.482432;0.026688;0.45984
2141;0.385888;0.02048;0.361312
2142;0.510528;0.0256;0.4672
2143;0.491456;0.026624;0.468992
2144;0.37312;0.023552;0.422336
2145;0.442528;0.023552;0.437216
2146;0.482432;0.026624;0.485632
2147;1.01046;0.050176;0.868192
2148;0.451936;0.024576;0.425216
2149;1.09059;0.06144;1.02122
2150;0.43984;0.022528;1.36467
2151;0.87168;0.050176;2.7081
2152;0.376512;0.02048;0.352512
2153;1.05709;0.06144;1.03878
2154;0.377504;0.02048;0.8152
2155;0.404096;0.0256;0.529696
2156;0.893856;0.0512;3.12317
2157;0.928928;0.050176;0.830208
2158;0.473248;0.026624;0.445152
2159;0.393664;0.023552;0.417696
2160;0.473152;0.026624;0.453472
2161;0.891232;0.050176;0.826528
2162;0.431584;0.023552;0.40432
2163;0.452128;0.025632;0.426272
2164;0.431552;0.024576;0.404288
2165;0.496768;0.026624;0.460608
2166;0.30912;0.02048;0.362432
2167;0.43168;0.023744;0.413152
2168;0.440128;0.024576;0.41488
2169;0.875456;0.050176;0.841312
2170;0.070752;0.008288;0.069472
2171;1.1063;0.06144;1.01046
2172;0.1728;0.00832;0.069536
2173;0.3864;0.021504;1.00346
2174;0.070848;0.008192;0.069472
2175;0.873952;0.050176;3.2527
2176;0.376928;0.021504;0.351296
2177;0.473184;0.026624;0.446496
2178;0.452256;0.026624;0.439616
2179;0.440192;0.024576;0.413568
2180;0.43088;0.023552;0.402528
2181;0.452416;0.0256;0.436576
2182;0.47408;0.026624;0.457216
2183;0.472928;0.026624;0.445376
2184;0.872128;0.050176;0.827008
2185;0.465792;0.023552;0.42048
2186;0.473216;0.026784;0.446464
2187;0.875232;0.050176;0.828448
2188;0.431584;0.024576;0.404512
2189;0.440416;0.024576;0.413568
2190;0.451872;0.024576;0.434368
2191;0.473344;0.026624;0.447392
2192;0.070816;0.00832;0.069472
2193;0.434208;0.026624;0.453568
2194;0.452608;0.0256;0.428864
2195;0.377408;0.021504;0.359584
2196;1.09571;0.06144;1.012
2197;0.452352;0.0256;1.15942
2198;0.44016;0.024576;0.42816
2199;0.44016;0.023552;0.41216
2200;0.376448;0.02048;0.351584
2201;0.431584;0.023552;0.40528
2202;0.473152;0.026624;0.446816
2203;0.431648;0.023552;0.404192
2204;0.43136;0.026624;0.434528
2205;0.346688;0.02048;0.350784
2206;0.377312;0.021504;0.372192
2207;0.3768;0.02048;0.350656
2208;0.451968;0.0256;0.435744
2209;0.445152;0.023552;0.418816
2210;0.452736;0.025632;0.434656
2211;0.473216;0.026624;0.447904
2212;0.8744;0.050176;2.64246
2213;0.45248;0.024576;0.434112
2214;0.4312;0.023552;0.414048
2215;0.070752;0.008192;0.069472
2216;0.473856;0.026624;0.446464
2217;0.37728;0.021504;0.36128
2218;0.365024;0.023712;0.404384
2219;0.461312;0.025728;0.462624
2220;0.442848;0.023552;0.421888
2221;0.39584;0.021504;0.371008
2222;0.483072;0.026624;0.459296
2223;1.15856;0.06144;1.07174
2224;1.16816;0.06144;3.75133
2225;0.386496;0.02048;1.1264
2226;0.4048;0.021504;0.380512
2227;0.440416;0.023552;0.463808
2228;0.385888;0.021504;0.361504
2229;0.429376;0.026624;0.488288
2230;0.441472;0.023552;0.449056
2231;0.461312;0.0256;0.484512
2232;0.403904;0.024576;0.455264
2233;0.070816;0.008192;0.069504
2234;0.971936;0.050176;3.15507
2235;1.21539;0.06144;1.16016
2236;0.44;0.022528;1.33354
2237;0.070752;0.008192;0.06976
2238;0.365952;0.02048;0.380288
2239;1.06653;0.050176;3.08317
2240;1.15606;0.06144;1.14682
2241;1.03318;0.050176;2.66336
2242;0.451904;0.0256;0.434432
2243;0.874496;0.050208;0.836224
2244;1.06422;0.06144;1.00506
2245;0.582208;0.023552;1.19664
2246;0.872224;0.050176;2.55722
2247;0.473504;0.026624;0.44528
2248;0.376192;0.02048;0.351712
2249;0.494304;0.0256;0.4416
2250;0.430752;0.023552;0.403072
2251;0.855904;0.050176;0.83568
2252;0.431456;0.023552;0.413152
2253;0.899296;0.050176;0.826496
2254;0.440288;0.024608;0.412608
2255;0.431872;0.024576;0.406816
2256;0.872384;0.050176;0.836928
2257;0.441088;0.024576;0.421632
2258;0.8776;0.050176;0.843264
2259;1.04298;0.061472;1.03946
2260;0.440736;0.024576;1.17942
2261;0.4152;0.026656;0.454528
2262;0.070848;0.008192;0.069472
2263;0.84816;0.049152;3.06813
2264;0.376576;0.02048;0.351584
2265;0.883232;0.050176;0.828864
2266;0.43728;0.024576;0.41312
2267;0.473152;0.027648;0.457728
2268;0.953952;0.050176;0.830752
2269;0.423776;0.023552;0.407808
2270;0.47328;0.026624;0.446496
2271;0.070848;0.008192;0.069472
2272;0.345536;0.02048;0.353664
2273;0.432064;0.023552;0.40688
2274;0.431584;0.023552;0.405216
2275;0.452096;0.024576;0.425184
2276;0.452128;0.024576;0.424128
2277;0.449984;0.024576;0.415136
2278;0.396704;0.021504;0.367584
2279;0.473056;0.026624;0.455904
2280;0.912864;0.050176;0.838368
2281;0.98656;0.050176;0.835168
2282;0.439936;0.024576;0.420768
2283;0.070816;0.008192;0.069472
2284;0.440576;0.024576;0.414176
2285;0.89616;0.050176;0.84336
2286;0.461152;0.024576;0.447776
2287;0.431328;0.023552;0.41216
2288;0.880128;0.050176;0.836832
2289;0.43552;0.026624;0.454368
2290;0.423136;0.021504;0.359232
2291;0.455744;0.023552;0.41552
2292;0.070784;0.008192;0.069472
2293;0.37728;0.020576;0.362112
2294;0.434176;0.022528;0.425952
2295;0.473792;0.026624;0.454304
2296;0.386528;0.021504;0.360608
2297;0.412288;0.024576;0.43472
2298;0.46112;0.0256;0.43904
2299;0.452128;0.024576;0.43584
2300;0.524352;0.027648;0.468544
2301;0.38448;0.024576;0.43936
2302;0.481952;0.026624;0.45568
2303;0.382784;0.024576;0.421824
2304;0.413408;0.02048;0.360448
2305;0.482304;0.026624;0.4544
2306;0.885696;0.050176;0.831808
2307;0.441856;0.023552;0.414976
2308;0.461376;0.024576;0.4376
2309;0.431936;0.022528;0.413632
2310;1.13728;0.06144;1.02474
2311;0.520064;0.024576;1.41165
2312;0.43712;0.023552;0.413152
2313;0.461152;0.024576;0.467232
2314;0.49264;0.023552;0.426784
2315;1.09453;0.062464;3.60538
2316;0.44112;0.024576;1.31946
2317;0.418048;0.023552;0.414112
2318;0.483328;0.027648;0.45504
2319;0.905536;0.050176;3.44589
2320;0.49184;0.024576;0.424864
2321;0.37552;0.023552;0.416864
2322;0.37728;0.02048;0.359264
2323;0.473152;0.026624;0.453536
2324;0.449088;0.024576;0.423104
2325;1.09533;0.06144;1.04016
2326;0.07072;0.009216;0.069472
2327;0.482528;0.026624;1.47587
2328;0.431008;0.023552;0.415424
2329;0.907712;0.050176;3.29094
2330;0.892992;0.050176;0.833952
2331;0.435648;0.023552;0.41568
2332;0.883712;0.050176;0.836768
2333;0.347808;0.023552;0.406496
2334;0.873472;0.050176;0.829824
2335;0.440192;0.023552;0.413056
2336;1.03619;0.06144;1.02429
2337;0.43856;0.026624;1.3487
2338;0.451904;0.0256;0.441088
2339;0.88624;0.049152;2.94618
2340;0.405536;0.026624;0.456928
2341;0.452064;0.024576;0.43216
2342;0.453088;0.0256;0.43456
2343;0.07088;0.008192;0.069472
2344;0.070848;0.008192;0.069024
2345;0.377216;0.021504;0.362144
