0.216326
22.229
% time     seconds  usecs/call     calls    errors syscall
------ ----------- ----------- --------- --------- ----------------
 98,71    0,003278         819         4           munmap
  1,23    0,000041          41         1           write
  0,03    0,000001           0        25           mmap
  0,03    0,000001           0         6           newfstatat
  0,00    0,000000           0         4           read
  0,00    0,000000           0         5           close
  0,00    0,000000           0         8           mprotect
  0,00    0,000000           0         3           brk
  0,00    0,000000           0         4           pread64
  0,00    0,000000           0         1         1 access
  0,00    0,000000           0         1           execve
  0,00    0,000000           0         2         1 arch_prctl
  0,00    0,000000           0         1           futex
  0,00    0,000000           0         1           set_tid_address
  0,00    0,000000           0         5           openat
  0,00    0,000000           0         1           set_robust_list
  0,00    0,000000           0         1           prlimit64
  0,00    0,000000           0         1           getrandom
  0,00    0,000000           0         1           rseq
------ ----------- ----------- --------- --------- ----------------
100,00    0,003321          44        75         2 total
0.260373
23.8614
% time     seconds  usecs/call     calls    errors syscall
------ ----------- ----------- --------- --------- ----------------
 88,21    0,002012         503         4           munmap
  5,66    0,000129           5        25           mmap
  2,24    0,000051           6         8           mprotect
  1,05    0,000024           4         5           openat
  0,53    0,000012           2         6           newfstatat
  0,39    0,000009           1         5           close
  0,35    0,000008           2         4           read
  0,35    0,000008           2         4           pread64
  0,26    0,000006           2         3           brk
  0,18    0,000004           2         2         1 arch_prctl
  0,18    0,000004           4         1           getrandom
  0,13    0,000003           3         1         1 access
  0,13    0,000003           3         1           futex
  0,13    0,000003           3         1           prlimit64
  0,09    0,000002           2         1           set_tid_address
  0,09    0,000002           2         1           set_robust_list
  0,04    0,000001           1         1           rseq
  0,00    0,000000           0         1           write
  0,00    0,000000           0         1           execve
------ ----------- ----------- --------- --------- ----------------
100,00    0,002281          30        75         2 total
0.229813
23.5703
% time     seconds  usecs/call     calls    errors syscall
------ ----------- ----------- --------- --------- ----------------
 88,62    0,002789         697         4           munmap
  4,51    0,000142         142         1           execve
  3,21    0,000101           4        25           mmap
  0,92    0,000029          29         1           write
  0,64    0,000020           4         5           openat
  0,54    0,000017           2         8           mprotect
  0,41    0,000013           2         6           newfstatat
  0,29    0,000009           2         4           read
  0,22    0,000007           1         5           close
  0,16    0,000005           1         3           brk
  0,13    0,000004           1         4           pread64
  0,10    0,000003           1         2         1 arch_prctl
  0,06    0,000002           2         1         1 access
  0,06    0,000002           2         1           set_tid_address
  0,03    0,000001           1         1           futex
  0,03    0,000001           1         1           set_robust_list
  0,03    0,000001           1         1           getrandom
  0,03    0,000001           1         1           rseq
  0,00    0,000000           0         1           prlimit64
------ ----------- ----------- --------- --------- ----------------
100,00    0,003147          41        75         2 total
0.227432
25.1137
% time     seconds  usecs/call     calls    errors syscall
------ ----------- ----------- --------- --------- ----------------
 98,37    0,001870         467         4           munmap
  1,53    0,000029          29         1           write
  0,05    0,000001           0        25           mmap
  0,05    0,000001           0         6           newfstatat
  0,00    0,000000           0         4           read
  0,00    0,000000           0         5           close
  0,00    0,000000           0         8           mprotect
  0,00    0,000000           0         3           brk
  0,00    0,000000           0         4           pread64
  0,00    0,000000           0         1         1 access
  0,00    0,000000           0         1           execve
  0,00    0,000000           0         2         1 arch_prctl
  0,00    0,000000           0         1           futex
  0,00    0,000000           0         1           set_tid_address
  0,00    0,000000           0         5           openat
  0,00    0,000000           0         1           set_robust_list
  0,00    0,000000           0         1           prlimit64
  0,00    0,000000           0         1           getrandom
  0,00    0,000000           0         1           rseq
------ ----------- ----------- --------- --------- ----------------
100,00    0,001901          25        75         2 total
0.323614
22.9279
% time     seconds  usecs/call     calls    errors syscall
------ ----------- ----------- --------- --------- ----------------
 80,02    0,002804         701         4           munmap
  6,16    0,000216         216         1           execve
  5,96    0,000209           8        25           mmap
  2,25    0,000079           9         8           mprotect
  1,06    0,000037           7         5           openat
  0,83    0,000029          29         1           write
  0,80    0,000028           5         5           close
  0,68    0,000024           6         4           pread64
  0,66    0,000023           3         6           newfstatat
  0,46    0,000016           4         4           read
  0,31    0,000011           3         3           brk
  0,17    0,000006           3         2         1 arch_prctl
  0,14    0,000005           5         1         1 access
  0,11    0,000004           4         1           rseq
  0,09    0,000003           3         1           set_tid_address
  0,09    0,000003           3         1           set_robust_list
  0,09    0,000003           3         1           getrandom
  0,06    0,000002           2         1           futex
  0,06    0,000002           2         1           prlimit64
------ ----------- ----------- --------- --------- ----------------
100,00    0,003504          46        75         2 total
0.215164
23.5599
% time     seconds  usecs/call     calls    errors syscall
------ ----------- ----------- --------- --------- ----------------
 88,98    0,003142         785         4           munmap
  3,85    0,000136         136         1           execve
  2,97    0,000105           4        25           mmap
  1,10    0,000039           4         8           mprotect
  0,88    0,000031          31         1           write
  0,51    0,000018           3         5           openat
  0,34    0,000012           2         6           newfstatat
  0,25    0,000009           2         4           read
  0,20    0,000007           1         5           close
  0,20    0,000007           2         3           brk
  0,20    0,000007           1         4           pread64
  0,08    0,000003           3         1         1 access
  0,08    0,000003           1         2         1 arch_prctl
  0,06    0,000002           2         1           futex
  0,06    0,000002           2         1           set_tid_address
  0,06    0,000002           2         1           set_robust_list
  0,06    0,000002           2         1           prlimit64
  0,06    0,000002           2         1           getrandom
  0,06    0,000002           2         1           rseq
------ ----------- ----------- --------- --------- ----------------
100,00    0,003531          47        75         2 total
0.232804
21.2815
% time     seconds  usecs/call     calls    errors syscall
------ ----------- ----------- --------- --------- ----------------
 98,82    0,002603         650         4           munmap
  1,10    0,000029          29         1           write
  0,04    0,000001           0        25           mmap
  0,04    0,000001           0         6           newfstatat
  0,00    0,000000           0         4           read
  0,00    0,000000           0         5           close
  0,00    0,000000           0         8           mprotect
  0,00    0,000000           0         3           brk
  0,00    0,000000           0         4           pread64
  0,00    0,000000           0         1         1 access
  0,00    0,000000           0         1           execve
  0,00    0,000000           0         2         1 arch_prctl
  0,00    0,000000           0         1           futex
  0,00    0,000000           0         1           set_tid_address
  0,00    0,000000           0         5           openat
  0,00    0,000000           0         1           set_robust_list
  0,00    0,000000           0         1           prlimit64
  0,00    0,000000           0         1           getrandom
  0,00    0,000000           0         1           rseq
------ ----------- ----------- --------- --------- ----------------
100,00    0,002634          35        75         2 total
0.216799
21.0816
% time     seconds  usecs/call     calls    errors syscall
------ ----------- ----------- --------- --------- ----------------
 97,78    0,002600         650         4           munmap
  1,05    0,000028          28         1           write
  0,56    0,000015           1         8           mprotect
  0,26    0,000007           0        25           mmap
  0,15    0,000004           1         3           brk
  0,08    0,000002           2         1           futex
  0,08    0,000002           2         1           getrandom
  0,04    0,000001           1         1           prlimit64
  0,00    0,000000           0         4           read
  0,00    0,000000           0         5           close
  0,00    0,000000           0         4           pread64
  0,00    0,000000           0         1         1 access
  0,00    0,000000           0         1           execve
  0,00    0,000000           0         2         1 arch_prctl
  0,00    0,000000           0         1           set_tid_address
  0,00    0,000000           0         5           openat
  0,00    0,000000           0         6           newfstatat
  0,00    0,000000           0         1           set_robust_list
  0,00    0,000000           0         1           rseq
------ ----------- ----------- --------- --------- ----------------
100,00    0,002659          35        75         2 total
0.209207
20.2036
% time     seconds  usecs/call     calls    errors syscall
------ ----------- ----------- --------- --------- ----------------
 37,01    0,000047           1        25           mmap
 30,71    0,000039           4         8           mprotect
  9,45    0,000012           3         4           munmap
  3,94    0,000005           1         3           brk
  3,15    0,000004           0         5           close
  3,15    0,000004           0         5           openat
  2,36    0,000003           0         4           read
  2,36    0,000003           0         6           newfstatat
  1,57    0,000002           2         1           set_robust_list
  1,57    0,000002           2         1           getrandom
  1,57    0,000002           2         1           rseq
  0,79    0,000001           0         2         1 arch_prctl
  0,79    0,000001           1         1           futex
  0,79    0,000001           1         1           set_tid_address
  0,79    0,000001           1         1           prlimit64
  0,00    0,000000           0         1           write
  0,00    0,000000           0         4           pread64
  0,00    0,000000           0         1         1 access
  0,00    0,000000           0         1           execve
------ ----------- ----------- --------- --------- ----------------
100,00    0,000127           1        75         2 total
0.204822
19.8931
% time     seconds  usecs/call     calls    errors syscall
------ ----------- ----------- --------- --------- ----------------
 98,95    0,002932         733         4           munmap
  1,01    0,000030          30         1           write
  0,03    0,000001           0        25           mmap
  0,00    0,000000           0         4           read
  0,00    0,000000           0         5           close
  0,00    0,000000           0         8           mprotect
  0,00    0,000000           0         3           brk
  0,00    0,000000           0         4           pread64
  0,00    0,000000           0         1         1 access
  0,00    0,000000           0         1           execve
  0,00    0,000000           0         2         1 arch_prctl
  0,00    0,000000           0         1           futex
  0,00    0,000000           0         1           set_tid_address
  0,00    0,000000           0         5           openat
  0,00    0,000000           0         6           newfstatat
  0,00    0,000000           0         1           set_robust_list
  0,00    0,000000           0         1           prlimit64
  0,00    0,000000           0         1           getrandom
  0,00    0,000000           0         1           rseq
------ ----------- ----------- --------- --------- ----------------
100,00    0,002963          39        75         2 total
0.213193
20.2358
% time     seconds  usecs/call     calls    errors syscall
------ ----------- ----------- --------- --------- ----------------
 99,14    0,003458         864         4           munmap
  0,86    0,000030          30         1           write
  0,00    0,000000           0         4           read
  0,00    0,000000           0         5           close
  0,00    0,000000           0        25           mmap
  0,00    0,000000           0         8           mprotect
  0,00    0,000000           0         3           brk
  0,00    0,000000           0         4           pread64
  0,00    0,000000           0         1         1 access
  0,00    0,000000           0         1           execve
  0,00    0,000000           0         2         1 arch_prctl
  0,00    0,000000           0         1           futex
  0,00    0,000000           0         1           set_tid_address
  0,00    0,000000           0         5           openat
  0,00    0,000000           0         6           newfstatat
  0,00    0,000000           0         1           set_robust_list
  0,00    0,000000           0         1           prlimit64
  0,00    0,000000           0         1           getrandom
  0,00    0,000000           0         1           rseq
------ ----------- ----------- --------- --------- ----------------
100,00    0,003488          46        75         2 total
0.205495
20.0493
% time     seconds  usecs/call     calls    errors syscall
------ ----------- ----------- --------- --------- ----------------
 94,71    0,002919         729         4           munmap
  1,95    0,000060           2        25           mmap
  1,01    0,000031           3         8           mprotect
  0,88    0,000027          27         1           write
  0,26    0,000008           1         5           openat
  0,19    0,000006           1         4           pread64
  0,16    0,000005           1         4           read
  0,16    0,000005           1         3           brk
  0,13    0,000004           0         6           newfstatat
  0,10    0,000003           0         5           close
  0,06    0,000002           1         2         1 arch_prctl
  0,06    0,000002           2         1           futex
  0,06    0,000002           2         1           set_tid_address
  0,06    0,000002           2         1           set_robust_list
  0,06    0,000002           2         1           prlimit64
  0,06    0,000002           2         1           getrandom
  0,06    0,000002           2         1           rseq
  0,00    0,000000           0         1         1 access
  0,00    0,000000           0         1           execve
------ ----------- ----------- --------- --------- ----------------
100,00    0,003082          41        75         2 total
0.20717
19.8997
% time     seconds  usecs/call     calls    errors syscall
------ ----------- ----------- --------- --------- ----------------
 88,94    0,002966         741         4           munmap
  4,44    0,000148         148         1           execve
  3,12    0,000104           4        25           mmap
  0,75    0,000025           3         8           mprotect
  0,66    0,000022          22         1           write
  0,57    0,000019           3         5           openat
  0,36    0,000012           2         6           newfstatat
  0,33    0,000011           2         4           read
  0,21    0,000007           1         5           close
  0,21    0,000007           1         4           pread64
  0,12    0,000004           2         2         1 arch_prctl
  0,09    0,000003           3         1         1 access
  0,06    0,000002           2         1           set_tid_address
  0,06    0,000002           2         1           set_robust_list
  0,06    0,000002           2         1           rseq
  0,03    0,000001           0         3           brk
  0,00    0,000000           0         1           futex
  0,00    0,000000           0         1           prlimit64
  0,00    0,000000           0         1           getrandom
------ ----------- ----------- --------- --------- ----------------
100,00    0,003335          44        75         2 total
0.208502
20.0095
% time     seconds  usecs/call     calls    errors syscall
------ ----------- ----------- --------- --------- ----------------
 99,97    0,003001         750         4           munmap
  0,03    0,000001           0        25           mmap
  0,00    0,000000           0         4           read
  0,00    0,000000           0         1           write
  0,00    0,000000           0         5           close
  0,00    0,000000           0         8           mprotect
  0,00    0,000000           0         3           brk
  0,00    0,000000           0         4           pread64
  0,00    0,000000           0         1         1 access
  0,00    0,000000           0         1           execve
  0,00    0,000000           0         2         1 arch_prctl
  0,00    0,000000           0         1           futex
  0,00    0,000000           0         1           set_tid_address
  0,00    0,000000           0         5           openat
  0,00    0,000000           0         6           newfstatat
  0,00    0,000000           0         1           set_robust_list
  0,00    0,000000           0         1           prlimit64
  0,00    0,000000           0         1           getrandom
  0,00    0,000000           0         1           rseq
------ ----------- ----------- --------- --------- ----------------
100,00    0,003002          40        75         2 total
0.206304
21.0581
% time     seconds  usecs/call     calls    errors syscall
------ ----------- ----------- --------- --------- ----------------
 98,93    0,002948         737         4           munmap
  1,04    0,000031          31         1           write
  0,03    0,000001           0        25           mmap
  0,00    0,000000           0         4           read
  0,00    0,000000           0         5           close
  0,00    0,000000           0         8           mprotect
  0,00    0,000000           0         3           brk
  0,00    0,000000           0         4           pread64
  0,00    0,000000           0         1         1 access
  0,00    0,000000           0         1           execve
  0,00    0,000000           0         2         1 arch_prctl
  0,00    0,000000           0         1           futex
  0,00    0,000000           0         1           set_tid_address
  0,00    0,000000           0         5           openat
  0,00    0,000000           0         6           newfstatat
  0,00    0,000000           0         1           set_robust_list
  0,00    0,000000           0         1           prlimit64
  0,00    0,000000           0         1           getrandom
  0,00    0,000000           0         1           rseq
------ ----------- ----------- --------- --------- ----------------
100,00    0,002980          39        75         2 total


Promedio de Resultados (Media y Desviaci칩n Est치ndar):
Tiempo de inicializaci칩n de matriz: 0.22513 (std: 0.02991)
Tiempo de multiplicaci칩n de matriz: 21.66496 (std: 1.68311)
%-time (avg)    seconds (avg)   usecs/call (avg)     calls (avg)     errors (avg)    syscall
%-time (std)    seconds (std)   usecs/call (std)     calls (std)     errors (std)   
--------------  -------------   ----------------   --------------   --------------   ----------------
          88.64         0.00262               655.27            4.00            0.00 munmap
(        21.93) (      0.00081) (            201.60) (         0.00) (         0.00)
           0.80         0.00002                23.73            1.00            0.00 write
(         0.44) (      0.00001) (             12.42) (         0.00) (         0.00)
           4.02         0.00005                 1.87           25.00            0.00 mmap
(         9.05) (      0.00006) (              2.45) (         0.00) (         0.00)
           0.33         0.00001                 0.73            6.00            0.00 newfstatat
(         0.58) (      0.00001) (              1.06) (         0.00) (         0.00)
           0.28         0.00000                 0.87            4.00            0.00 read
(         0.58) (      0.00001) (              1.20) (         0.00) (         0.00)
           0.34         0.00000                 0.60            5.00            0.00 close
(         0.78) (      0.00001) (              1.25) (         0.00) (         0.00)
           2.61         0.00002                 2.13            8.00            0.00 mprotect
(         7.55) (      0.00002) (              2.63) (         0.00) (         0.00)
           0.35         0.00000                 0.73            3.00            0.00 brk
(         0.97) (      0.00000) (              0.93) (         0.00) (         0.00)
           0.12         0.00000                 0.80            4.00            0.00 pread64
(         0.19) (      0.00001) (              1.51) (         0.00) (         0.00)
           0.03         0.00000                 1.07            1.00            1.00 access
(         0.05) (      0.00000) (              1.61) (         0.00) (         0.00)
           1.26         0.00004                42.80            1.00            0.00 execve
(         2.14) (      0.00007) (             72.91) (         0.00) (         0.00)
           0.10         0.00000                 0.67            2.00            1.00 arch_prctl
(         0.19) (      0.00000) (              0.94) (         0.00) (         0.00)
           0.08         0.00000                 0.87            1.00            0.00 futex
(         0.19) (      0.00000) (              1.02) (         0.00) (         0.00)
           0.08         0.00000                 0.93            1.00            0.00 set_tid_address
(         0.19) (      0.00000) (              1.06) (         0.00) (         0.00)
           0.48         0.00001                 1.47            5.00            0.00 openat
(         0.80) (      0.00001) (              2.12) (         0.00) (         0.00)
           0.13         0.00000                 0.93            1.00            0.00 set_robust_list
(         0.39) (      0.00000) (              1.06) (         0.00) (         0.00)
           0.08         0.00000                 0.73            1.00            0.00 prlimit64
(         0.19) (      0.00000) (              1.00) (         0.00) (         0.00)
           0.14         0.00000                 1.07            1.00            0.00 getrandom
(         0.39) (      0.00000) (              1.29) (         0.00) (         0.00)
           0.13         0.00000                 0.93            1.00            0.00 rseq
(         0.39) (      0.00000) (              1.18) (         0.00) (         0.00)
--------------  -------------   ----------------   --------------   --------------   ----------------
         100.00         0.00280                   75               2 total          
