0.114627
0.551665
% time     seconds  usecs/call     calls    errors syscall
------ ----------- ----------- --------- --------- ----------------
 97,89    0,003296         549         6           munmap
  1,46    0,000049          49         1           write
  0,59    0,000020           0        27           mmap
  0,06    0,000002           0         6           newfstatat
  0,00    0,000000           0         4           read
  0,00    0,000000           0         5           close
  0,00    0,000000           0         8           mprotect
  0,00    0,000000           0         3           brk
  0,00    0,000000           0         4           pread64
  0,00    0,000000           0         1         1 access
  0,00    0,000000           0         1           execve
  0,00    0,000000           0         2         1 arch_prctl
  0,00    0,000000           0         1           futex
  0,00    0,000000           0         1           set_tid_address
  0,00    0,000000           0         5           openat
  0,00    0,000000           0         1           set_robust_list
  0,00    0,000000           0         1           prlimit64
  0,00    0,000000           0         1           getrandom
  0,00    0,000000           0         1           rseq
------ ----------- ----------- --------- --------- ----------------
100,00    0,003367          42        79         2 total
0.0863891
0.583427
% time     seconds  usecs/call     calls    errors syscall
------ ----------- ----------- --------- --------- ----------------
 74,56    0,002397         399         6           munmap
 17,79    0,000572         572         1           execve
  3,42    0,000110           4        27           mmap
  1,12    0,000036           4         8           mprotect
  0,81    0,000026          26         1           write
  0,53    0,000017           3         5           openat
  0,40    0,000013           2         6           newfstatat
  0,28    0,000009           2         4           read
  0,25    0,000008           2         3           brk
  0,16    0,000005           1         5           close
  0,16    0,000005           1         4           pread64
  0,12    0,000004           2         2         1 arch_prctl
  0,09    0,000003           3         1         1 access
  0,06    0,000002           2         1           set_tid_address
  0,06    0,000002           2         1           set_robust_list
  0,06    0,000002           2         1           getrandom
  0,06    0,000002           2         1           rseq
  0,03    0,000001           1         1           futex
  0,03    0,000001           1         1           prlimit64
------ ----------- ----------- --------- --------- ----------------
100,00    0,003215          40        79         2 total
0.0966718
0.528681
% time     seconds  usecs/call     calls    errors syscall
------ ----------- ----------- --------- --------- ----------------
 99,67    0,002990         498         6           munmap
  0,27    0,000008           0        27           mmap
  0,03    0,000001           1         1           write
  0,03    0,000001           0         6           newfstatat
  0,00    0,000000           0         4           read
  0,00    0,000000           0         5           close
  0,00    0,000000           0         8           mprotect
  0,00    0,000000           0         3           brk
  0,00    0,000000           0         4           pread64
  0,00    0,000000           0         1         1 access
  0,00    0,000000           0         1           execve
  0,00    0,000000           0         2         1 arch_prctl
  0,00    0,000000           0         1           futex
  0,00    0,000000           0         1           set_tid_address
  0,00    0,000000           0         5           openat
  0,00    0,000000           0         1           set_robust_list
  0,00    0,000000           0         1           prlimit64
  0,00    0,000000           0         1           getrandom
  0,00    0,000000           0         1           rseq
------ ----------- ----------- --------- --------- ----------------
100,00    0,003000          37        79         2 total
0.0830581
0.659356
% time     seconds  usecs/call     calls    errors syscall
------ ----------- ----------- --------- --------- ----------------
 99,50    0,006968        1161         6           munmap
  0,16    0,000011           1         8           mprotect
  0,11    0,000008           0        27           mmap
  0,10    0,000007           2         3           brk
  0,03    0,000002           2         1           write
  0,03    0,000002           2         1           futex
  0,03    0,000002           2         1           prlimit64
  0,03    0,000002           2         1           getrandom
  0,01    0,000001           0         6           newfstatat
  0,00    0,000000           0         4           read
  0,00    0,000000           0         5           close
  0,00    0,000000           0         4           pread64
  0,00    0,000000           0         1         1 access
  0,00    0,000000           0         1           execve
  0,00    0,000000           0         2         1 arch_prctl
  0,00    0,000000           0         1           set_tid_address
  0,00    0,000000           0         5           openat
  0,00    0,000000           0         1           set_robust_list
  0,00    0,000000           0         1           rseq
------ ----------- ----------- --------- --------- ----------------
100,00    0,007003          88        79         2 total
0.0768299
0.49326
% time     seconds  usecs/call     calls    errors syscall
------ ----------- ----------- --------- --------- ----------------
 98,50    0,003091         515         6           munmap
  0,96    0,000030          30         1           write
  0,51    0,000016           0        27           mmap
  0,03    0,000001           0         6           newfstatat
  0,00    0,000000           0         4           read
  0,00    0,000000           0         5           close
  0,00    0,000000           0         8           mprotect
  0,00    0,000000           0         3           brk
  0,00    0,000000           0         4           pread64
  0,00    0,000000           0         1         1 access
  0,00    0,000000           0         1           execve
  0,00    0,000000           0         2         1 arch_prctl
  0,00    0,000000           0         1           futex
  0,00    0,000000           0         1           set_tid_address
  0,00    0,000000           0         5           openat
  0,00    0,000000           0         1           set_robust_list
  0,00    0,000000           0         1           prlimit64
  0,00    0,000000           0         1           getrandom
  0,00    0,000000           0         1           rseq
------ ----------- ----------- --------- --------- ----------------
100,00    0,003138          39        79         2 total
0.0869579
0.533563
% time     seconds  usecs/call     calls    errors syscall
------ ----------- ----------- --------- --------- ----------------
 90,15    0,002324         387         6           munmap
  4,50    0,000116           4        27           mmap
  1,32    0,000034           4         8           mprotect
  1,12    0,000029          29         1           write
  0,81    0,000021           4         5           openat
  0,54    0,000014           2         6           newfstatat
  0,31    0,000008           2         4           read
  0,27    0,000007           1         5           close
  0,27    0,000007           1         4           pread64
  0,19    0,000005           1         3           brk
  0,12    0,000003           3         1         1 access
  0,12    0,000003           1         2         1 arch_prctl
  0,08    0,000002           2         1           rseq
  0,04    0,000001           1         1           futex
  0,04    0,000001           1         1           set_tid_address
  0,04    0,000001           1         1           set_robust_list
  0,04    0,000001           1         1           prlimit64
  0,04    0,000001           1         1           getrandom
  0,00    0,000000           0         1           execve
------ ----------- ----------- --------- --------- ----------------
100,00    0,002578          32        79         2 total
0.0741541
0.484602
% time     seconds  usecs/call     calls    errors syscall
------ ----------- ----------- --------- --------- ----------------
 91,54    0,002736         456         6           munmap
  3,85    0,000115           4        27           mmap
  1,07    0,000032           4         8           mprotect
  0,94    0,000028          28         1           write
  0,70    0,000021           4         5           openat
  0,40    0,000012           2         6           newfstatat
  0,30    0,000009           3         3           brk
  0,27    0,000008           2         4           read
  0,27    0,000008           1         5           close
  0,23    0,000007           1         4           pread64
  0,13    0,000004           4         1         1 access
  0,10    0,000003           1         2         1 arch_prctl
  0,03    0,000001           1         1           futex
  0,03    0,000001           1         1           set_tid_address
  0,03    0,000001           1         1           set_robust_list
  0,03    0,000001           1         1           prlimit64
  0,03    0,000001           1         1           getrandom
  0,03    0,000001           1         1           rseq
  0,00    0,000000           0         1           execve
------ ----------- ----------- --------- --------- ----------------
100,00    0,002989          37        79         2 total
0.074604
0.485697
% time     seconds  usecs/call     calls    errors syscall
------ ----------- ----------- --------- --------- ----------------
 98,87    0,002625         437         6           munmap
  1,05    0,000028          28         1           write
  0,08    0,000002           0        27           mmap
  0,00    0,000000           0         4           read
  0,00    0,000000           0         5           close
  0,00    0,000000           0         8           mprotect
  0,00    0,000000           0         3           brk
  0,00    0,000000           0         4           pread64
  0,00    0,000000           0         1         1 access
  0,00    0,000000           0         1           execve
  0,00    0,000000           0         2         1 arch_prctl
  0,00    0,000000           0         1           futex
  0,00    0,000000           0         1           set_tid_address
  0,00    0,000000           0         5           openat
  0,00    0,000000           0         6           newfstatat
  0,00    0,000000           0         1           set_robust_list
  0,00    0,000000           0         1           prlimit64
  0,00    0,000000           0         1           getrandom
  0,00    0,000000           0         1           rseq
------ ----------- ----------- --------- --------- ----------------
100,00    0,002655          33        79         2 total
0.0725241
0.484515
% time     seconds  usecs/call     calls    errors syscall
------ ----------- ----------- --------- --------- ----------------
 92,89    0,002862         477         6           munmap
  3,08    0,000095           3        27           mmap
  1,17    0,000036           4         8           mprotect
  0,88    0,000027          27         1           write
  0,45    0,000014           2         5           openat
  0,32    0,000010           1         6           newfstatat
  0,26    0,000008           2         4           read
  0,26    0,000008           1         5           close
  0,19    0,000006           2         3           brk
  0,16    0,000005           1         4           pread64
  0,06    0,000002           2         1           futex
  0,06    0,000002           2         1           prlimit64
  0,06    0,000002           2         1           getrandom
  0,03    0,000001           0         2         1 arch_prctl
  0,03    0,000001           1         1           set_tid_address
  0,03    0,000001           1         1           set_robust_list
  0,03    0,000001           1         1           rseq
  0,00    0,000000           0         1         1 access
  0,00    0,000000           0         1           execve
------ ----------- ----------- --------- --------- ----------------
100,00    0,003081          39        79         2 total
0.0724549
0.478852
% time     seconds  usecs/call     calls    errors syscall
------ ----------- ----------- --------- --------- ----------------
 93,88    0,003005         500         6           munmap
  2,72    0,000087           3        27           mmap
  0,94    0,000030          30         1           write
  0,94    0,000030           3         8           mprotect
  0,37    0,000012           2         5           openat
  0,28    0,000009           1         6           newfstatat
  0,19    0,000006           1         4           read
  0,19    0,000006           1         5           close
  0,16    0,000005           1         3           brk
  0,12    0,000004           1         4           pread64
  0,03    0,000001           0         2         1 arch_prctl
  0,03    0,000001           1         1           futex
  0,03    0,000001           1         1           set_tid_address
  0,03    0,000001           1         1           set_robust_list
  0,03    0,000001           1         1           prlimit64
  0,03    0,000001           1         1           getrandom
  0,03    0,000001           1         1           rseq
  0,00    0,000000           0         1         1 access
  0,00    0,000000           0         1           execve
------ ----------- ----------- --------- --------- ----------------
100,00    0,003201          40        79         2 total
0.092871
0.477159
% time     seconds  usecs/call     calls    errors syscall
------ ----------- ----------- --------- --------- ----------------
 90,83    0,002575         429         6           munmap
  3,99    0,000113           4        27           mmap
  1,31    0,000037           4         8           mprotect
  1,13    0,000032          32         1           write
  0,74    0,000021           4         5           openat
  0,53    0,000015           2         6           newfstatat
  0,32    0,000009           2         4           read
  0,32    0,000009           1         5           close
  0,21    0,000006           1         4           pread64
  0,21    0,000006           6         1         1 access
  0,11    0,000003           1         3           brk
  0,07    0,000002           2         1           set_tid_address
  0,07    0,000002           2         1           rseq
  0,04    0,000001           0         2         1 arch_prctl
  0,04    0,000001           1         1           futex
  0,04    0,000001           1         1           set_robust_list
  0,04    0,000001           1         1           prlimit64
  0,04    0,000001           1         1           getrandom
  0,00    0,000000           0         1           execve
------ ----------- ----------- --------- --------- ----------------
100,00    0,002835          35        79         2 total
0.0728161
0.479222
% time     seconds  usecs/call     calls    errors syscall
------ ----------- ----------- --------- --------- ----------------
 87,47    0,002528         421         6           munmap
  4,95    0,000143         143         1           execve
  3,46    0,000100           3        27           mmap
  1,04    0,000030          30         1           write
  0,80    0,000023           2         8           mprotect
  0,66    0,000019           3         5           openat
  0,45    0,000013           2         6           newfstatat
  0,31    0,000009           2         4           read
  0,24    0,000007           1         5           close
  0,21    0,000006           1         4           pread64
  0,10    0,000003           3         1         1 access
  0,10    0,000003           1         2         1 arch_prctl
  0,07    0,000002           0         3           brk
  0,03    0,000001           1         1           futex
  0,03    0,000001           1         1           set_tid_address
  0,03    0,000001           1         1           set_robust_list
  0,03    0,000001           1         1           rseq
  0,00    0,000000           0         1           prlimit64
  0,00    0,000000           0         1           getrandom
------ ----------- ----------- --------- --------- ----------------
100,00    0,002890          36        79         2 total
0.0732009
0.480412
% time     seconds  usecs/call     calls    errors syscall
------ ----------- ----------- --------- --------- ----------------
 84,56    0,001999         333         6           munmap
  5,80    0,000137         137         1           execve
  4,36    0,000103           3        27           mmap
  1,65    0,000039          39         1           write
  1,02    0,000024           3         8           mprotect
  0,80    0,000019           3         5           openat
  0,51    0,000012           2         6           newfstatat
  0,34    0,000008           2         4           read
  0,25    0,000006           1         5           close
  0,21    0,000005           1         4           pread64
  0,13    0,000003           3         1         1 access
  0,13    0,000003           1         2         1 arch_prctl
  0,08    0,000002           2         1           set_tid_address
  0,08    0,000002           2         1           set_robust_list
  0,04    0,000001           0         3           brk
  0,04    0,000001           1         1           rseq
  0,00    0,000000           0         1           futex
  0,00    0,000000           0         1           prlimit64
  0,00    0,000000           0         1           getrandom
------ ----------- ----------- --------- --------- ----------------
100,00    0,002364          29        79         2 total
0.0753689
0.477747
% time     seconds  usecs/call     calls    errors syscall
------ ----------- ----------- --------- --------- ----------------
 88,53    0,001752         292         6           munmap
  4,90    0,000097           3        27           mmap
  1,72    0,000034           4         8           mprotect
  1,41    0,000028          28         1           write
  0,81    0,000016           3         5           openat
  0,56    0,000011           1         6           newfstatat
  0,51    0,000010           2         4           pread64
  0,45    0,000009           2         4           read
  0,30    0,000006           1         5           close
  0,20    0,000004           1         3           brk
  0,15    0,000003           3         1           set_tid_address
  0,10    0,000002           1         2         1 arch_prctl
  0,10    0,000002           2         1           set_robust_list
  0,10    0,000002           2         1           rseq
  0,05    0,000001           1         1           futex
  0,05    0,000001           1         1           prlimit64
  0,05    0,000001           1         1           getrandom
  0,00    0,000000           0         1         1 access
  0,00    0,000000           0         1           execve
------ ----------- ----------- --------- --------- ----------------
100,00    0,001979          25        79         2 total
0.0727921
0.496937
% time     seconds  usecs/call     calls    errors syscall
------ ----------- ----------- --------- --------- ----------------
 90,08    0,002070         345         6           munmap
  4,44    0,000102           3        27           mmap
  1,70    0,000039           4         8           mprotect
  1,26    0,000029          29         1           write
  0,65    0,000015           3         5           openat
  0,44    0,000010           1         6           newfstatat
  0,39    0,000009           2         4           read
  0,26    0,000006           1         5           close
  0,17    0,000004           1         3           brk
  0,17    0,000004           1         4           pread64
  0,09    0,000002           2         1           futex
  0,09    0,000002           2         1           prlimit64
  0,09    0,000002           2         1           getrandom
  0,04    0,000001           0         2         1 arch_prctl
  0,04    0,000001           1         1           set_tid_address
  0,04    0,000001           1         1           set_robust_list
  0,04    0,000001           1         1           rseq
  0,00    0,000000           0         1         1 access
  0,00    0,000000           0         1           execve
------ ----------- ----------- --------- --------- ----------------
100,00    0,002298          29        79         2 total


Promedio de Resultados (Media y Desviaci칩n Est치ndar):
Tiempo de inicializaci칩n de matriz: 0.08169 (std: 0.01171)
Tiempo de multiplicaci칩n de matriz: 0.51301 (std: 0.04997)
%-time (avg)    seconds (avg)   usecs/call (avg)     calls (avg)     errors (avg)    syscall
%-time (std)    seconds (std)   usecs/call (std)     calls (std)     errors (std)   
--------------  -------------   ----------------   --------------   --------------   ----------------
          91.93         0.00288               479.93            6.00            0.00 munmap
(         6.55) (      0.00117) (            194.83) (         0.00) (         0.00)
           0.98         0.00003                27.20            1.00            0.00 write
(         0.44) (      0.00001) (             11.53) (         0.00) (         0.00)
           2.69         0.00007                 2.27           27.00            0.00 mmap
(         1.77) (      0.00004) (              1.65) (         0.00) (         0.00)
           0.30         0.00001                 1.07            6.00            0.00 newfstatat
(         0.21) (      0.00001) (              0.85) (         0.00) (         0.00)
           0.21         0.00001                 1.27            4.00            0.00 read
(         0.16) (      0.00000) (              0.93) (         0.00) (         0.00)
           0.17         0.00000                 0.67            5.00            0.00 close
(         0.12) (      0.00000) (              0.47) (         0.00) (         0.00)
           0.82         0.00002                 2.47            8.00            0.00 mprotect
(         0.61) (      0.00002) (              1.71) (         0.00) (         0.00)
           0.12         0.00000                 0.93            3.00            0.00 brk
(         0.10) (      0.00000) (              0.93) (         0.00) (         0.00)
           0.15         0.00000                 0.73            4.00            0.00 pread64
(         0.14) (      0.00000) (              0.57) (         0.00) (         0.00)
           0.05         0.00000                 1.47            1.00            1.00 access
(         0.07) (      0.00000) (              1.93) (         0.00) (         0.00)
           1.90         0.00006                56.80            1.00            0.00 execve
(         4.62) (      0.00015) (            145.60) (         0.00) (         0.00)
           0.05         0.00000                 0.47            2.00            1.00 arch_prctl
(         0.05) (      0.00000) (              0.62) (         0.00) (         0.00)
           0.03         0.00000                 0.87            1.00            0.00 futex
(         0.03) (      0.00000) (              0.72) (         0.00) (         0.00)
           0.04         0.00000                 1.00            1.00            0.00 set_tid_address
(         0.04) (      0.00000) (              0.89) (         0.00) (         0.00)
           0.43         0.00001                 2.07            5.00            0.00 openat
(         0.33) (      0.00001) (              1.57) (         0.00) (         0.00)
           0.03         0.00000                 0.87            1.00            0.00 set_robust_list
(         0.03) (      0.00000) (              0.72) (         0.00) (         0.00)
           0.03         0.00000                 0.80            1.00            0.00 prlimit64
(         0.03) (      0.00000) (              0.75) (         0.00) (         0.00)
           0.03         0.00000                 0.87            1.00            0.00 getrandom
(         0.03) (      0.00000) (              0.81) (         0.00) (         0.00)
           0.03         0.00000                 0.93            1.00            0.00 rseq
(         0.03) (      0.00000) (              0.77) (         0.00) (         0.00)
--------------  -------------   ----------------   --------------   --------------   ----------------
         100.00         0.00311                   79               2 total          
