0;0.417024;0.024576;1.40995
1;0.447744;0.023296;0.447072
2;0.44704;0.023296;0.428992
3;0.401856;0.02336;0.41392
4;0.400544;0.022784;0.404256
5;0.401632;0.023424;0.406368
6;0.41008;0.023552;0.418272
7;0.419296;0.023296;0.417696
8;0.409792;0.022528;0.413472
9;0.409984;0.023552;0.414464
10;0.400896;0.022752;0.405216
11;0.409856;0.023328;0.40368
12;0.401216;0.023328;0.419328
13;0.419328;0.023552;0.410208
14;0.410112;0.022528;0.414528
15;0.41056;0.023264;0.414752
16;0.401248;0.022528;0.40336
17;0.410368;0.024352;0.403424
18;0.400384;0.023552;0.426976
19;0.419776;0.023296;0.416224
20;0.419296;0.022528;0.414976
21;0.401504;0.023552;0.413568
22;0.410368;0.023552;0.405408
23;0.400896;0.02432;0.404288
24;0.410208;0.023296;0.556288
25;0.419392;0.023296;0.417248
26;0.419584;0.023296;0.413696
27;0.40176;0.023328;0.413952
28;0.401728;0.023296;0.403552
29;0.40224;0.023552;0.40448
30;0.401696;0.023552;0.427296
31;0.419552;0.023328;0.417184
32;0.410944;0.022528;0.414528
33;0.401056;0.023328;0.413088
34;0.400896;0.022528;0.404064
35;0.410208;0.022528;0.40592
36;0.401056;0.022528;0.428096
37;0.41952;0.022752;0.418752
38;0.410752;0.023296;0.414752
39;0.401984;0.022528;0.413984
40;0.400896;0.022528;0.4048
41;0.410208;0.023328;0.404704
42;0.40176;0.023552;0.418816
43;0.42032;0.023296;0.41776
44;0.41072;0.022816;0.414304
45;0.411072;0.022528;0.41424
46;0.40992;0.022784;0.40608
47;0.422912;0.022528;0.414464
48;0.431328;0.023552;0.415232
49;0.431488;0.02272;0.414816
50;0.422432;0.023552;0.405728
51;0.431808;0.02272;0.40624
52;0.422464;0.023328;0.406368
53;0.43152;0.023328;0.406624
54;0.423264;0.02336;0.414848
55;0.431808;0.023552;0.41424
56;0.423072;0.02272;0.414976
57;0.422528;0.023328;0.414752
58;0.422464;0.022528;0.40688
59;0.423168;0.023552;0.414112
60;0.423104;0.022528;0.415168
61;0.43168;0.02336;0.405024
62;0.431648;0.022528;0.406432
63;0.431552;0.023328;0.414272
64;0.42304;0.02432;0.40624
65;0.43168;0.023328;0.415168
66;0.431552;0.022528;0.4144
67;0.429376;0.02432;0.415552
68;0.431552;0.023552;0.414624
69;0.431744;0.023328;0.4056
70;0.43136;0.022528;0.406336
71;0.431104;0.023328;0.419328
72;0.431712;0.023296;0.457152
73;0.431488;0.023552;0.439456
74;0.431648;0.022688;0.429504
75;0.365056;0.022528;0.42864
76;0.440768;0.023456;0.438272
77;0.445344;0.023328;0.428896
78;0.446048;0.023552;0.419776
79;0.444896;0.022528;0.418784
80;0.445952;0.022784;0.420544
81;0.445888;0.02272;0.437984
82;0.440736;0.022528;0.419296
83;0.444864;0.023296;0.43776
84;0.440544;0.022528;0.438528
85;0.440608;0.023552;0.428096
86;0.445952;0.023328;0.420864
87;0.44592;0.023552;0.418816
88;0.4448;0.023552;0.420352
89;0.445984;0.02272;0.439072
90;0.4456;0.023552;0.4208
91;0.444832;0.022528;0.447296
92;0.444864;0.022784;0.438272
93;0.444896;0.023552;0.429472
94;0.44624;0.022528;0.420864
95;0.44112;0.022656;0.41936
96;0.445792;0.023552;0.420832
97;0.44592;0.022688;0.437504
98;0.446048;0.023296;0.438208
99;0.491104;0.023328;0.466944
100;0.43168;0.02336;0.410688
101;0.440448;0.023296;0.419296
102;0.436736;0.023296;0.41984
103;0.445888;0.023328;0.418784
104;0.4496;0.02352;0.438944
105;0.440352;0.023328;0.437824
106;0.440352;0.023328;0.420416
107;0.440352;0.023552;0.438112
108;0.4448;0.023296;0.429056
109;0.364896;0.02336;0.414784
110;0.44592;0.024352;0.429024
111;0.44032;0.02432;0.420864
112;0.4456;0.02432;0.43856
113;0.445888;0.023328;0.437568
114;0.44048;0.022528;0.420032
115;0.444928;0.022528;0.438848
116;0.441152;0.023328;0.429344
117;0.440352;0.022528;0.43008
118;0.444928;0.023552;0.420288
119;0.440704;0.02432;0.419328
120;0.440928;0.022528;0.419808
121;0.445984;0.023616;0.437984
122;0.440512;0.023552;0.43872
123;0.4408;0.024352;0.437856
124;0.444896;0.02272;0.43856
125;0.445024;0.022528;0.428448
126;0.444608;0.023328;0.420992
127;0.4408;0.023328;0.419296
128;0.4408;0.02272;0.42032
129;0.445984;0.022528;0.437216
130;0.445856;0.023328;0.439168
131;0.444896;0.023552;0.437184
132;0.3784;0.023328;0.4664
133;0.431616;0.022688;0.419168
134;0.44064;0.023328;0.420096
135;0.440832;0.023424;0.419872
136;0.44624;0.023328;0.438912
137;0.441088;0.023552;0.437248
138;0.445888;0.02352;0.438752
139;0.441632;0.023296;0.430176
140;0.445152;0.022528;0.420832
141;0.445088;0.023552;0.419104
142;0.44592;0.02272;0.420352
143;0.44496;0.02272;0.437504
144;0.44496;0.022528;0.439008
145;0.44032;0.023552;0.43776
146;0.4368;0.022528;0.438752
147;0.444928;0.022752;0.428544
148;0.4456;0.023328;0.42032
149;0.444928;0.023296;0.418784
150;0.441184;0.023552;0.42032
151;0.440672;0.024352;0.418816
152;0.440768;0.023296;0.419776
153;0.444928;0.023328;0.439104
154;0.440864;0.022528;0.438528
155;0.364768;0.023552;0.428352
156;0.440832;0.022528;0.429568
157;0.444864;0.02272;0.418784
158;0.4408;0.023296;0.41984
159;0.441376;0.023424;0.420352
160;0.445952;0.023552;0.438784
161;0.440768;0.02336;0.4208
162;0.437952;0.023552;0.438816
163;0.4456;0.023328;0.437216
164;0.440608;0.023552;0.429088
165;0.43712;0.023328;0.551552
166;0.44592;0.023552;0.438336
167;0.445824;0.024352;0.437696
168;0.445984;0.023456;0.438336
169;0.44512;0.022528;0.438016
170;0.440416;0.024352;0.420064
171;0.44608;0.022528;0.419904
172;0.440768;0.023296;0.419808
173;0.44624;0.022528;0.419328
174;0.445632;0.023328;0.438752
175;0.44496;0.022688;0.437504
176;0.44608;0.023552;0.43824
177;0.440416;0.023584;0.420288
178;0.440448;0.023552;0.420416
179;0.444896;0.022528;0.419232
180;0.440864;0.023328;0.420416
181;0.446048;0.023328;0.42832
182;0.449952;0.023328;0.43856
183;0.445888;0.022528;0.437888
184;0.441024;0.02336;0.438272
185;0.436832;0.022528;0.428512
186;0.44512;0.023552;0.419808
187;0.454144;0.023328;0.41984
188;0.444864;0.023552;0.420288
189;0.455136;0.023328;0.437312
190;0.445184;0.023328;0.438752
191;0.444576;0.023296;0.437696
192;0.440448;0.02272;0.429024
193;0.445984;0.024352;0.41936
194;0.445216;0.022752;0.419776
195;0.44592;0.022528;0.41936
196;0.4408;0.023328;0.419808
197;0.440832;0.023552;0.419232
198;0.444896;0.023552;0.438176
199;0.446016;0.023552;0.442688
200;0.444544;0.02352;0.429536
201;0.44592;0.022528;0.562784
202;0.440992;0.022688;0.420288
203;0.4408;0.022528;0.418784
204;0.44592;0.022784;0.438176
205;0.444576;0.023296;0.437696
206;0.454048;0.023296;0.429312
207;0.4456;0.024352;0.420128
208;0.445536;0.023328;0.420352
209;0.445984;0.022528;0.419296
210;0.449952;0.023328;0.438496
211;0.44592;0.023552;0.418816
212;0.363904;0.023552;0.439008
213;0.4456;0.023328;0.437632
214;0.444608;0.023328;0.438848
215;0.455136;0.022528;0.439936
216;0.455072;0.023552;0.406496
217;0.431776;0.023552;0.405152
218;0.43168;0.023296;0.415168
219;0.43184;0.022528;0.414656
220;0.431808;0.023552;0.457216
221;0.436704;0.022528;0.420288
222;0.369984;0.02336;0.415392
223;0.455232;0.022528;0.406336
224;0.431712;0.023552;0.406144
225;0.42288;0.023552;0.41392
226;0.431712;0.022752;0.414912
227;0.431712;0.023328;0.440832
228;0.445888;0.023328;0.43904
229;0.360224;0.02336;0.443264
230;0.455168;0.022656;0.398464
231;0.431456;0.02272;0.40624
232;0.431616;0.022688;0.406656
233;0.43216;0.023552;0.414752
234;0.440896;0.023296;0.447552
235;0.436736;0.022528;0.438432
236;0.364096;0.023328;0.443072
237;0.452256;0.023424;0.515264
238;0.364032;0.022592;0.4064
239;0.431488;0.023296;0.414784
240;0.4224;0.023488;0.415456
241;0.43168;0.022784;0.414592
242;0.431584;0.022752;0.439904
243;0.431008;0.023552;0.438496
244;0.455104;0.022528;0.440064
245;0.455104;0.022688;0.405376
246;0.422976;0.022528;0.405344
247;0.422176;0.023328;0.414208
248;0.43168;0.022528;0.414944
249;0.431456;0.02272;0.446688
250;0.436704;0.022528;0.42064
251;0.4552;0.023328;0.442496
252;0.464288;0.023552;0.405728
253;0.423328;0.02336;0.405568
254;0.422144;0.023328;0.415456
255;0.431424;0.023552;0.414272
256;0.431584;0.023296;0.447712
257;0.444896;0.023296;0.419616
258;0.36944;0.023552;0.407104
259;0.455104;0.023328;0.405024
260;0.431712;0.02272;0.405664
261;0.431776;0.023296;0.414688
262;0.422752;0.022688;0.414848
263;0.431936;0.023296;0.455648
264;0.431488;0.022656;0.43888
265;0.454816;0.022528;0.440192
266;0.46432;0.023296;0.405984
267;0.4232;0.022528;0.405472
268;0.431744;0.022528;0.416
269;0.431424;0.023328;0.414432
270;0.431232;0.02272;0.448
271;0.42816;0.023552;0.418752
272;0.435072;0.023328;0.579776
273;0.359808;0.023296;0.424288
274;0.450016;0.024352;0.405824
275;0.423136;0.023328;0.405952
276;0.431584;0.023296;0.414432
277;0.431456;0.02272;0.406464
278;0.431808;0.022528;0.447936
279;0.44064;0.023328;0.419296
280;0.4552;0.022528;0.438944
281;0.455584;0.023296;0.405312
282;0.422432;0.022528;0.406208
283;0.42304;0.023328;0.414752
284;0.43184;0.022528;0.406272
285;0.431424;0.022688;0.447968
286;0.436768;0.022528;0.41984
287;0.455232;0.022816;0.456096
288;0.455168;0.023552;0.405952
289;0.42304;0.023424;0.40528
290;0.422592;0.022528;0.414912
291;0.431424;0.023552;0.41488
292;0.441152;0.02336;0.448032
293;0.43136;0.022528;0.420224
294;0.455136;0.022528;0.43888
295;0.454784;0.023328;0.4056
296;0.422368;0.023552;0.406176
297;0.431584;0.023456;0.414816
298;0.431584;0.023552;0.414944
299;0.431392;0.022528;0.44752
300;0.441024;0.023552;0.420064
301;0.355968;0.022752;0.434016
302;0.454624;0.023328;0.405664
303;0.431424;0.022528;0.406208
304;0.423072;0.023296;0.41488
305;0.431552;0.022528;0.414752
306;0.431648;0.022528;0.447488
307;0.445952;0.02272;0.418816
308;0.352416;0.02432;0.424768
309;0.455136;0.02272;0.405056
310;0.431296;0.023552;0.406272
311;0.455712;0.02352;0.414272
312;0.431584;0.022528;0.415488
313;0.43168;0.023552;0.446848
314;0.4368;0.023456;0.420512
315;0.360224;0.024352;0.41552
316;0.370112;0.02336;0.397728
317;0.348672;0.02272;0.405632
318;0.431616;0.023424;0.41488
319;0.431456;0.022528;0.414848
320;0.431776;0.022528;0.415616
321;0.440672;0.023552;0.440448
322;0.445632;0.02432;0.4392
323;0.356288;0.022528;0.434112
324;0.455456;0.023328;0.405792
325;0.432608;0.022528;0.406144
326;0.422432;0.023552;0.414944
327;0.431392;0.023296;0.414688
328;0.43184;0.023552;0.45616
329;0.440512;0.023552;0.41984
330;0.359872;0.023296;0.434656
331;0.455232;0.022688;0.405216
332;0.43168;0.02432;0.405472
333;0.43152;0.022528;0.405568
334;0.431584;0.023296;0.41488
335;0.431552;0.023328;0.444864
336;0.43664;0.023296;0.44016
337;0.455168;0.023552;0.449312
338;0.455136;0.022528;0.406176
339;0.431648;0.02272;0.405024
340;0.43152;0.023328;0.415872
341;0.431712;0.022688;0.41488
342;0.43168;0.022528;0.439232
343;0.437024;0.022528;0.437824
344;0.426016;0.023552;0.563136
345;0.36016;0.023552;0.443232
346;0.45552;0.023328;0.406304
347;0.423232;0.022528;0.405824
348;0.431968;0.023328;0.4152
349;0.431744;0.022528;0.414592
350;0.431936;0.023296;0.448
351;0.42768;0.023552;0.418784
352;0.455264;0.023296;0.439104
353;0.464608;0.022528;0.405792
354;0.431872;0.022688;0.406368
355;0.422912;0.023552;0.415552
356;0.432;0.022688;0.415744
357;0.43168;0.022624;0.447456
358;0.441056;0.023328;0.420096
359;0.364544;0.023296;0.40592
360;0.36;0.023296;0.406112
361;0.431776;0.023328;0.405472
362;0.422688;0.022528;0.415424
363;0.430656;0.022528;0.415392
364;0.431552;0.023328;0.415136
365;0.431968;0.023328;0.442368
366;0.46448;0.022528;0.448224
367;0.45536;0.023328;0.405472
368;0.432096;0.023552;0.406976
369;0.423168;0.022752;0.419488
370;0.432512;0.023552;0.415744
371;0.431392;0.02272;0.439904
372;0.437184;0.022528;0.43984
373;0.360992;0.022752;0.415936
374;0.455296;0.022528;0.406592
375;0.431552;0.022528;0.405664
376;0.432288;0.023296;0.415424
377;0.431744;0.022528;0.414656
378;0.431552;0.023424;0.447744
379;0.444768;0.022528;0.437536
380;0.360864;0.023328;0.44432
381;0.459584;0.023584;0.406304
382;0.43184;0.023456;0.406432
383;0.431872;0.022528;0.406656
384;0.432096;0.02352;0.415968
385;0.431776;0.023296;0.449312
386;0.437152;0.022528;0.41984
387;0.361504;0.023456;0.435168
388;0.455264;0.022528;0.415136
389;0.432416;0.022528;0.40592
390;0.432096;0.023552;0.415328
391;0.432032;0.023552;0.41504
392;0.441248;0.023328;0.438816
393;0.441152;0.023328;0.437728
394;0.455232;0.023328;0.447424
395;0.451648;0.023328;0.514496
396;0.354784;0.022528;0.405664
397;0.431776;0.022528;0.415552
398;0.423424;0.02272;0.415712
399;0.431424;0.022528;0.41456
400;0.431936;0.023328;0.45696
401;0.436928;0.023552;0.429984
402;0.361056;0.02432;0.434976
403;0.455328;0.022528;0.406016
404;0.4232;0.022528;0.406176
405;0.431872;0.023328;0.41472
406;0.431808;0.022528;0.415232
407;0.431712;0.023552;0.457184
408;0.446048;0.022624;0.415808
409;0.360864;0.024352;0.443744
410;0.464416;0.023328;0.405824
411;0.431712;0.023296;0.40592
412;0.4224;0.02272;0.406496
413;0.431808;0.023328;0.41488
414;0.431872;0.022688;0.449312
415;0.422528;0.023328;0.428384
416;0.455232;0.023328;0.447776
417;0.465184;0.023552;0.405856
418;0.43184;0.022528;0.406048
419;0.432512;0.022528;0.415328
420;0.431808;0.023552;0.415616
421;0.43184;0.022624;0.433856
422;0.445696;0.022528;0.438208
423;0.360928;0.023328;0.443008
424;0.455296;0.023328;0.40656
425;0.431712;0.023296;0.39728
426;0.431904;0.022528;0.415968
427;0.431776;0.023328;0.414656
428;0.441184;0.02336;0.442656
429;0.440736;0.023328;0.42864
430;0.354816;0.023296;0.44288
431;0.431872;0.023328;0.543872
432;0.431936;0.023328;0.438208
433;0.423296;0.022528;0.41536
434;0.431872;0.023552;0.406432
435;0.422624;0.023296;0.415008
436;0.42304;0.022528;0.40704
437;0.431776;0.023552;0.41456
438;0.432224;0.023552;0.448
439;0.436832;0.022528;0.419296
440;0.455296;0.023328;0.447552
441;0.455296;0.022656;0.41504
442;0.423136;0.023296;0.406208
443;0.422592;0.023296;0.415136
444;0.431872;0.022528;0.415904
445;0.431776;0.022528;0.456128
446;0.436928;0.023328;0.429856
447;0.45536;0.022528;0.448832
448;0.454208;0.023296;0.415168
449;0.431744;0.024352;0.406336
450;0.432288;0.022528;0.415744
451;0.43184;0.022528;0.415296
452;0.44112;0.023296;0.447712
453;0.43168;0.023328;0.41984
454;0.47632;0.0256;0.869632
455;0.444352;0.0256;0.436608
456;0.453056;0.0256;0.436544
457;0.462016;0.0256;0.46368
458;0.423904;0.0256;0.473472
459;0.478368;0.0264;0.427168
460;0.453344;0.0256;0.436448
461;0.460384;0.0256;0.437184
462;0.453888;0.0256;0.488
463;0.476576;0.0256;0.468096
464;0.39936;0.0256;0.427424
465;0.444736;0.0256;0.431328
466;0.452992;0.0256;0.436704
467;0.4528;0.0256;0.57152
468;0.453728;0.0256;0.456064
469;0.474048;0.0256;0.464544
470;0.390656;0.0256;0.428064
471;0.444096;0.0256;0.426336
472;0.45312;0.0256;0.43664
473;0.452864;0.0256;0.44064
474;0.452736;0.0256;0.451648
475;0.386336;0.0256;0.426336
476;0.443776;0.0256;0.427392
477;0.45312;0.0256;0.435584
478;0.453024;0.0256;0.437056
479;0.4528;0.025376;0.455008
480;0.385952;0.0256;0.492224
481;0.39072;0.0256;0.435616
482;0.444;0.0256;0.42752
483;0.452608;0.0256;0.427936
484;0.453184;0.0256;0.450816
485;0.452736;0.0256;0.45936
486;0.385248;0.0256;0.427648
487;0.377056;0.0256;0.426304
488;0.45376;0.0256;0.437216
489;0.453184;0.0256;0.436
490;0.452832;0.0256;0.459712
491;0.458336;0.0256;0.450496
492;0.467168;0.0256;0.436576
493;0.44384;0.0256;0.426336
494;0.444384;0.0256;0.428416
495;0.45296;0.0256;0.468544
496;0.462144;0.0256;0.436576
497;0.46176;0.025376;0.426592
498;0.453216;0.0256;0.427584
499;0.500352;0.0256;0.444768
500;0.453248;0.0256;0.427936
501;0.452544;0.0256;0.436288
502;0.471072;0.0256;0.436928
503;0.462464;0.026368;0.436576
504;0.462208;0.0256;0.437056
505;0.453152;0.0256;0.426624
506;0.45296;0.0256;0.42736
507;0.452992;0.0256;0.42816
508;0.453088;0.0256;0.426816
509;0.452896;0.0256;0.426336
510;0.453696;0.0256;0.44064
511;0.452928;0.0256;0.435552
512;0.453024;0.0256;0.43648
513;0.452768;0.0256;0.43552
514;0.453536;0.0256;0.43664
515;0.46208;0.0256;0.435712
516;0.453312;0.0256;0.427712
517;0.453056;0.0256;0.435616
518;0.444192;0.0256;0.427328
519;0.452832;0.0256;0.426336
520;0.453376;0.0256;0.4368
521;0.462336;0.0264;0.440224
522;0.452768;0.026368;0.44608
523;0.452992;0.0256;0.436064
524;0.453344;0.0256;0.427776
525;0.453184;0.0256;0.43584
526;0.452992;0.0256;0.436992
527;0.462048;0.0256;0.435616
528;0.452896;0.0256;0.436864
529;0.45344;0.0256;0.436032
530;0.443808;0.0256;0.427712
531;0.453088;0.0256;0.426464
532;0.461888;0.0256;0.437184
533;0.46208;0.0256;0.440608
534;0.453056;0.0256;0.427552
535;0.443744;0.0256;0.426528
536;0.443744;0.0256;0.53008
537;0.443712;0.0256;0.426368
538;0.452992;0.0256;0.432448
539;0.450112;0.0256;0.427104
540;0.452608;0.0256;0.446464
541;0.4536;0.0264;0.42672
542;0.46672;0.0256;0.427776
543;0.43472;0.0256;0.426752
544;0.43184;0.0256;0.427936
545;0.43168;0.0256;0.428
546;0.431808;0.0256;0.427744
547;0.43248;0.0256;0.427072
548;0.440768;0.0264;0.437376
549;0.43248;0.0256;0.427904
550;0.431808;0.0256;0.427552
551;0.432704;0.0256;0.428
552;0.431904;0.0256;0.42752
553;0.432416;0.0256;0.427584
554;0.431552;0.0256;0.427648
555;0.432448;0.0256;0.427968
556;0.432864;0.0256;0.427584
557;0.431744;0.0256;0.428256
558;0.431488;0.0256;0.427584
559;0.432384;0.0256;0.427904
560;0.431744;0.0256;0.427616
561;0.431776;0.0256;0.427264
562;0.43184;0.0256;0.427808
563;0.433024;0.025344;0.428032
564;0.431776;0.0256;0.428128
565;0.432448;0.0256;0.427648
566;0.431904;0.0256;0.427616
567;0.431712;0.0256;0.42816
568;0.432672;0.0256;0.427616
569;0.432544;0.0256;0.427584
570;0.431808;0.0256;0.427744
571;0.432416;0.0256;0.427616
572;0.431552;0.0256;0.42848
573;0.43248;0.0256;0.427552
574;0.431808;0.0256;0.427808
575;0.432672;0.0256;0.427552
576;0.43168;0.0256;0.427584
577;0.432352;0.0256;0.427104
578;0.431488;0.0256;0.428224
579;0.431456;0.0256;0.427648
580;0.431968;0.0256;0.427616
581;0.432896;0.0256;0.428
582;0.431776;0.0256;0.427584
583;0.432544;0.0256;0.42688
584;0.431552;0.0256;0.427616
585;0.432352;0.0264;0.440928
586;0.431488;0.0256;0.427584
587;0.432768;0.0256;0.427616
588;0.432864;0.0256;0.427712
589;0.432352;0.0256;0.427616
590;0.432096;0.0256;0.427552
591;0.432096;0.025376;0.426816
592;0.43184;0.0256;0.427616
593;0.43264;0.0256;0.427744
594;0.431936;0.0256;0.427648
595;0.432032;0.0256;0.427616
596;0.432096;0.0256;0.42816
597;0.431904;0.0256;0.427648
598;0.431872;0.0256;0.427584
599;0.432704;0.0256;0.427648
600;0.43184;0.0264;0.428224
601;0.432416;0.0256;0.441632
602;0.431776;0.0256;0.428608
603;0.431776;0.0256;0.426976
604;0.431552;0.0256;0.427584
605;0.43248;0.0256;0.427616
606;0.431552;0.0256;0.427616
607;0.432768;0.0256;0.427712
608;0.431584;0.0256;0.427936
609;0.43264;0.0256;0.427808
610;0.442496;0.0256;0.452416
611;0.431968;0.0256;0.427104
612;0.43216;0.0256;0.427584
613;0.43168;0.0256;0.427232
614;0.431872;0.0256;0.437056
615;0.432416;0.0256;0.427936
616;0.43168;0.0256;0.427808
617;0.432;0.0256;0.427936
618;0.431616;0.0256;0.427648
619;0.431712;0.0256;0.427648
620;0.431808;0.0256;0.427584
621;0.432832;0.0256;0.427552
622;0.432;0.0256;0.428256
623;0.432672;0.0256;0.442048
624;0.431776;0.0256;0.427616
625;0.432608;0.0256;0.427584
626;0.43168;0.0256;0.427648
627;0.432448;0.0256;0.427424
628;0.431616;0.0256;0.436512
629;0.431936;0.0256;0.428
630;0.431488;0.0256;0.427584
631;0.431712;0.0256;0.427968
632;0.431712;0.0256;0.427552
633;0.431648;0.0256;0.427616
634;0.431808;0.0256;0.436864
635;0.431744;0.0256;0.427648
636;0.43168;0.0256;0.436896
637;0.43184;0.0256;0.441664
638;0.432064;0.026368;0.428192
639;0.43248;0.0256;0.426944
640;0.50464;0.0256;0.469632
641;0.408608;0.0256;0.434496
642;0.462304;0.0256;0.460192
643;0.462048;0.0256;0.427488
644;0.462656;0.0256;0.468224
645;0.50448;0.0256;0.44576
646;0.566496;0.0256;0.46016
647;0.46208;0.0256;0.427552
648;0.46224;0.0256;0.441664
649;0.462144;0.0256;0.430656
650;0.41376;0.0256;0.457952
651;0.388032;0.0256;0.450432
652;0.462304;0.0256;0.426432
653;0.462016;0.0256;0.459488
654;0.462496;0.0256;0.440608
655;0.462048;0.0256;0.458048
656;0.513696;0.0256;0.436064
657;0.471424;0.0256;0.439584
658;0.46224;0.0256;0.43648
659;0.452832;0.0256;0.426304
660;0.462176;0.0256;0.460352
661;0.462144;0.0256;0.47744
662;0.513696;0.0256;0.436448
663;0.480544;0.0256;0.440608
664;0.4624;0.0256;0.442112
665;0.46208;0.0256;0.42672
666;0.462144;0.0256;0.426272
667;0.46208;0.0256;0.467232
668;0.504448;0.0256;0.437056
669;0.476448;0.0256;0.4264
670;0.43264;0.0256;0.4368
671;0.432576;0.0256;0.427552
672;0.432;0.0256;0.436768
673;0.431744;0.0256;0.436352
674;0.431648;0.025376;0.427648
675;0.431328;0.0256;0.427552
676;0.43184;0.0256;0.428832
677;0.432384;0.0256;0.4272
678;0.431552;0.0256;0.53344
679;0.431744;0.0256;0.427616
680;0.431904;0.0256;0.42768
681;0.431904;0.0256;0.427232
682;0.441056;0.0256;0.427648
683;0.43168;0.0256;0.43632
684;0.43184;0.0256;0.427872
685;0.431584;0.0256;0.436832
686;0.431776;0.0256;0.432416
687;0.432704;0.0256;0.436256
688;0.43152;0.0256;0.427776
689;0.43296;0.0256;0.450848
690;0.431872;0.0256;0.428224
691;0.43184;0.0256;0.427552
692;0.432416;0.0256;0.428032
693;0.432448;0.0256;0.427552
694;0.432;0.0256;0.427584
695;0.432608;0.0256;0.427744
696;0.440672;0.0256;0.427904
697;0.43232;0.026368;0.427232
698;0.432032;0.0256;0.428064
699;0.43168;0.0256;0.436768
700;0.431488;0.0256;0.432416
701;0.432448;0.0256;0.436896
702;0.432192;0.0256;0.437248
703;0.432544;0.0256;0.427936
704;0.432576;0.0256;0.427616
705;0.431872;0.0256;0.427296
706;0.431872;0.0256;0.428064
707;0.432512;0.0256;0.428032
708;0.432064;0.0256;0.436864
709;0.432704;0.0256;0.427616
710;0.432544;0.0256;0.42816
711;0.432992;0.0256;0.42784
712;0.431968;0.0264;0.437184
713;0.432064;0.0256;0.428448
714;0.43184;0.0256;0.441984
715;0.431936;0.0256;0.436864
716;0.431456;0.0256;0.432448
717;0.441952;0.0256;0.46928
718;0.426304;0.0256;0.427808
719;0.432896;0.0256;0.427584
720;0.431552;0.0256;0.436576
721;0.431712;0.0256;0.427616
722;0.431808;0.0256;0.428
723;0.432608;0.0256;0.426976
724;0.431904;0.0256;0.42768
725;0.432448;0.0256;0.441088
726;0.432032;0.0256;0.441632
727;0.461888;0.0256;0.427424
728;0.453024;0.0256;0.46048
729;0.454368;0.0256;0.449824
730;0.46224;0.0256;0.428064
731;0.46208;0.0256;0.426784
732;0.454016;0.026368;0.47744
733;0.470944;0.0264;0.468256
734;0.453472;0.0256;0.427328
735;0.462208;0.0256;0.427296
736;0.461952;0.025376;0.42736
737;0.453824;0.0256;0.460032
738;0.453536;0.0256;0.436576
739;0.462368;0.0256;0.431712
740;0.452992;0.0256;0.436672
741;0.462144;0.0256;0.450304
742;0.453856;0.0256;0.441664
743;0.453696;0.0256;0.435584
744;0.46192;0.0256;0.460352
745;0.4536;0.0256;0.43456
746;0.485888;0.0256;0.460352
747;0.418976;0.0256;0.437184
748;0.461856;0.0256;0.451488
749;0.460128;0.0256;0.436832
750;0.420064;0.0256;0.479776
751;0.467104;0.0256;0.426816
752;0.408992;0.0256;0.441632
753;0.39552;0.024576;0.427648
754;0.46224;0.0256;0.459008
755;0.462208;0.0256;0.43552
756;0.462336;0.0256;0.458624
757;0.480512;0.0256;0.427328
758;0.462176;0.0256;0.458304
759;0.462112;0.0256;0.440576
760;0.462208;0.0256;0.427424
761;0.462208;0.025344;0.43664
762;0.51328;0.0256;0.450848
763;0.471424;0.0256;0.43552
764;0.46224;0.0256;0.425728
765;0.462272;0.0256;0.440096
766;0.462304;0.0256;0.436512
767;0.462048;0.0256;0.43584
768;0.513344;0.0256;0.468704
769;0.471648;0.0256;0.449856
770;0.462048;0.0256;0.427296
771;0.46208;0.0256;0.44112
772;0.462208;0.0256;0.45936
773;0.462816;0.0256;0.436992
774;0.513536;0.0256;0.436992
775;0.441568;0.0256;0.42704
776;0.43184;0.0256;0.44608
777;0.431648;0.0256;0.441632
778;0.431552;0.0256;0.428
779;0.432736;0.0256;0.43664
780;0.431936;0.0256;0.428736
781;0.431936;0.0256;0.427968
782;0.445472;0.026368;0.470592
783;0.442048;0.026368;0.469248
784;0.442144;0.0256;0.461152
785;0.451488;0.0256;0.469824
786;0.431968;0.0256;0.432448
787;0.43168;0.0264;0.441632
788;0.431712;0.0256;0.432896
789;0.431712;0.0256;0.428128
790;0.431776;0.0256;0.42768
791;0.434688;0.0256;0.42768
792;0.431552;0.0256;0.4368
793;0.431776;0.0256;0.428
794;0.43184;0.0256;0.437216
795;0.43168;0.0256;0.427872
796;0.431904;0.0256;0.428064
797;0.43264;0.0256;0.436864
798;0.431904;0.0256;0.436736
799;0.432576;0.0256;0.42784
800;0.431904;0.0264;0.437536
801;0.43248;0.0256;0.441632
802;0.43168;0.0256;0.42784
803;0.432928;0.0256;0.437152
804;0.43184;0.0256;0.427904
805;0.43136;0.0256;0.42784
806;0.431904;0.0256;0.427968
807;0.432384;0.0256;0.427616
808;0.431808;0.0256;0.427744
809;0.43248;0.0256;0.427712
810;0.431808;0.0256;0.42768
811;0.43312;0.0256;0.428032
812;0.431936;0.0256;0.436832
813;0.43232;0.0256;0.428032
814;0.432192;0.0256;0.437152
815;0.431776;0.0256;0.441024
816;0.431808;0.0256;0.427584
817;0.432416;0.0256;0.427552
818;0.431808;0.0256;0.427968
819;0.431968;0.0256;0.427872
820;0.431968;0.0264;0.42784
821;0.431808;0.0256;0.427584
822;0.431872;0.0256;0.428096
823;0.432032;0.0256;0.427744
824;0.441792;0.0256;0.469536
825;0.431552;0.0256;0.436928
826;0.431808;0.0256;0.44176
827;0.431712;0.0264;0.437056
828;0.431744;0.0256;0.427296
829;0.432512;0.0256;0.427616
830;0.431488;0.0256;0.427616
831;0.432864;0.0256;0.427648
832;0.432512;0.0256;0.428
833;0.431744;0.025376;0.436576
834;0.432192;0.0256;0.428672
835;0.440928;0.0256;0.427104
836;0.431808;0.0256;0.427616
837;0.43264;0.0256;0.42784
838;0.431808;0.0256;0.428032
839;0.432288;0.0256;0.427616
840;0.43168;0.0256;0.427712
841;0.431936;0.0256;0.441664
842;0.431968;0.0256;0.4368
843;0.432576;0.0264;0.427104
844;0.432032;0.0256;0.436896
845;0.432448;0.0256;0.428128
846;0.431648;0.0256;0.427648
847;0.43168;0.0256;0.436288
848;0.43152;0.0256;0.427584
849;0.43248;0.0256;0.427616
850;0.431648;0.0264;0.43776
851;0.43168;0.0256;0.427616
852;0.43184;0.0256;0.427584
853;0.432032;0.0256;0.427136
854;0.431552;0.0256;0.42768
855;0.43248;0.0256;0.436832
856;0.431776;0.0256;0.441984
857;0.432768;0.0256;0.42768
858;0.431776;0.0256;0.428
859;0.432512;0.0256;0.427072
860;0.431584;0.0256;0.428256
861;0.433856;0.0256;0.427776
862;0.54064;0.0256;0.461312
863;0.442144;0.0256;0.524384
864;0.431584;0.0256;0.427904
865;0.432096;0.0264;0.43632
866;0.43184;0.0256;0.427872
867;0.432448;0.0256;0.441696
868;0.431488;0.025376;0.437824
869;0.431712;0.0256;0.427296
870;0.431808;0.0256;0.428448
871;0.432704;0.0264;0.427424
872;0.431872;0.0256;0.427552
873;0.431744;0.0256;0.427936
874;0.432576;0.0256;0.427808
875;0.431424;0.0256;0.427744
876;0.431808;0.0256;0.42752
877;0.432544;0.0256;0.427616
878;0.43168;0.0256;0.427904
879;0.431904;0.0256;0.436768
880;0.431584;0.0256;0.43168
881;0.432416;0.0256;0.436864
882;0.43184;0.0256;0.4368
883;0.432352;0.0256;0.427744
884;0.431872;0.0256;0.427584
885;0.432992;0.0256;0.427584
886;0.431552;0.0256;0.42768
887;0.431776;0.0256;0.427584
888;0.431232;0.0264;0.427712
889;0.432416;0.0256;0.427392
890;0.453056;0.0256;0.42736
891;0.460288;0.0256;0.460064
892;0.453664;0.0256;0.441632
893;0.452928;0.0256;0.435808
894;0.453376;0.026368;0.436768
895;0.462496;0.0256;0.427328
896;0.461568;0.0256;0.46064
897;0.452928;0.0256;0.43552
898;0.453344;0.0256;0.436608
899;0.4168;0.0256;0.478784
900;0.453664;0.0256;0.445152
901;0.453248;0.0256;0.426592
902;0.462016;0.0256;0.427744
903;0.462048;0.0256;0.459296
904;0.462272;0.0256;0.441632
905;0.462336;0.0256;0.435872
906;0.462272;0.0256;0.427296
907;0.459968;0.0256;0.44112
908;0.433312;0.024352;0.42192
909;0.433632;0.023552;0.439456
910;0.433216;0.024384;0.440448
911;0.43296;0.02432;0.415936
912;0.432864;0.023552;0.45008
913;0.441376;0.02432;0.439584
914;0.441472;0.023552;0.439968
915;0.441984;0.02432;0.415456
916;0.43264;0.024352;0.407488
917;0.43248;0.023712;0.4072
918;0.432608;0.02384;0.407232
919;0.44176;0.024352;0.40704
920;0.435008;0.024352;0.40832
921;0.433216;0.023776;0.406752
922;0.441536;0.024352;0.407808
923;0.4336;0.024352;0.439264
924;0.432672;0.024576;0.449888
925;0.44144;0.024352;0.440704
926;0.4416;0.025376;0.45872
927;0.439328;0.023648;0.439776
928;0.439072;0.023552;0.440768
929;0.439584;0.024352;0.449792
930;0.442112;0.024416;0.421664
931;0.441568;0.024352;0.421024
932;0.397952;0.024352;0.440384
933;0.441728;0.024352;0.40624
934;0.43248;0.02432;0.421696
935;0.432256;0.024352;0.438944
936;0.44208;0.023584;0.439968
937;0.442176;0.023552;0.420832
938;0.442112;0.02384;0.450048
939;0.441408;0.023552;0.43904
940;0.441792;0.024352;0.416992
941;0.441952;0.024512;0.425184
942;0.441824;0.023552;0.416928
943;0.441856;0.024576;0.406528
944;0.446464;0.023552;0.407808
945;0.4416;0.02432;0.406784
946;0.441888;0.02432;0.40784
947;0.441728;0.02432;0.421024
948;0.432672;0.023552;0.421568
949;0.442304;0.02432;0.439264
950;0.441952;0.023552;0.439968
951;0.441728;0.02432;0.449504
952;0.441568;0.024352;0.449184
953;0.442368;0.024352;0.448544
954;0.448544;0.023552;0.42608
955;0.450784;0.024384;0.40624
956;0.441664;0.024384;0.408
957;0.441632;0.023552;0.406976
958;0.441568;0.024352;0.407456
959;0.441792;0.024352;0.406592
960;0.440384;0.024576;0.40752
961;0.44176;0.024352;0.438944
962;0.442528;0.023552;0.439936
963;0.441696;0.023552;0.448448
964;0.441952;0.02432;0.449696
965;0.425408;0.023552;0.459296
966;0.441856;0.024352;0.407808
967;0.442336;0.02432;0.416384
968;0.442016;0.024352;0.407776
969;0.4424;0.023552;0.40688
970;0.441536;0.024576;0.40768
971;0.433152;0.024576;0.439008
972;0.433248;0.024352;0.440352
973;0.442272;0.02432;0.438944
974;0.441952;0.023776;0.440448
975;0.441728;0.024352;0.439232
976;0.441952;0.024352;0.440544
977;0.441792;0.024352;0.425504
978;0.441824;0.024384;0.422144
979;0.441696;0.024352;0.425152
980;0.451072;0.024448;0.407328
981;0.441984;0.02432;0.406688
982;0.441888;0.023552;0.40768
983;0.441408;0.023552;0.406784
984;0.368064;0.023712;0.407904
985;0.441824;0.024512;0.406272
986;0.439136;0.02432;0.440608
987;0.432928;0.024448;0.406208
988;0.441888;0.023552;0.440768
989;0.441888;0.024352;0.439744
990;0.441568;0.024448;0.430848
991;0.44176;0.023552;0.439968
992;0.441536;0.02432;0.439968
993;0.439648;0.024352;0.425952
994;0.441952;0.023552;0.407712
995;0.441376;0.023552;0.406688
996;0.441824;0.024352;0.407328
997;0.441568;0.024352;0.406784
998;0.441536;0.02432;0.543296
999;0.530784;0.023616;0.43024
1000;0.4416;0.023552;0.42208
1001;0.442272;0.023552;0.415584
1002;0.459968;0.02432;0.416928
1003;0.432576;0.023552;0.406688
1004;0.432352;0.023776;0.407968
1005;0.423328;0.023552;0.407296
1006;0.432288;0.023552;0.407776
1007;0.43296;0.023552;0.406912
1008;0.441824;0.023744;0.398688
1009;0.43248;0.023552;0.398048
1010;0.432672;0.023552;0.39872
1011;0.432864;0.023552;0.406208
1012;0.423424;0.02432;0.41728
1013;0.423744;0.025376;0.415776
1014;0.43264;0.02448;0.407328
1015;0.430464;0.023552;0.417216
1016;0.433056;0.024576;0.407808
1017;0.432256;0.02432;0.420992
1018;0.43264;0.023552;0.422144
1019;0.432576;0.023552;0.420896
1020;0.432288;0.02432;0.421632
1021;0.432512;0.024352;0.421088
1022;0.432704;0.023776;0.422144
1023;0.43216;0.023552;0.42112
1024;0.431488;0.023552;0.417472
1025;0.350176;0.024576;0.407232
1026;0.432608;0.023744;0.416992
1027;0.44208;0.024352;0.416224
1028;0.42368;0.023552;0.408128
1029;0.432896;0.024352;0.41616
1030;0.432864;0.02432;0.416256
1031;0.432448;0.024352;0.416032
1032;0.432256;0.023552;0.416992
1033;0.430432;0.02432;0.416256
1034;0.43264;0.02432;0.416928
1035;0.432224;0.023552;0.415552
1036;0.433216;0.02432;0.52432
1037;0.432672;0.024352;0.406464
1038;0.432864;0.024352;0.40752
1039;0.432864;0.024352;0.406784
1040;0.432832;0.023552;0.407648
1041;0.433152;0.02384;0.407072
1042;0.432704;0.024576;0.407968
1043;0.432544;0.024576;0.421632
1044;0.432736;0.024352;0.412416
1045;0.432576;0.024576;0.420448
1046;0.432704;0.023552;0.40832
1047;0.433216;0.02432;0.415744
1048;0.43264;0.023744;0.417024
1049;0.423328;0.023552;0.406272
1050;0.432352;0.02432;0.408352
1051;0.432704;0.024352;0.421056
1052;0.432576;0.02432;0.421632
1053;0.432256;0.024576;0.415776
1054;0.433056;0.02432;0.421984
1055;0.43232;0.023776;0.420608
1056;0.432704;0.025376;0.421856
1057;0.432128;0.023552;0.415936
1058;0.439808;0.024352;0.417312
1059;0.432416;0.02432;0.407488
1060;0.432608;0.024352;0.407232
1061;0.349568;0.024352;0.407136
1062;0.432608;0.023552;0.407296
1063;0.432576;0.024352;0.40656
1064;0.432704;0.024352;0.398112
1065;0.43248;0.024416;0.398112
1066;0.43248;0.023552;0.398624
1067;0.43248;0.023744;0.406496
1068;0.432928;0.024576;0.39856
1069;0.433888;0.02432;0.406688
1070;0.432704;0.024352;0.407456
1071;0.399136;0.023552;0.430208
1072;0.432704;0.024576;0.422112
1073;0.432704;0.023552;0.420992
1074;0.432832;0.023712;0.422144
1075;0.43312;0.02432;0.416
1076;0.432736;0.025376;0.430112
1077;0.423264;0.023584;0.406976
1078;0.432736;0.024352;0.421888
1079;0.43248;0.023552;0.412928
1080;0.433024;0.024352;0.412896
1081;0.432768;0.023552;0.41632
1082;0.432352;0.024576;0.407904
1083;0.432544;0.024576;0.415968
1084;0.432256;0.023648;0.417024
1085;0.432448;0.023776;0.415552
1086;0.43264;0.024352;0.417088
1087;0.432256;0.023552;0.406752
1088;0.432448;0.023552;0.398528
1089;0.43248;0.023552;0.4064
1090;0.4328;0.02432;0.398624
1091;0.430528;0.02432;0.40752
1092;0.430816;0.023712;0.39856
1093;0.349568;0.023552;0.397728
1094;0.42352;0.023552;0.407264
1095;0.43248;0.024352;0.406304
1096;0.432416;0.024352;0.41616
1097;0.432832;0.024384;0.407776
1098;0.43264;0.02432;0.416288
1099;0.432512;0.02432;0.415904
1100;0.433056;0.024352;0.412448
1101;0.432448;0.02432;0.419872
1102;0.432608;0.02432;0.407872
1103;0.432352;0.024416;0.416
1104;0.432352;0.02432;0.416768
1105;0.43264;0.02432;0.407424
1106;0.432608;0.024576;0.407744
1107;0.43248;0.024384;0.416928
1108;0.432576;0.023712;0.416672
1109;0.355648;0.023552;0.41552
1110;0.575904;0.024384;0.440992
1111;0.423296;0.023552;0.406304
1112;0.43264;0.02432;0.398688
1113;0.432192;0.023552;0.406752
1114;0.432896;0.02432;0.407296
1115;0.4232;0.023552;0.406688
1116;0.432736;0.023552;0.408
1117;0.432512;0.024352;0.406912
1118;0.432608;0.023712;0.407968
1119;0.432704;0.023776;0.397856
1120;0.42416;0.023552;0.406752
1121;0.432224;0.024384;0.397664
1122;0.432704;0.023552;0.407776
1123;0.432192;0.023552;0.406592
1124;0.432256;0.023744;0.42208
1125;0.432672;0.023552;0.416
1126;0.432704;0.025376;0.416608
1127;0.432864;0.024352;0.406624
1128;0.432608;0.024576;0.4168
1129;0.43248;0.024352;0.407168
1130;0.432576;0.023808;0.407744
1131;0.432416;0.023552;0.397888
1132;0.432544;0.02432;0.39856
1133;0.432352;0.024576;0.406368
1134;0.432384;0.023744;0.407904
1135;0.43248;0.024384;0.41648
1136;0.430048;0.024576;0.421632
1137;0.43056;0.023552;0.417088
1138;0.430656;0.024352;0.41808
1139;0.432512;0.024352;0.416032
1140;0.432992;0.023552;0.408512
1141;0.432448;0.02432;0.4168
1142;0.43232;0.024576;0.416736
1143;0.432736;0.024352;0.415808
1144;0.432768;0.024576;0.416864
1145;0.4328;0.023552;0.416
1146;0.432576;0.024352;0.416768
1147;0.432768;0.024352;0.407232
1148;0.432608;0.02432;0.511904
1149;0.432512;0.025344;0.406272
1150;0.432512;0.02368;0.407616
1151;0.432512;0.023744;0.41552
1152;0.43264;0.024352;0.408
1153;0.432608;0.023552;0.40736
1154;0.424064;0.023552;0.407936
1155;0.441952;0.024384;0.415936
1156;0.432704;0.023776;0.416576
1157;0.43248;0.024384;0.416032
1158;0.424;0.024352;0.407744
1159;0.432416;0.02432;0.415488
1160;0.441856;0.023552;0.416896
1161;0.433408;0.024352;0.41568
1162;0.432384;0.023552;0.416992
1163;0.389216;0.024576;0.416288
1164;0.4336;0.024352;0.417024
1165;0.432864;0.023552;0.41584
1166;0.432;0.024576;0.416544
1167;0.432416;0.024352;0.415808
1168;0.432288;0.02432;0.416704
1169;0.432512;0.024352;0.406848
1170;0.432864;0.02432;0.407776
1171;0.432512;0.024384;0.398208
1172;0.432672;0.024352;0.398624
1173;0.43248;0.02432;0.406752
1174;0.432608;0.023552;0.39888
1175;0.433344;0.02432;0.398304
1176;0.432544;0.02432;0.398624
1177;0.432672;0.024576;0.397024
1178;0.43264;0.024576;0.398592
1179;0.430464;0.024352;0.407072
1180;0.432928;0.025376;0.407264
1181;0.423296;0.024352;0.405952
1182;0.432928;0.025376;0.406976
1183;0.430464;0.023552;0.408544
1184;0.430592;0.024576;0.416736
1185;0.432544;0.024384;0.416512
1186;0.429984;0.02432;0.417504
1187;0.432896;0.02432;0.415456
1188;0.432608;0.023552;0.417024
1189;0.43248;0.023552;0.41632
1190;0.432384;0.024576;0.416576
1191;0.432288;0.023552;0.41552
1192;0.4328;0.024352;0.407968
1193;0.432448;0.024384;0.415456
1194;0.432864;0.024352;0.417152
1195;0.43328;0.024576;0.406272
1196;0.432736;0.025344;0.40736
1197;0.432608;0.025376;0.406464
1198;0.432768;0.02432;0.398016
1199;0.423392;0.023552;0.39824
1200;0.432224;0.024352;0.407488
1201;0.388608;0.02432;0.415936
1202;0.432576;0.02432;0.416608
1203;0.441728;0.024576;0.415616
1204;0.430208;0.024352;0.4216
1205;0.430816;0.024352;0.41712
1206;0.432736;0.025344;0.416544
1207;0.43248;0.023552;0.416
1208;0.432864;0.02432;0.4168
1209;0.43248;0.024448;0.425216
1210;0.432736;0.023552;0.422112
1211;0.432128;0.023552;0.420608
1212;0.432992;0.023552;0.421888
1213;0.432544;0.024576;0.420608
1214;0.432288;0.025344;0.416768
1215;0.432672;0.02368;0.415712
1216;0.432672;0.024416;0.41664
1217;0.432768;0.023776;0.416128
1218;0.43264;0.024352;0.416512
1219;0.432512;0.02432;0.416032
1220;0.432736;0.024384;0.399136
1221;0.432448;0.023552;0.407008
1222;0.432736;0.024448;0.40736
1223;0.432896;0.024352;0.40624
1224;0.430688;0.023552;0.399616
1225;0.422496;0.023552;0.407104
1226;0.432576;0.024576;0.399232
1227;0.432608;0.023552;0.415328
1228;0.432064;0.024352;0.416768
1229;0.432512;0.02432;0.415488
1230;0.432448;0.023776;0.40832
1231;0.432704;0.024352;0.415552
1232;0.432832;0.023552;0.416544
1233;0.432224;0.024352;0.406528
1234;0.432672;0.024352;0.416608
1235;0.432704;0.024352;0.415488
1236;0.432384;0.024576;0.416544
1237;0.433184;0.023776;0.415616
1238;0.433024;0.02432;0.417024
1239;0.43232;0.02432;0.416032
1240;0.43248;0.023552;0.416704
1241;0.432128;0.023552;0.41552
1242;0.38944;0.024416;0.426016
1243;0.441568;0.02432;0.407136
1244;0.433376;0.024352;0.408
1245;0.43376;0.024352;0.406752
1246;0.432352;0.02432;0.41648
1247;0.423648;0.02384;0.416128
1248;0.432672;0.023552;0.416928
1249;0.438976;0.023552;0.416032
1250;0.432736;0.024576;0.407232
1251;0.432512;0.024576;0.415456
1252;0.441856;0.023552;0.40816
1253;0.441728;0.023552;0.406272
1254;0.432352;0.025376;0.407328
1255;0.432736;0.02432;0.406528
1256;0.432768;0.023552;0.408
1257;0.4328;0.023552;0.415584
1258;0.432832;0.024416;0.416832
1259;0.432512;0.02432;0.41552
1260;0.432672;0.024352;0.417184
1261;0.432416;0.024352;0.416032
1262;0.432832;0.024576;0.416768
1263;0.441856;0.023552;0.406752
1264;0.43328;0.024352;0.407232
1265;0.43248;0.024352;0.416576
1266;0.432704;0.023552;0.416704
1267;0.438944;0.023552;0.416832
1268;0.432992;0.024576;0.41712
1269;0.356672;0.023552;0.416256
1270;0.432736;0.024384;0.41648
1271;0.430432;0.023712;0.407392
1272;0.438848;0.024576;0.416768
1273;0.43232;0.02432;0.415232
1274;0.432064;0.023552;0.416448
1275;0.433152;0.02432;0.406784
1276;0.43248;0.024416;0.407776
1277;0.432448;0.024352;0.40624
1278;0.43328;0.024352;0.518752
1279;0.43248;0.024576;0.397312
1280;0.43264;0.023776;0.421632
1281;0.423264;0.023648;0.398112
1282;0.432672;0.023552;0.412896
1283;0.43088;0.024576;0.421632
1284;0.430592;0.024576;0.408128
1285;0.432512;0.023552;0.415808
1286;0.439104;0.024352;0.417312
1287;0.43264;0.023552;0.416032
1288;0.432896;0.025376;0.416224
1289;0.43216;0.023552;0.415808
1290;0.432736;0.025344;0.416448
1291;0.432512;0.023552;0.415552
1292;0.432544;0.025376;0.416736
1293;0.43216;0.023776;0.416512
1294;0.432704;0.024352;0.416704
1295;0.43248;0.025376;0.415552
1296;0.43232;0.024576;0.407168
1297;0.432704;0.025376;0.407104
1298;0.432032;0.02432;0.406592
1299;0.4328;0.023808;0.406784
1300;0.432864;0.024352;0.398048
1301;0.423552;0.024576;0.397568
1302;0.432864;0.024352;0.398048
1303;0.441376;0.02432;0.397632
1304;0.432832;0.024352;0.399232
1305;0.432512;0.02432;0.406176
1306;0.432832;0.024352;0.4072
1307;0.432512;0.024352;0.406848
1308;0.432736;0.02432;0.41696
1309;0.4328;0.023808;0.41696
1310;0.432768;0.023552;0.421632
1311;0.432864;0.023552;0.416064
1312;0.349536;0.025344;0.417728
1313;0.423264;0.023744;0.406208
1314;0.375936;0.023552;0.422304
1315;0.432192;0.02432;0.415424
1316;0.432704;0.024352;0.416256
1317;0.432544;0.024416;0.416032
1318;0.43264;0.02432;0.408032
1319;0.43248;0.024352;0.40736
1320;0.432768;0.02432;0.407552
1321;0.432448;0.023808;0.397088
1322;0.432736;0.023552;0.407328
1323;0.432576;0.024352;0.406336
1324;0.433696;0.02432;0.3992
1325;0.432544;0.023712;0.406688
1326;0.432576;0.023744;0.398624
1327;0.43248;0.023552;0.39808
1328;0.432608;0.025344;0.40848
1329;0.432992;0.02432;0.40688
1330;0.429888;0.023552;0.41728
1331;0.43248;0.023552;0.41552
1332;0.432704;0.024352;0.417184
1333;0.43264;0.02432;0.416
1334;0.432736;0.02432;0.398944
1335;0.423328;0.024576;0.406272
1336;0.432608;0.024576;0.407328
1337;0.432512;0.024576;0.406272
1338;0.43232;0.025376;0.420832
1339;0.43296;0.024576;0.41552
1340;0.429984;0.025344;0.416832
1341;0.432192;0.023552;0.416096
1342;0.432864;0.024576;0.408096
1343;0.43264;0.024416;0.407104
1344;0.432736;0.023552;0.399584
1345;0.43248;0.025344;0.398624
1346;0.430912;0.024576;0.399456
1347;0.430496;0.023552;0.39888
1348;0.421952;0.023808;0.422624
1349;0.433184;0.024576;0.416288
1350;0.43264;0.023776;0.41648
1351;0.43312;0.02432;0.415904
1352;0.43232;0.023552;0.41712
1353;0.356736;0.023552;0.415488
1354;0.432736;0.02432;0.416544
1355;0.432576;0.023552;0.416192
1356;0.432672;0.023552;0.416544
1357;0.432512;0.02432;0.416
1358;0.432352;0.024352;0.415904
1359;0.433376;0.024576;0.406816
1360;0.432544;0.024352;0.416352
1361;0.432768;0.02432;0.41632
1362;0.471936;0.026624;1.19594
1363;0.473824;0.027424;0.447392
1364;0.474368;0.026624;0.457632
1365;0.473888;0.026624;0.456128
1366;0.471296;0.026624;0.440064
1367;0.474016;0.026624;0.4568
1368;0.465536;0.026624;0.448352
1369;0.474208;0.026624;0.43824
1370;0.474464;0.026624;0.462656
1371;0.473984;0.026624;0.456448
1372;0.474528;0.026624;0.44848
1373;0.474048;0.026624;0.456576
1374;0.47424;0.026624;0.457728
1375;0.47408;0.026624;0.438208
1376;0.474016;0.026624;0.439904
1377;0.473952;0.026624;0.45696
1378;0.464928;0.026624;0.439488
1379;0.474208;0.026624;0.438272
1380;0.472224;0.026624;0.45792
1381;0.473984;0.026624;0.549472
1382;0.474048;0.026624;0.448576
1383;0.474208;0.026624;0.456736
1384;0.473888;0.026624;0.439456
1385;0.475072;0.026624;0.45712
1386;0.474144;0.026624;0.457632
1387;0.474144;0.026624;0.447392
1388;0.480224;0.026624;0.449632
1389;0.474176;0.026624;0.456608
1390;0.473792;0.026624;0.448288
1391;0.47392;0.026624;0.438048
1392;0.474176;0.026624;0.448736
1393;0.473824;0.027424;0.45696
1394;0.47472;0.026624;0.448576
1395;0.47408;0.026624;0.456512
1396;0.47184;0.026624;0.458016
1397;0.464736;0.026624;0.43872
1398;0.47376;0.026624;0.44816
1399;0.47392;0.026624;0.456896
1400;0.47344;0.027424;0.448128
1401;0.473664;0.026624;0.461376
1402;0.474016;0.026624;0.457536
1403;0.483424;0.026624;0.446944
1404;0.474048;0.026624;0.462816
1405;0.47424;0.026624;0.446944
1406;0.482976;0.027392;0.439008
1407;0.473888;0.026624;0.447808
1408;0.473824;0.026624;0.457312
1409;0.473952;0.026624;0.446976
1410;0.473856;0.026624;0.449088
1411;0.473952;0.026624;0.456608
1412;0.47376;0.027424;0.439168
1413;0.473664;0.026624;0.447936
1414;0.474048;0.026624;0.457152
1415;0.474208;0.026624;0.447648
1416;0.473984;0.026624;0.46272
1417;0.411616;0.026624;0.4624
1418;0.482944;0.026624;0.448544
1419;0.473888;0.026624;0.461664
1420;0.471968;0.026624;0.448896
1421;0.4736;0.026624;0.446912
1422;0.474272;0.026624;0.457152
1423;0.4736;0.027424;0.447232
1424;0.473856;0.026624;0.439808
1425;0.473984;0.026624;0.456608
1426;0.473824;0.026624;0.439488
1427;0.474112;0.026624;0.448096
1428;0.474112;0.026624;0.45712
1429;0.474432;0.026624;0.447328
1430;0.474016;0.026624;0.46256
1431;0.47424;0.026624;0.456256
1432;0.474048;0.026624;0.439584
1433;0.47392;0.026624;0.447232
1434;0.474336;0.026624;0.457536
1435;0.473664;0.026624;0.447424
1436;0.483232;0.026624;0.43904
1437;0.473856;0.026624;0.456576
1438;0.474784;0.026624;0.448
1439;0.465632;0.026624;0.447616
1440;0.464864;0.026624;0.44832
1441;0.47264;0.026624;0.45696
1442;0.48304;0.026624;0.439232
1443;0.473984;0.026624;0.45616
1444;0.47376;0.026624;0.457184
1445;0.473664;0.026624;0.446624
1446;0.474464;0.026624;0.457344
1447;0.473696;0.026624;0.457376
1448;0.439104;0.125952;0.462368
1449;0.483616;0.026624;0.456512
1450;0.481248;0.026688;0.448672
1451;0.474144;0.026624;0.4472
1452;0.474144;0.026624;0.449088
1453;0.482848;0.027392;0.44688
1454;0.474016;0.026624;0.44896
1455;0.473984;0.026624;0.456928
1456;0.473792;0.026624;0.448736
1457;0.474016;0.026624;0.448064
1458;0.474304;0.026624;0.457696
1459;0.473632;0.026624;0.447552
1460;0.47376;0.026624;0.448224
1461;0.473664;0.026624;0.470944
1462;0.474048;0.027392;0.43936
1463;0.47392;0.027392;0.45664
1464;0.474304;0.026624;0.458528
1465;0.47488;0.026624;0.44736
1466;0.473504;0.026624;0.447872
1467;0.43072;0.026624;0.457472
1468;0.47392;0.026624;0.43904
1469;0.474048;0.026624;0.447456
1470;0.474208;0.026624;0.449248
1471;0.47392;0.026624;0.448128
1472;0.483072;0.027424;0.439104
1473;0.473856;0.026624;0.447616
1474;0.47408;0.026624;0.448
1475;0.47424;0.026624;0.439232
1476;0.474112;0.026688;0.448352
1477;0.473568;0.026624;0.447424
1478;0.474688;0.026624;0.448544
1479;0.47408;0.026624;0.4624
1480;0.474112;0.026624;0.45744
1481;0.474784;0.026624;0.447424
1482;0.474176;0.026624;0.4576
1483;0.472512;0.027424;0.457408
1484;0.4216;0.026624;0.547616
1485;0.474496;0.026624;0.456896
1486;0.474048;0.026624;0.448192
1487;0.473664;0.026624;0.438272
1488;0.474176;0.026624;0.457472
1489;0.47376;0.026624;0.456128
1490;0.483008;0.027424;0.439392
1491;0.473952;0.026624;0.45696
1492;0.472192;0.026624;0.457856
1493;0.46528;0.026624;0.438944
1494;0.474144;0.026624;0.448736
1495;0.473984;0.026624;0.456864
1496;0.473888;0.026624;0.44848
1497;0.474016;0.026624;0.46048
1498;0.464704;0.026624;0.44848
1499;0.473824;0.026624;0.447392
1500;0.483264;0.026624;0.458112
1501;0.47392;0.026624;0.45648
1502;0.481568;0.027392;0.439776
1503;0.4648;0.026624;0.456096
1504;0.474368;0.026624;0.457536
1505;0.47392;0.026624;0.438208
1506;0.473792;0.026624;0.439168
1507;0.473952;0.026624;0.45696
1508;0.473824;0.027392;0.456512
1509;0.474304;0.026624;0.438272
1510;0.474176;0.026624;0.457152
1511;0.473984;0.026624;0.44688
1512;0.474048;0.026624;0.462624
1513;0.47408;0.0264;0.461184
1514;0.47408;0.027424;0.551328
1515;0.4744;0.026624;0.452608
1516;0.474112;0.026624;0.457824
1517;0.465472;0.026624;0.44768
1518;0.465152;0.026624;0.462368
1519;0.47408;0.026624;0.456672
1520;0.474368;0.026624;0.44784
1521;0.47392;0.026624;0.45616
1522;0.474048;0.026624;0.457632
1523;0.47408;0.026624;0.447392
1524;0.464992;0.026624;0.448224
1525;0.474048;0.026624;0.456192
1526;0.483168;0.026624;0.447648
1527;0.47392;0.026624;0.448032
1528;0.474272;0.026624;0.439136
1529;0.474336;0.026624;0.438496
1530;0.47232;0.026624;0.449728
1531;0.483136;0.026624;0.45648
1532;0.474016;0.026624;0.438944
1533;0.474784;0.026624;0.45664
1534;0.474112;0.026624;0.449152
1535;0.482816;0.026624;0.447232
1536;0.464864;0.026624;0.448672
1537;0.4736;0.026624;0.446912
1538;0.473888;0.026624;0.457408
1539;0.474048;0.026624;0.45728
1540;0.473984;0.026624;0.439488
1541;0.473824;0.026624;0.447584
1542;0.474144;0.026624;0.4576
1543;0.483072;0.027392;0.456416
1544;0.474112;0.027424;0.449248
1545;0.420928;0.026624;0.470848
1546;0.474048;0.026624;0.448352
1547;0.472224;0.026624;0.456896
1548;0.480544;0.026624;0.440064
1549;0.471968;0.026624;0.456928
1550;0.474048;0.027424;0.4576
1551;0.474016;0.026624;0.438176
1552;0.47408;0.026624;0.458016
1553;0.47408;0.026624;0.45664
1554;0.47408;0.026624;0.448256
1555;0.473952;0.026624;0.447744
1556;0.474112;0.026624;0.4576
1557;0.465344;0.026624;0.447456
1558;0.474144;0.026656;0.457344
1559;0.473664;0.026624;0.45744
1560;0.47408;0.026624;0.447968
1561;0.473952;0.026624;0.44832
1562;0.472352;0.026624;0.448768
1563;0.472032;0.026624;0.439616
1564;0.471136;0.026688;0.449376
1565;0.480704;0.026624;0.457088
1566;0.474144;0.026624;0.438272
1567;0.47392;0.026624;0.456608
1568;0.473792;0.026624;0.45712
1569;0.473888;0.026624;0.447328
1570;0.474144;0.026624;0.448576
1571;0.474048;0.026624;0.456672
1572;0.474112;0.026624;0.43888
1573;0.474656;0.026624;0.457344
1574;0.47408;0.026624;0.45776
1575;0.474016;0.026624;0.44736
1576;0.474464;0.026624;0.448352
1577;0.47232;0.026624;0.456992
1578;0.480512;0.026624;0.448704
1579;0.471872;0.026624;0.448928
1580;0.534176;0.027392;0.476288
1581;0.474016;0.026624;0.43824
1582;0.474208;0.026624;0.46288
1583;0.474208;0.026624;0.456448
1584;0.474112;0.026624;0.447872
1585;0.47408;0.026624;0.456224
1586;0.473888;0.026624;0.457536
1587;0.474016;0.026624;0.447392
1588;0.473536;0.026624;0.457504
1589;0.47392;0.026624;0.447936
1590;0.474304;0.026624;0.44848
1591;0.474624;0.026624;0.44688
1592;0.47408;0.026624;0.439264
1593;0.474208;0.026624;0.447264
1594;0.471328;0.026624;0.45808
1595;0.473984;0.026624;0.43808
1596;0.474304;0.026624;0.448576
1597;0.473952;0.026624;0.456096
1598;0.474208;0.026624;0.438464
1599;0.473952;0.026624;0.446816
1600;0.474144;0.026624;0.457728
1601;0.474016;0.026624;0.456192
1602;0.474304;0.026624;0.44736
1603;0.474304;0.026624;0.462048
1604;0.465376;0.026624;0.448128
1605;0.4832;0.026624;0.447488
1606;0.474144;0.026624;0.457088
1607;0.473696;0.026624;0.456416
1608;0.474304;0.026656;0.439136
1609;0.474208;0.026624;0.461664
1610;0.473408;0.027392;0.448512
1611;0.472256;0.026624;0.447744
1612;0.617504;0.026624;0.472064
1613;0.473984;0.026624;0.438176
1614;0.474144;0.026624;0.4536
1615;0.474304;0.026624;0.456768
1616;0.47344;0.026624;0.448416
1617;0.474112;0.026624;0.447648
1618;0.464992;0.026624;0.447936
1619;0.473984;0.0264;0.447488
1620;0.473728;0.026624;0.456864
1621;0.473984;0.026624;0.456096
1622;0.474336;0.026624;0.448672
1623;0.47408;0.026624;0.44736
1624;0.471328;0.026624;0.457952
1625;0.473952;0.026624;0.44752
1626;0.474176;0.026624;0.439264
1627;0.474624;0.026624;0.456096
1628;0.473952;0.027392;0.447936
1629;0.473664;0.026624;0.448352
1630;0.474176;0.026624;0.457728
1631;0.473856;0.026624;0.456512
1632;0.474112;0.026624;0.439296
1633;0.474592;0.026624;0.457472
1634;0.474112;0.026656;0.4576
1635;0.474144;0.026624;0.43776
1636;0.474112;0.026624;0.456576
1637;0.473952;0.026624;0.4568
1638;0.473664;0.026624;0.447968
1639;0.47424;0.026624;0.456416
1640;0.474112;0.026624;0.447744
1641;0.472256;0.026624;0.448032
1642;0.474144;0.026624;0.44864
1643;0.465376;0.026624;0.44736
1644;0.48288;0.026624;0.448416
1645;0.473696;0.026624;0.45264
1646;0.474112;0.026624;0.462624
1647;0.474208;0.026624;0.438784
1648;0.474112;0.026624;0.457568
1649;0.420832;0.026624;0.466176
1650;0.474048;0.026624;0.44736
1651;0.47392;0.026624;0.456128
1652;0.474048;0.026624;0.439264
1653;0.474304;0.026624;0.44736
1654;0.474368;0.026624;0.457248
1655;0.473888;0.026624;0.447168
1656;0.474048;0.026624;0.462816
1657;0.46496;0.026624;0.447456
1658;0.472032;0.026624;0.448352
1659;0.473888;0.026624;0.447328
1660;0.473824;0.026624;0.457216
1661;0.482848;0.026624;0.447392
1662;0.47408;0.026624;0.457376
1663;0.474976;0.026624;0.456768
1664;0.47408;0.026624;0.448416
1665;0.473696;0.026624;0.460832
1666;0.474112;0.026624;0.456864
1667;0.474016;0.026624;0.448096
1668;0.474272;0.026624;0.457088
1669;0.47424;0.026624;0.44736
1670;0.47424;0.026624;0.448384
1671;0.473632;0.026624;0.465984
1672;0.474176;0.026624;0.447968
1673;0.473952;0.026624;0.456448
1674;0.47408;0.026624;0.456576
1675;0.473664;0.026624;0.447168
1676;0.4744;0.026624;0.45712
1677;0.4648;0.026624;0.447488
1678;0.474112;0.026624;0.43904
1679;0.472352;0.026624;0.457536
1680;0.430944;0.026624;0.46688
1681;0.474432;0.026624;0.438752
1682;0.474048;0.026624;0.457696
1683;0.473984;0.026624;0.447392
1684;0.473856;0.026624;0.448224
1685;0.47392;0.026624;0.456672
1686;0.47408;0.026624;0.457728
1687;0.473952;0.026624;0.456288
1688;0.47424;0.026624;0.457376
1689;0.473856;0.027392;0.438336
1690;0.473952;0.026624;0.457408
1691;0.474208;0.026624;0.456768
1692;0.474208;0.026368;0.457472
1693;0.474208;0.026624;0.447616
1694;0.474272;0.026624;0.457632
1695;0.474048;0.026624;0.447424
1696;0.474272;0.026624;0.454336
1697;0.473856;0.026624;0.456224
1698;0.471968;0.026624;0.448928
1699;0.472704;0.026624;0.456864
1700;0.473824;0.026624;0.4576
1701;0.474208;0.026624;0.447328
1702;0.474144;0.026624;0.448512
1703;0.473696;0.026624;0.456064
1704;0.474208;0.026624;0.439008
1705;0.474208;0.026624;0.461888
1706;0.474144;0.026624;0.457504
1707;0.474944;0.026624;0.446944
1708;0.474112;0.026624;0.456608
1709;0.473664;0.026624;0.457792
1710;0.47408;0.026624;0.439104
1711;0.471904;0.026624;0.457056
1712;0.473984;0.026624;0.457376
1713;0.473984;0.026624;0.438208
1714;0.473824;0.026624;0.457792
1715;0.473984;0.026624;0.4568
1716;0.474016;0.026624;0.555808
1717;0.474176;0.026624;0.461856
1718;0.474048;0.026624;0.457184
1719;0.47392;0.026624;0.448032
1720;0.47408;0.026624;0.462688
1721;0.47424;0.026624;0.456832
1722;0.475008;0.027392;0.448
1723;0.474464;0.026624;0.44752
1724;0.472064;0.027392;0.457824
1725;0.473856;0.026624;0.438848
1726;0.474112;0.026624;0.453408
1727;0.474752;0.026624;0.45664
1728;0.473824;0.026624;0.438816
1729;0.473632;0.026624;0.456672
1730;0.474144;0.026624;0.457376
1731;0.474016;0.026624;0.438688
1732;0.474336;0.026624;0.448224
1733;0.47472;0.026624;0.457088
1734;0.474208;0.026624;0.447712
1735;0.473888;0.026624;0.456864
1736;0.46512;0.026624;0.448352
1737;0.474208;0.026624;0.446912
1738;0.474304;0.026624;0.447872
1739;0.473984;0.026624;0.44848
1740;0.474976;0.026624;0.439296
1741;0.473888;0.026624;0.461376
1742;0.46496;0.026624;0.448608
1743;0.472224;0.026624;0.448608
1744;0.474336;0.026624;0.457376
1745;0.473952;0.026624;0.456192
1746;0.474112;0.026624;0.448512
1747;0.473984;0.026624;0.460832
1748;0.464992;0.026624;0.44816
1749;0.422144;0.026624;0.552672
1750;0.474176;0.026624;0.457408
1751;0.474208;0.026624;0.438784
1752;0.473792;0.027392;0.447936
1753;0.47392;0.026624;0.456768
1754;0.471232;0.026624;0.448512
1755;0.48064;0.026624;0.438432
1756;0.471328;0.026624;0.458144
1757;0.483136;0.026624;0.446848
1758;0.474112;0.026624;0.439712
1759;0.473984;0.026624;0.45616
1760;0.474304;0.026624;0.457376
1761;0.473952;0.027392;0.447488
1762;0.47376;0.026624;0.456864
1763;0.473952;0.026624;0.457248
1764;0.473856;0.026624;0.448448
1765;0.473664;0.026624;0.456096
1766;0.47408;0.027456;0.439776
1767;0.473984;0.026624;0.456896
1768;0.474432;0.027424;0.457248
1769;0.473984;0.026624;0.447424
1770;0.474016;0.026624;0.45744
1771;0.473952;0.026624;0.4568
1772;0.474048;0.026624;0.439584
1773;0.464736;0.026624;0.446912
1774;0.474016;0.026624;0.457888
1775;0.473888;0.026624;0.44704
1776;0.474208;0.026624;0.458016
1777;0.473952;0.026624;0.447552
1778;0.47472;0.026624;0.448608
1779;0.405568;0.026624;0.556992
1780;0.48128;0.026624;0.457888
1781;0.473952;0.026624;0.45616
1782;0.47408;0.026624;0.448608
1783;0.47376;0.027392;0.456448
1784;0.46496;0.026624;0.448864
1785;0.474016;0.026624;0.447296
1786;0.474176;0.026624;0.448096
1787;0.474112;0.026624;0.456768
1788;0.47376;0.026624;0.457472
1789;0.473632;0.0264;0.446752
1790;0.47408;0.026624;0.462624
1791;0.473984;0.026624;0.456576
1792;0.474176;0.026624;0.439424
1793;0.473856;0.026624;0.456704
1794;0.472064;0.026624;0.458208
1795;0.481536;0.026624;0.44768
1796;0.474272;0.026624;0.457568
1797;0.474528;0.026624;0.447744
1798;0.47408;0.026624;0.439136
1799;0.473664;0.026624;0.465696
1800;0.474272;0.026624;0.457632
1801;0.47424;0.026624;0.447392
1802;0.474048;0.027392;0.457952
1803;0.473952;0.027392;0.457216
1804;0.47392;0.026624;0.438784
1805;0.473696;0.026624;0.456384
1806;0.4744;0.026624;0.457472
1807;0.473824;0.027424;0.44784
1808;0.474048;0.026624;0.44848
1809;0.473952;0.026624;0.564096
1810;0.481536;0.026624;0.44928
1811;0.4648;0.026624;0.4472
1812;0.474304;0.026624;0.447616
1813;0.473728;0.027424;0.456992
1814;0.464928;0.026624;0.448416
1815;0.474016;0.026624;0.438976
1816;0.441536;0.024576;0.415872
1817;0.439136;0.024576;0.425088
1818;0.441312;0.024576;0.415648
1819;0.44096;0.024576;0.428928
1820;0.441056;0.024576;0.424704
1821;0.439296;0.024576;0.424544
1822;0.441344;0.024576;0.42528
1823;0.440864;0.024576;0.414624
1824;0.431872;0.024576;0.416096
1825;0.441536;0.024576;0.407008
1826;0.431872;0.025344;0.415712
1827;0.440928;0.024576;0.41456
1828;0.441152;0.024576;0.415712
1829;0.441408;0.024576;0.423872
1830;0.440832;0.024576;0.421184
1831;0.441376;0.024576;0.424352
1832;0.440768;0.024576;0.424768
1833;0.440896;0.024576;0.424064
1834;0.440672;0.024576;0.425632
1835;0.438624;0.024576;0.416672
1836;0.441088;0.024576;0.4248
1837;0.431776;0.024576;0.405344
1838;0.440768;0.024576;0.4072
1839;0.450304;0.024576;0.414624
1840;0.440768;0.024576;0.416224
1841;0.440576;0.024576;0.428864
1842;0.441376;0.024576;0.425216
1843;0.448224;0.024576;0.424544
1844;0.441312;0.024576;0.424768
1845;0.441536;0.024576;0.416032
1846;0.441088;0.024576;0.406336
1847;0.488096;0.024576;0.42448
1848;0.441088;0.024576;0.4248
1849;0.440608;0.024576;0.42384
1850;0.441184;0.024576;0.424928
1851;0.44064;0.024576;0.415072
1852;0.441696;0.024576;0.41664
1853;0.440896;0.024576;0.414592
1854;0.441248;0.024576;0.406912
1855;0.441056;0.024576;0.424224
1856;0.441088;0.024576;0.424832
1857;0.44096;0.024576;0.429952
1858;0.4408;0.025344;0.424576
1859;0.441216;0.024576;0.429952
1860;0.440736;0.024576;0.425088
1861;0.440576;0.024576;0.42384
1862;0.441088;0.024576;0.416928
1863;0.441984;0.024576;0.415136
1864;0.44112;0.024576;0.415648
1865;0.442016;0.024576;0.405888
1866;0.441216;0.024576;0.415264
1867;0.440928;0.024576;0.406464
1868;0.441088;0.024576;0.406336
1869;0.440992;0.024576;0.416288
1870;0.438528;0.024576;0.42512
1871;0.450336;0.025376;0.424128
1872;0.438368;0.024576;0.416352
1873;0.44128;0.024576;0.428896
1874;0.44112;0.024576;0.425312
1875;0.441088;0.024576;0.4248
1876;0.44112;0.025376;0.424672
1877;0.44096;0.024576;0.424416
1878;0.4408;0.024576;0.416192
1879;0.4408;0.024576;0.42416
1880;0.441184;0.024576;0.425024
1881;0.440896;0.024576;0.42432
1882;0.386784;0.024576;0.434784
1883;0.44064;0.024576;0.414624
1884;0.441376;0.025376;0.407392
1885;0.440896;0.024576;0.415168
1886;0.441088;0.024576;0.416768
1887;0.448416;0.024576;0.424672
1888;0.441376;0.024576;0.425088
1889;0.441024;0.024576;0.423968
1890;0.441408;0.024576;0.4248
1891;0.441152;0.024576;0.414592
1892;0.441184;0.024576;0.425312
1893;0.440928;0.024576;0.424352
1894;0.431936;0.024576;0.41552
1895;0.440928;0.025376;0.42384
1896;0.441024;0.024576;0.42992
1897;0.44192;0.024576;0.424608
1898;0.440704;0.024576;0.424896
1899;0.441568;0.024576;0.42432
1900;0.440768;0.024576;0.4248
1901;0.440864;0.024576;0.41504
1902;0.441088;0.024576;0.415648
1903;0.440928;0.025344;0.41536
1904;0.432512;0.024576;0.406976
1905;0.44112;0.024576;0.40592
1906;0.432032;0.024576;0.40688
1907;0.440928;0.024576;0.424288
1908;0.440736;0.024576;0.428928
1909;0.442688;0.024576;0.416896
1910;0.441024;0.024576;0.429952
1911;0.440608;0.024576;0.42432
1912;0.441056;0.024576;0.424832
1913;0.441184;0.024576;0.424
1914;0.431776;0.024576;0.415808
1915;0.440928;0.024576;0.415648
1916;0.440736;0.025344;0.414688
1917;0.44096;0.024576;0.428896
1918;0.441888;0.024576;0.4248
1919;0.577568;0.024576;0.438688
1920;0.441184;0.024576;0.425088
1921;0.44096;0.024576;0.423904
1922;0.44128;0.024576;0.42496
1923;0.44096;0.024576;0.42416
1924;0.441216;0.024576;0.43008
1925;0.440768;0.024576;0.423936
1926;0.431968;0.024576;0.424768
1927;0.441312;0.024576;0.424864
1928;0.440736;0.024576;0.425472
1929;0.449824;0.024576;0.41456
1930;0.44096;0.024576;0.41568
1931;0.441088;0.024576;0.414592
1932;0.4408;0.024576;0.407424
1933;0.440864;0.024576;0.415072
1934;0.44096;0.024576;0.415584
1935;0.440896;0.024576;0.423776
1936;0.432704;0.024576;0.415904
1937;0.441152;0.0256;0.423808
1938;0.44112;0.024576;0.425472
1939;0.44096;0.024576;0.424384
1940;0.43296;0.025344;0.42512
1941;0.441024;0.024576;0.424544
1942;0.44112;0.024576;0.424864
1943;0.440928;0.024576;0.414816
1944;0.441344;0.024576;0.40672
1945;0.44096;0.024576;0.41456
1946;0.44176;0.024576;0.415648
1947;0.440864;0.024576;0.429408
1948;0.441024;0.024576;0.42448
1949;0.44096;0.024576;0.428896
1950;0.441376;0.024576;0.424832
1951;0.441504;0.024576;0.414784
1952;0.440864;0.024576;0.415552
1953;0.44112;0.024576;0.405888
1954;0.441184;0.024576;0.424928
1955;0.441376;0.025376;0.423808
1956;0.441216;0.024576;0.42992
1957;0.431776;0.024576;0.406912
1958;0.44128;0.024576;0.425152
1959;0.432288;0.024576;0.414912
1960;0.38832;0.024576;0.439616
1961;0.440992;0.024576;0.415104
1962;0.44112;0.024608;0.407232
1963;0.440832;0.024576;0.416096
1964;0.440928;0.024576;0.407296
1965;0.431712;0.024576;0.41472
1966;0.441152;0.024576;0.416352
1967;0.44064;0.024576;0.424608
1968;0.440928;0.025376;0.425504
1969;0.44112;0.024576;0.424096
1970;0.44128;0.024576;0.42992
1971;0.431808;0.024576;0.41472
1972;0.441376;0.024576;0.425536
1973;0.440928;0.024576;0.423744
1974;0.440768;0.025344;0.424768
1975;0.441152;0.024576;0.41504
1976;0.44112;0.024576;0.40688
1977;0.440992;0.024576;0.414944
1978;0.431872;0.024576;0.407072
1979;0.440928;0.024576;0.4064
1980;0.441088;0.024576;0.406336
1981;0.441184;0.025376;0.415456
1982;0.441152;0.024576;0.424896
1983;0.439552;0.024576;0.416128
1984;0.441056;0.025376;0.429952
1985;0.44096;0.024576;0.415232
1986;0.441056;0.024576;0.425472
1987;0.440608;0.024576;0.424128
1988;0.440832;0.024576;0.4248
1989;0.441216;0.024576;0.424128
1990;0.441088;0.027648;0.416352
1991;0.431872;0.024576;0.414592
1992;0.441088;0.024576;0.406816
1993;0.441184;0.024576;0.41488
1994;0.440736;0.024576;0.40672
1995;0.440672;0.024576;0.424288
1996;0.498784;0.024576;0.430432
1997;0.440832;0.024576;0.423808
1998;0.440992;0.024576;0.424832
1999;0.44064;0.024576;0.424096
2000;0.440768;0.025344;0.415808
2001;0.441056;0.024576;0.414688
2002;0.441088;0.024576;0.416256
2003;0.441024;0.024576;0.41536
2004;0.432064;0.024576;0.4248
2005;0.44128;0.024576;0.428192
2006;0.44048;0.024576;0.416
2007;0.44112;0.024576;0.424288
2008;0.441216;0.024576;0.425088
2009;0.440896;0.024576;0.424576
2010;0.44112;0.024576;0.424864
2011;0.441184;0.024576;0.425152
2012;0.441472;0.024576;0.425056
2013;0.440672;0.025376;0.415424
2014;0.440832;0.024576;0.415616
2015;0.441792;0.024576;0.414592
2016;0.441248;0.024576;0.406688
2017;0.44096;0.024576;0.428896
2018;0.441568;0.025344;0.4248
2019;0.441216;0.024576;0.428896
2020;0.441056;0.025376;0.4248
2021;0.441152;0.024576;0.42432
2022;0.441152;0.024576;0.42528
2023;0.431872;0.024576;0.415616
2024;0.441312;0.024576;0.425408
2025;0.440896;0.024576;0.42432
2026;0.44096;0.025344;0.415232
2027;0.440736;0.024576;0.406144
2028;0.440704;0.024576;0.407264
2029;0.441056;0.024576;0.41488
2030;0.440704;0.024576;0.425024
2031;0.431872;0.024576;0.424608
2032;0.432416;0.027392;0.416064
2033;0.440608;0.024576;0.424352
2034;0.441344;0.024576;0.42512
2035;0.44128;0.024576;0.405984
2036;0.441152;0.024576;0.40656
2037;0.441504;0.024576;0.415104
2038;0.441824;0.025344;0.415264
2039;0.442272;0.024576;0.424512
2040;0.441344;0.024576;0.430464
2041;0.440992;0.024576;0.41568
2042;0.4408;0.024576;0.425312
2043;0.441088;0.024576;0.424032
2044;0.431968;0.024576;0.415552
2045;0.440928;0.024576;0.424256
2046;0.441088;0.024576;0.415232
2047;0.440864;0.024576;0.415072
2048;0.431968;0.024576;0.425088
2049;0.441152;0.024576;0.428864
2050;0.43136;0.024576;0.406336
2051;0.44096;0.024576;0.423808
2052;0.441024;0.024576;0.42528
2053;0.440672;0.024576;0.41504
2054;0.440928;0.024576;0.415744
2055;0.440704;0.024576;0.41488
2056;0.44064;0.024576;0.416032
2057;0.44096;0.024576;0.415328
2058;0.43184;0.024576;0.415744
2059;0.441664;0.024576;0.424352
2060;0.440928;0.024576;0.42528
2061;0.440896;0.024576;0.429152
2062;0.441088;0.024576;0.424864
2063;0.440992;0.024576;0.42992
2064;0.441056;0.024576;0.425312
2065;0.440928;0.024576;0.423904
2066;0.440576;0.024576;0.416256
2067;0.38784;0.024576;0.523808
2068;0.365152;0.024576;0.41616
2069;0.440864;0.024576;0.406656
2070;0.440768;0.024576;0.42992
2071;0.432128;0.024576;0.423968
2072;0.431808;0.024576;0.415648
2073;0.431648;0.024576;0.414496
2074;0.431584;0.024576;0.415616
2075;0.441152;0.024576;0.424288
2076;0.441056;0.024576;0.4248
2077;0.440704;0.024576;0.41568
2078;0.441024;0.024576;0.415648
2079;0.44096;0.024576;0.414624
2080;0.441088;0.024576;0.407008
2081;0.44096;0.024576;0.416256
2082;0.441056;0.024576;0.42992
2083;0.440992;0.024576;0.416352
2084;0.440992;0.024576;0.429888
2085;0.440928;0.024576;0.415744
2086;0.441312;0.024576;0.4248
2087;0.440544;0.024576;0.42384
2088;0.431808;0.024576;0.41584
2089;0.440768;0.024576;0.424256
2090;0.44112;0.024576;0.406848
2091;0.440992;0.024576;0.414624
2092;0.4408;0.024576;0.40688
2093;0.441152;0.024576;0.415488
2094;0.441216;0.024576;0.406944
2095;0.431872;0.024576;0.424512
2096;0.431968;0.024576;0.425312
2097;0.43264;0.024576;0.424032
2098;0.441248;0.025344;0.430464
2099;0.44096;0.024576;0.423808
2100;0.441824;0.024576;0.425248
2101;0.440928;0.024576;0.423872
2102;0.474208;0.024576;0.424992
2103;0.440928;0.024576;0.414784
2104;0.441024;0.024576;0.416352
2105;0.431808;0.024576;0.428928
2106;0.441184;0.024576;0.416352
2107;0.440928;0.024576;0.424032
2108;0.441024;0.024576;0.425344
2109;0.431744;0.024576;0.414624
2110;0.441088;0.025376;0.439744
2111;0.441088;0.024576;0.424096
2112;0.44112;0.024576;0.425184
2113;0.440704;0.024608;0.406176
2114;0.441056;0.024576;0.416032
2115;0.4408;0.024576;0.414496
2116;0.440768;0.024576;0.407616
2117;0.441088;0.024576;0.414592
2118;0.431936;0.024576;0.425088
2119;0.432256;0.024576;0.429184
2120;0.441088;0.024576;0.4248
2121;0.44064;0.024576;0.424064
2122;0.43184;0.024576;0.416032
2123;0.441088;0.025344;0.424032
2124;0.441248;0.024576;0.424832
2125;0.441024;0.024576;0.423872
2126;0.44096;0.024576;0.425248
2127;0.440608;0.024576;0.414944
2128;0.441376;0.024576;0.416352
2129;0.44096;0.024576;0.415328
2130;0.440416;0.025376;0.416384
2131;0.441088;0.024576;0.423904
2132;0.441056;0.024576;0.424864
2133;0.448;0.024576;0.42512
2134;0.441088;0.024576;0.41568
2135;0.44096;0.024576;0.41488
2136;0.450016;0.025344;0.415104
2137;0.469952;0.024576;0.424288
2138;0.441024;0.024576;0.424576
2139;0.440928;0.024576;0.423776
2140;0.441056;0.024576;0.416064
2141;0.441024;0.024576;0.406144
2142;0.440832;0.024576;0.416128
2143;0.4408;0.024576;0.414496
2144;0.441312;0.024576;0.42512
2145;0.440928;0.024576;0.42384
2146;0.440896;0.024576;0.424736
2147;0.440992;0.024576;0.424288
2148;0.440768;0.024576;0.424384
2149;0.440992;0.024576;0.42416
2150;0.440736;0.024576;0.425376
2151;0.440928;0.024576;0.423968
2152;0.441024;0.024576;0.407232
2153;0.440864;0.024576;0.414592
2154;0.441408;0.024576;0.415584
2155;0.432256;0.024576;0.42464
2156;0.441024;0.024576;0.430208
2157;0.44096;0.024576;0.424384
2158;0.441088;0.024576;0.424864
2159;0.440896;0.024576;0.424288
2160;0.44112;0.024576;0.425056
2161;0.44128;0.024576;0.42432
2162;0.441024;0.024576;0.425088
2163;0.440768;0.024576;0.415584
2164;0.440896;0.024576;0.415904
2165;0.440928;0.024576;0.415072
2166;0.450112;0.024576;0.415968
2167;0.44032;0.024576;0.415456
2168;0.441088;0.024576;0.428992
2169;0.432192;0.024576;0.424
2170;0.387744;0.024576;0.457824
2171;0.440864;0.024576;0.424096
2172;0.441056;0.024576;0.415648
2173;0.441024;0.024576;0.415072
2174;0.441408;0.024576;0.407968
2175;0.44096;0.025376;0.414784
2176;0.441344;0.024576;0.424864
2177;0.441344;0.024576;0.42944
2178;0.441152;0.024576;0.416032
2179;0.441216;0.024576;0.423936
2180;0.441248;0.024576;0.4248
2181;0.44096;0.024576;0.428672
2182;0.441056;0.024576;0.42512
2183;0.440672;0.024576;0.42384
2184;0.441056;0.024576;0.424832
2185;0.440672;0.024576;0.414688
2186;0.441056;0.024576;0.415584
2187;0.441728;0.024576;0.414784
2188;0.44064;0.024576;0.416224
2189;0.431904;0.024576;0.423872
2190;0.4416;0.024576;0.424992
2191;0.440992;0.024576;0.429184
2192;0.441184;0.024576;0.415552
2193;0.441184;0.024576;0.424448
2194;0.441056;0.025376;0.424896
2195;0.44112;0.024576;0.423808
2196;0.441728;0.024576;0.425632
2197;0.44064;0.024576;0.414592
2198;0.441088;0.024576;0.416576
2199;0.440672;0.024576;0.406464
2200;0.44112;0.024576;0.416512
2201;0.441472;0.025344;0.424416
2202;0.44112;0.024576;0.425184
2203;0.44096;0.024576;0.424256
2204;0.441184;0.025344;0.425312
2205;0.440576;0.024576;0.428896
2206;0.4408;0.024576;0.425984
2207;0.440832;0.025376;0.415488
2208;0.44112;0.024576;0.406816
2209;0.440896;0.024576;0.415232
2210;0.441408;0.024576;0.41552
2211;0.441664;0.024576;0.4064
2212;0.440768;0.024576;0.430208
2213;0.431808;0.024576;0.423808
2214;0.44112;0.024576;0.42544
2215;0.441248;0.024576;0.423776
2216;0.570048;0.024576;0.439136
2217;0.440896;0.024576;0.415136
2218;0.440832;0.024576;0.41552
2219;0.441024;0.024576;0.414848
2220;0.450016;0.025344;0.41536
2221;0.440608;0.024576;0.41456
2222;0.441152;0.024576;0.425056
2223;0.440704;0.024576;0.424448
2224;0.441312;0.024576;0.430432
2225;0.441824;0.024576;0.424256
2226;0.441088;0.024576;0.439104
2227;0.431456;0.024576;0.414944
2228;0.440992;0.024576;0.4248
2229;0.44096;0.024576;0.424224
2230;0.440864;0.024576;0.4072
2231;0.450208;0.024576;0.415168
2232;0.4408;0.025344;0.415296
2233;0.441024;0.025344;0.428896
2234;0.432096;0.024576;0.416
2235;0.441088;0.024576;0.42384
2236;0.440992;0.024576;0.424992
2237;0.4416;0.024576;0.42448
2238;0.441248;0.024576;0.424864
2239;0.431744;0.024576;0.414592
2240;0.440768;0.024576;0.425216
2241;0.441152;0.024576;0.423872
2242;0.441088;0.024576;0.41584
2243;0.440864;0.024576;0.415104
2244;0.441184;0.024576;0.40704
2245;0.431776;0.024576;0.42416
2246;0.4408;0.025376;0.424672
2247;0.441024;0.024576;0.429216
2248;0.4408;0.024576;0.416704
2249;0.441088;0.024576;0.423872
2250;0.441152;0.024576;0.416192
2251;0.378784;0.024576;0.4336
2252;0.441536;0.024576;0.416256
2253;0.441472;0.024576;0.414624
2254;0.441088;0.024576;0.416128
2255;0.440928;0.024576;0.414592
2256;0.432832;0.024576;0.42528
2257;0.441056;0.024576;0.423808
2258;0.441248;0.024576;0.425152
2259;0.450176;0.024576;0.428864
2260;0.441056;0.024576;0.425312
2261;0.440864;0.024576;0.428896
2262;0.4408;0.024576;0.424768
2263;0.44064;0.024576;0.424512
2264;0.449952;0.024352;0.415872
2265;0.44096;0.024576;0.414944
2266;0.450464;0.024576;0.415648
2267;0.44096;0.024576;0.414912
2268;0.441184;0.025344;0.4304
2269;0.441472;0.024576;0.42384
2270;0.474048;0.026624;0.448768
2271;0.474016;0.026624;0.456544
2272;0.474208;0.027392;0.438912
2273;0.473984;0.026624;0.461376
2274;0.4744;0.026624;0.457792
2275;0.474048;0.026624;0.447776
2276;0.473728;0.026624;0.4576
2277;0.47392;0.026624;0.45696
2278;0.474112;0.026624;0.4392
2279;0.473856;0.026624;0.461856
2280;0.474208;0.026624;0.457856
2281;0.47424;0.026624;0.447488
2282;0.464928;0.026624;0.448224
2283;0.4208;0.026624;0.547392
2284;0.474048;0.026624;0.448384
2285;0.473568;0.026624;0.456928
2286;0.47408;0.026624;0.448384
2287;0.474016;0.026624;0.447328
2288;0.473824;0.026624;0.457472
2289;0.473952;0.026624;0.438144
2290;0.473728;0.027392;0.457152
2291;0.47408;0.026624;0.456544
2292;0.47408;0.026624;0.448096
2293;0.47408;0.026624;0.447424
2294;0.4744;0.026624;0.461504
2295;0.473984;0.026624;0.437952
2296;0.47424;0.026624;0.44816
2297;0.473952;0.026624;0.456192
2298;0.473792;0.026624;0.438784
2299;0.474208;0.026624;0.448448
2300;0.474336;0.026624;0.457472
2301;0.474176;0.026624;0.447168
2302;0.474112;0.027392;0.457024
2303;0.47504;0.026624;0.456352
2304;0.474112;0.028832;0.43904
2305;0.473984;0.026624;0.44736
2306;0.474336;0.026624;0.448032
2307;0.474624;0.026624;0.457216
2308;0.473664;0.026624;0.439072
2309;0.473984;0.026624;0.447424
2310;0.474112;0.026624;0.457216
2311;0.473952;0.026624;0.447136
2312;0.47424;0.026624;0.457824
2313;0.47408;0.026624;0.438272
2314;0.47408;0.026656;0.448416
2315;0.473952;0.026624;0.456608
2316;0.431264;0.026624;0.458112
2317;0.475264;0.028672;0.456832
2318;0.473696;0.026624;0.457312
2319;0.474304;0.026624;0.438752
2320;0.474144;0.026624;0.46288
2321;0.473984;0.026624;0.448128
2322;0.473728;0.026624;0.438624
2323;0.473984;0.026624;0.438176
2324;0.47408;0.026624;0.457472
2325;0.474208;0.026624;0.438176
2326;0.473856;0.027424;0.447232
2327;0.474144;0.026624;0.45664
2328;0.474176;0.026624;0.448576
2329;0.47376;0.026624;0.44688
2330;0.47408;0.026624;0.457504
2331;0.473984;0.026624;0.447328
2332;0.474176;0.027424;0.457056
2333;0.474208;0.026624;0.461376
2334;0.473792;0.026624;0.439136
2335;0.47408;0.026624;0.461856
2336;0.47424;0.026624;0.448896
2337;0.47392;0.026624;0.438176
2338;0.47408;0.027392;0.43904
2339;0.473952;0.026624;0.456096
2340;0.47408;0.026624;0.438944
2341;0.473632;0.026624;0.456096
2342;0.465568;0.026624;0.448288
2343;0.473952;0.026624;0.438656
2344;0.47376;0.026624;0.457408
2345;0.47392;0.026624;0.447904
2346;0.47408;0.026624;0.44
2347;0.474112;0.026624;0.448
2348;0.47376;0.026624;0.448128
2349;0.473952;0.026624;0.448032
2350;0.47376;0.026624;0.457824
2351;0.4736;0.026624;0.438112
2352;0.47392;0.026624;0.448864
2353;0.474112;0.026624;0.456096
2354;0.47408;0.026624;0.448832
2355;0.473952;0.026624;0.456128
2356;0.474112;0.027392;0.457056
2357;0.473984;0.026624;0.447296
2358;0.474048;0.026624;0.448416
2359;0.473952;0.026624;0.456128
2360;0.465216;0.026624;0.447808
2361;0.482816;0.026624;0.447584
2362;0.474304;0.026624;0.448288
2363;0.464832;0.026624;0.438464
2364;0.474048;0.026624;0.438848
2365;0.4736;0.026624;0.456736
2366;0.474112;0.026624;0.458016
2367;0.473952;0.026624;0.44736
2368;0.47408;0.026624;0.448896
2369;0.47408;0.026624;0.456128
2370;0.483456;0.026624;0.439616
2371;0.47392;0.026624;0.447904
2372;0.474304;0.026624;0.4624
2373;0.473984;0.026624;0.456768
2374;0.474272;0.026624;0.4576
2375;0.473952;0.027392;0.437664
2376;0.474176;0.026624;0.448448
2377;0.474112;0.026624;0.447584
2378;0.474112;0.026624;0.44864
2379;0.474144;0.026624;0.43792
2380;0.412224;0.026624;0.471616
2381;0.474016;0.026624;0.438272
2382;0.47408;0.026624;0.44784
2383;0.47424;0.026624;0.456576
2384;0.473792;0.026624;0.447648
2385;0.473696;0.026624;0.447616
2386;0.474112;0.029472;0.45776
2387;0.474304;0.026624;0.447392
2388;0.474176;0.027392;0.439168
2389;0.474048;0.026624;0.462432
2390;0.474048;0.026624;0.457824
2391;0.473888;0.026624;0.43824
2392;0.474304;0.026624;0.439904
2393;0.474048;0.026624;0.46576
2394;0.483488;0.026624;0.438816
2395;0.474624;0.026624;0.447488
2396;0.474048;0.026624;0.45696
2397;0.464768;0.026624;0.439296
2398;0.47408;0.026624;0.457696
2399;0.474272;0.026624;0.456832
2400;0.483328;0.026624;0.448032
2401;0.473984;0.026624;0.451616
2402;0.474144;0.026624;0.457568
2403;0.473568;0.026624;0.43776
2404;0.47424;0.026624;0.4576
2405;0.474944;0.026624;0.456416
2406;0.474208;0.026624;0.439136
2407;0.47408;0.026624;0.437728
2408;0.474016;0.026624;0.457952
2409;0.474816;0.026624;0.438144
2410;0.474304;0.026624;0.457312
2411;0.47392;0.026624;0.45616
2412;0.47408;0.026624;0.43872
2413;0.474048;0.026624;0.456352
2414;0.414656;0.026624;0.45776
2415;0.47408;0.026624;0.456608
2416;0.474304;0.027424;0.457344
2417;0.473984;0.026624;0.446912
2418;0.47392;0.026624;0.447904
2419;0.474272;0.026624;0.456064
2420;0.473792;0.026624;0.44784
2421;0.473888;0.026624;0.447744
2422;0.474144;0.026624;0.457472
2423;0.474016;0.026624;0.438272
2424;0.47424;0.026624;0.44832
2425;0.473952;0.026624;0.447968
2426;0.474048;0.026624;0.457536
2427;0.47408;0.026624;0.446976
2428;0.47376;0.026624;0.457344
2429;0.473632;0.027424;0.438176
2430;0.474432;0.026624;0.44832
2431;0.474432;0.026624;0.447008
2432;0.474048;0.026624;0.448832
2433;0.474112;0.026624;0.438144
2434;0.473728;0.026624;0.457312
2435;0.473984;0.026624;0.456832
2436;0.473984;0.026624;0.439296
2437;0.390624;0.026624;0.456064
2438;0.47408;0.026624;0.448896
2439;0.473568;0.026624;0.457408
2440;0.47376;0.026624;0.44864
2441;0.474176;0.026624;0.46192
2442;0.47376;0.026624;0.438624
2443;0.473824;0.026624;0.447296
2444;0.474112;0.026624;0.4488
2445;0.474272;0.026624;0.456608
2446;0.47424;0.026624;0.447904
2447;0.473856;0.026624;0.456448
2448;0.474368;0.026624;0.43808
2449;0.474272;0.026624;0.438144
2450;0.474048;0.026624;0.457856
2451;0.473888;0.026624;0.456096
2452;0.4744;0.026624;0.447968
2453;0.47408;0.026624;0.456096
2454;0.474336;0.026624;0.448352
2455;0.473952;0.026624;0.44752
2456;0.4744;0.026624;0.44832
2457;0.474112;0.026624;0.438336
2458;0.473952;0.026624;0.44832
2459;0.474048;0.026624;0.447552
2460;0.47408;0.026624;0.457536
2461;0.465056;0.026624;0.447296
2462;0.474112;0.026624;0.448096
2463;0.464672;0.026624;0.438208
2464;0.474208;0.026624;0.438976
2465;0.47392;0.026624;0.460864
2466;0.47424;0.026624;0.457472
2467;0.474688;0.026624;0.44736
2468;0.474272;0.029664;0.449344
2469;0.47152;0.026624;0.461856
2470;0.47408;0.026656;0.438816
2471;0.473952;0.026624;0.461376
2472;0.47376;0.026624;0.457504
2473;0.473952;0.026624;0.44736
2474;0.474144;0.026624;0.438752
2475;0.47408;0.026624;0.456064
2476;0.47488;0.026624;0.43856
2477;0.473984;0.026624;0.447872
2478;0.47408;0.026624;0.448352
2479;0.47408;0.026624;0.451648
2480;0.474048;0.026624;0.457088
2481;0.474176;0.026624;0.438208
2482;0.483264;0.026624;0.461888
2483;0.474016;0.026624;0.456512
2484;0.4744;0.026624;0.44848
2485;0.473952;0.026624;0.447776
2486;0.47408;0.026624;0.453248
2487;0.474176;0.026624;0.438432
2488;0.474336;0.026624;0.43872
2489;0.473984;0.026624;0.447872
2490;0.464928;0.026624;0.439744
2491;0.473952;0.026624;0.447424
2492;0.465024;0.026624;0.439136
2493;0.47376;0.026624;0.4568
2494;0.474592;0.027424;0.438624
2495;0.473792;0.026624;0.456608
2496;0.473824;0.026624;0.4576
