0;0.468416;0.0256;1.18474
1;0.470848;0.026624;0.664416
2;0.411104;0.023552;0.407232
3;0.431296;0.024576;0.749984
4;0.841408;0.050176;1.5567
5;1.00099;0.06144;1.85158
6;0.356512;0.02048;0.353856
7;0.452352;0.026624;0.448416
8;0.839936;0.050176;1.78301
9;0.355808;0.02048;0.353152
10;0.410656;0.02432;0.40672
11;0.07184;0.008192;0.069568
12;0.402272;0.024352;0.399584
13;0.452288;0.026624;0.448384
14;0.43104;0.0256;0.426624
15;0.419776;0.024576;0.415456
16;0.452416;0.026624;0.447712
17;0.410752;0.023552;0.412416
18;0.431008;0.024576;0.436512
19;0.841184;0.050176;0.831104
20;0.99376;0.06144;1.28762
21;0.356544;0.02048;0.353376
22;0.452576;0.026624;0.44848
23;0.838784;0.049152;0.828768
24;0.365376;0.02048;0.353824
25;0.411072;0.022528;0.406528
26;0.071616;0.008192;0.069472
27;0.402656;0.023552;0.408384
28;0.443232;0.026624;0.448352
29;0.431296;0.0256;0.426848
30;0.419424;0.024576;0.424832
31;0.452896;0.027424;0.447808
32;0.411008;0.02432;0.408
33;0.431328;0.024576;0.426656
34;0.841248;0.050176;0.831232
35;0.996416;0.061184;0.988064
36;0.356832;0.020768;0.3544
37;0.452736;0.026624;0.448672
38;0.839616;0.049152;0.82016
39;0.356128;0.02048;0.353696
40;0.409984;0.02432;0.406592
41;0.071616;0.008192;0.069472
42;0.402208;0.023296;0.4
43;0.452352;0.026624;0.448864
44;0.432288;0.0256;0.436064
45;0.419264;0.024576;0.424768
46;0.452352;0.026624;0.457376
47;0.411584;0.023552;0.407264
48;0.431328;0.024576;0.436288
49;0.841152;0.050176;0.82176
50;0.995456;0.06144;0.9888
51;0.356576;0.02048;0.354112
52;0.461632;0.026624;0.457792
53;0.839904;0.049184;0.828704
54;0.355776;0.02048;0.353056
55;0.410976;0.023328;0.406752
56;0.07168;0.008192;0.069472
57;0.402336;0.023552;0.409056
58;0.444064;0.026624;0.457472
59;0.394592;0.0256;0.478496
60;0.468096;0.024576;0.456544
61;0.48304;0.026624;0.447104
62;0.432;0.024352;0.420608
63;0.442976;0.024576;0.425504
64;0.874496;0.050176;0.830912
65;1.03325;0.061472;0.987712
66;0.377888;0.02048;0.353248
67;0.473472;0.026624;0.448352
68;0.874752;0.049152;0.827648
69;0.377312;0.02048;0.352992
70;0.431424;0.023552;0.438688
71;0.07168;0.008192;0.069472
72;0.423712;0.023552;0.417248
73;0.474048;0.026624;0.457376
74;0.45216;0.0256;0.435968
75;0.440736;0.024576;0.424576
76;0.473504;0.026624;0.446944
77;0.429376;0.02432;0.407776
78;0.452832;0.024576;0.42592
79;0.8768;0.050176;0.838816
80;1.04429;0.06144;0.987744
81;0.377728;0.021504;0.362976
82;0.47344;0.026624;0.46096
83;0.883712;0.049408;0.82688
84;0.384576;0.02048;0.36288
85;0.431616;0.022688;0.415168
86;0.071648;0.008192;0.069472
87;0.432512;0.022528;0.408064
88;0.473824;0.026624;0.447776
89;0.45232;0.0256;0.435232
90;0.440448;0.024576;0.428928
91;0.47392;0.027424;0.456384
92;0.432352;0.023552;0.407456
93;0.452576;0.024576;0.42592
94;0.886304;0.050176;0.829984
95;1.03827;0.06144;0.98336
96;0.378208;0.02048;0.362944
97;0.473984;0.026624;0.448256
98;0.872896;0.049152;0.829024
99;0.37696;0.02048;0.352128
100;0.431648;0.022528;0.423776
101;0.071648;0.008192;0.069504
102;0.431936;0.023552;0.408416
103;0.577056;0.026624;0.471072
104;0.452256;0.0256;0.42608
105;0.4408;0.024576;0.4248
106;0.472928;0.026624;0.447072
107;0.43232;0.02432;0.421056
108;0.452512;0.024576;0.425824
109;0.87728;0.049152;0.829696
110;1.05283;0.06144;0.997536
111;0.368928;0.020768;0.353248
112;0.474144;0.026624;0.447168
113;0.866912;0.049152;0.826944
114;0.37728;0.021504;0.35312
115;0.422208;0.023328;0.428992
116;0.071648;0.008192;0.069504
117;0.43216;0.023552;0.407776
118;0.474048;0.026624;0.447488
119;0.452672;0.0256;0.426496
120;0.447456;0.024576;0.425312
121;0.4736;0.026624;0.447328
122;0.423488;0.02432;0.407584
123;0.443712;0.024576;0.4256
124;0.88608;0.050176;0.839008
125;1.048;0.06144;0.98368
126;0.378176;0.021504;0.362976
127;0.465536;0.026624;0.448096
128;0.924704;0.049152;0.83664
129;0.376928;0.02048;0.353344
130;0.429664;0.023328;0.40688
131;0.071616;0.008192;0.069472
132;0.431904;0.023328;0.407488
133;0.473792;0.026624;0.448512
134;0.452864;0.0256;0.426592
135;0.440864;0.024576;0.424544
136;0.473632;0.026624;0.44704
137;0.432256;0.024352;0.421056
138;0.452672;0.024576;0.43584
139;0.87232;0.050176;0.821312
140;1.02938;0.06144;0.984064
141;0.376992;0.021504;0.36256
142;0.473792;0.026624;0.470048
143;0.870784;0.050176;0.828128
144;0.377216;0.02048;0.352576
145;0.42288;0.023296;0.405216
146;0.071648;0.008192;0.069472
147;0.423744;0.023552;0.408192
148;0.473888;0.026624;0.448352
149;0.452736;0.0256;0.435264
150;0.449664;0.024576;0.429056
151;0.482816;0.026624;0.4656
152;0.432;0.02432;0.407456
153;0.452512;0.024576;0.42624
154;0.896288;0.050176;0.829824
155;1.02986;0.06144;0.984
156;0.378048;0.020768;0.362464
157;0.473632;0.026624;0.461792
158;0.878016;0.049152;0.83728
159;0.37712;0.021504;0.3536
160;0.42144;0.023552;0.414496
161;0.071616;0.008192;0.069472
162;0.433024;0.023296;0.40752
163;0.465056;0.026624;0.453728
164;0.461344;0.0256;0.435296
165;0.440352;0.024576;0.414784
166;0.473344;0.026624;0.447104
167;0.432288;0.024352;0.406976
168;0.452864;0.024576;0.4264
169;0.874976;0.050176;0.830304
170;1.04461;0.06144;0.993344
171;0.38448;0.021504;0.363104
172;0.473792;0.026624;0.461408
173;0.8936;0.04928;0.83696
174;0.377312;0.02048;0.35296
175;0.440512;0.022528;0.420352
176;0.071616;0.008192;0.069504
177;0.433248;0.023552;0.408032
178;0.474048;0.026624;0.446944
179;0.467136;0.0256;0.527488
180;0.432576;0.024576;0.415264
181;0.473408;0.026624;0.447296
182;0.432352;0.02432;0.407392
183;0.452608;0.024576;0.434752
184;0.870464;0.050176;0.830944
185;1.03434;0.06144;0.984096
186;0.378048;0.02048;0.353824
187;0.464576;0.027424;0.462688
188;0.87024;0.049152;0.828
189;0.375072;0.02048;0.35392
190;0.431872;0.023328;0.41504
191;0.071616;0.008192;0.069472
192;0.423808;0.023552;0.407584
193;0.47344;0.027424;0.447616
194;0.452576;0.0256;0.426144
195;0.441056;0.024576;0.425088
196;0.4736;0.026624;0.461696
197;0.432352;0.02368;0.416416
198;0.444064;0.024576;0.425792
199;0.89488;0.05024;0.835328
200;1.02995;0.06144;1.00614
201;0.378368;0.02048;0.362496
202;0.472512;0.026624;0.448032
203;0.8816;0.049152;0.828608
204;0.377088;0.02048;0.362272
205;0.431392;0.023296;0.40528
206;0.071584;0.008192;0.069472
207;0.423904;0.023552;0.408288
208;0.465024;0.026624;0.44816
209;0.45248;0.0256;0.435744
210;0.441312;0.024576;0.415296
211;0.473376;0.026624;0.446624
212;0.423168;0.024576;0.407744
213;0.452544;0.024576;0.43456
214;0.87024;0.050176;0.822048
215;1.02995;0.06144;0.983296
216;0.376736;0.021504;0.363168
217;0.474432;0.026624;0.448608
218;0.875488;0.050176;0.836352
219;0.377248;0.02048;0.352512
220;0.431392;0.023552;0.414368
221;0.071616;0.008192;0.069472
222;0.422688;0.023552;0.407648
223;0.46528;0.026624;0.448128
224;0.452288;0.026368;0.42656
225;0.44096;0.024576;0.424832
226;0.47392;0.026624;0.447136
227;0.432288;0.023808;0.407136
228;0.452448;0.024576;0.425888
229;0.931072;0.050176;0.830432
230;1.04659;0.06144;0.981536
231;0.37808;0.020704;0.35328
232;0.465632;0.026624;0.448128
233;0.874176;0.049344;0.827744
234;0.377216;0.021504;0.352512
235;0.431136;0.022688;0.405504
236;0.071616;0.008192;0.069472
237;0.424672;0.02432;0.407488
238;0.465184;0.026624;0.448064
239;0.452672;0.0256;0.426176
240;0.440928;0.024576;0.415296
241;0.473408;0.026624;0.447136
242;0.432288;0.024352;0.406208
243;0.452928;0.024576;0.435392
244;0.876512;0.050176;0.829312
245;1.03875;0.06144;0.992768
246;0.377728;0.021504;0.362496
247;0.46992;0.026624;0.447904
248;0.893792;0.049152;0.837024
249;0.37696;0.02128;0.352768
250;0.431296;0.022528;0.415264
251;0.071616;0.008192;0.069536
252;0.431968;0.023296;0.407488
253;0.46512;0.026624;0.448544
254;0.490592;0.0256;0.427328
255;0.440736;0.024576;0.429408
256;0.47328;0.026624;0.446656
257;0.432128;0.02432;0.406912
258;0.453248;0.025344;0.444448
259;0.876864;0.050176;0.829728
260;1.03533;0.062464;0.99808
261;0.380256;0.020736;0.353408
262;0.47392;0.026624;0.448672
263;0.872832;0.049152;0.838208
264;0.377504;0.02064;0.352448
265;0.431904;0.023296;0.418784
266;0.071648;0.008192;0.069472
267;0.43232;0.023552;0.408032
268;0.473408;0.026624;0.457408
269;0.448608;0.0256;0.435552
270;0.441056;0.024576;0.424608
271;0.4736;0.027424;0.456416
272;0.424256;0.025376;0.421632
273;0.452288;0.024576;0.427104
274;0.88464;0.050176;0.830336
275;1.02963;0.061184;0.988288
276;0.372576;0.020768;0.353888
277;0.474176;0.026624;0.448128
278;0.869952;0.050176;0.827264
279;0.376992;0.02048;0.361568
280;0.4312;0.023328;0.414464
281;0.071616;0.008192;0.069504
282;0.423776;0.023552;0.407744
283;0.473696;0.026624;0.44752
284;0.452576;0.0256;0.426272
285;0.4408;0.024576;0.424928
286;0.47424;0.026624;0.456352
287;0.43232;0.023744;0.421632
288;0.4528;0.024576;0.425664
289;0.87504;0.050176;0.840352
290;1.03942;0.06144;0.983456
291;0.378144;0.02048;0.362432
292;0.474528;0.026624;0.472064
293;0.875104;0.050176;0.827008
294;0.37728;0.02048;0.36336
295;0.431296;0.022688;0.42032
296;0.071584;0.008192;0.069664
297;0.422816;0.023296;0.416736
298;0.464768;0.026624;0.447488
299;0.452736;0.0256;0.426048
300;0.44048;0.024576;0.415264
301;0.4736;0.026624;0.447104
302;0.432096;0.025344;0.42608
303;0.390464;0.024576;0.535008
304;0.874496;0.050176;0.831328
305;1.0343;0.06144;0.9928
306;0.37824;0.021504;0.353792
307;0.47376;0.026624;0.448608
308;0.872448;0.049248;0.829376
309;0.376992;0.02048;0.370976
310;0.431616;0.023328;0.429056
311;0.071712;0.008192;0.069472
937;0.45264;0.0256;0.427328
938;0.424928;0.023552;0.407744
939;0.47408;0.026624;0.448384
940;0.45024;0.0256;0.427168
941;0.432576;0.024576;0.415552
942;0.482912;0.026624;0.447392
943;0.431776;0.024352;0.406656
944;0.452928;0.024576;0.426016
945;0.875296;0.050176;0.837184
946;1.0529;0.06144;0.994496
947;0.378176;0.021504;0.363168
948;0.474272;0.026624;0.461888
949;0.872896;0.049152;0.830048
950;0.377408;0.02048;0.371232
951;0.369728;0.023296;0.43104
952;0.071616;0.008192;0.069504
953;0.42464;0.023552;0.408928
954;0.47376;0.026624;0.448832
955;0.444256;0.0256;0.427488
956;0.44112;0.024576;0.415104
957;0.47168;0.026624;0.447712
958;0.43248;0.024352;0.417152
959;0.45296;0.024576;0.435104
960;0.874944;0.050176;0.832736
961;1.0441;0.06144;0.984
962;0.378208;0.020672;0.362464
963;0.474368;0.026624;0.447392
964;0.891328;0.050176;0.839392
965;0.377824;0.021504;0.381088
966;0.440608;0.023552;0.428032
967;0.071584;0.008192;0.069472
968;0.433216;0.02432;0.407936
969;0.473856;0.026624;0.448192
970;0.45248;0.0256;0.43568
971;0.441056;0.025376;0.424416
972;0.48288;0.027424;0.456768
973;0.432544;0.02384;0.416512
974;0.45248;0.024576;0.425952
975;0.875264;0.050176;0.831552
976;1.05414;0.062208;0.993856
977;0.301216;0.02048;0.37248
978;0.48336;0.026624;0.480544
979;0.885312;0.050176;0.837824
980;0.377472;0.021248;0.362368
981;0.431712;0.023328;0.414912
982;0.071616;0.008192;0.069504
983;0.432192;0.023552;0.408544
984;0.464992;0.026624;0.448512
985;0.452672;0.0256;0.42624
986;0.440928;0.024576;0.41552
987;0.4736;0.026624;0.45696
988;0.432704;0.023552;0.416928
989;0.452704;0.024576;0.426432
990;0.895072;0.050176;0.832768
991;1.03456;0.06144;0.983776
992;0.378208;0.021504;0.35392
993;0.47392;0.026624;0.472064
994;0.884864;0.049984;0.83808
995;0.377408;0.02048;0.3624
996;0.431776;0.022528;0.40592
997;0.071648;0.008192;0.069504
998;0.430208;0.023296;0.408704
999;0.483392;0.026624;0.458048
1000;0.453824;0.0256;0.441696
1001;0.440768;0.025344;0.433824
1002;0.473664;0.026624;0.456704
1003;0.37616;0.024352;0.526432
1004;0.45296;0.024576;0.425888
1005;0.886176;0.050176;0.830912
1006;1.05507;0.06144;0.98352
1007;0.37648;0.021504;0.354016
1008;0.47856;0.026624;0.449088
1009;0.87264;0.04944;0.839424
1010;0.383872;0.02048;0.37248
1011;0.44112;0.023552;0.424064
1012;0.07168;0.008192;0.069472
1013;0.43232;0.023296;0.407968
1014;0.47376;0.026624;0.448512
1015;0.4528;0.0256;0.426336
1016;0.441152;0.024576;0.415072
1017;0.47376;0.026624;0.447648
1018;0.432288;0.024352;0.417216
1019;0.4528;0.024576;0.42608
1020;0.87696;0.050176;0.835808
1021;1.03946;0.06144;0.985184
1022;0.378112;0.021504;0.371936
1023;0.474368;0.026624;0.45712
1024;0.901024;0.049152;0.82992
1025;0.377472;0.02048;0.36288
1026;0.431904;0.02432;0.406048
1027;0.071584;0.008192;0.0696
1028;0.433216;0.023296;0.418016
1029;0.474432;0.026624;0.461696
1030;0.452928;0.0256;0.426272
1031;0.4408;0.024576;0.425312
1032;0.47392;0.026624;0.45664
1033;0.432288;0.023552;0.4168
1034;0.45248;0.024576;0.44064
1035;0.878592;0.050176;0.83088
1036;1.04477;0.06144;0.998432
1037;0.378496;0.021504;0.35312
1038;0.483328;0.026624;0.457632
1039;0.872704;0.049152;0.830528
1040;0.37712;0.02048;0.361952
1041;0.431552;0.023328;0.415008
1042;0.071648;0.008192;0.069536
1043;0.43968;0.023584;0.41856
1044;0.474048;0.027424;0.465888
1045;0.452832;0.0256;0.426272
1046;0.441312;0.024576;0.430272
1047;0.473632;0.026624;0.447488
1048;0.432608;0.02432;0.416608
1049;0.452928;0.024576;0.435264
1050;0.882624;0.050176;0.830784
1051;1.0441;0.06144;0.988768
1052;0.37856;0.02048;0.353984
1053;0.473792;0.026624;0.457984
1054;0.87568;0.049376;0.83696
1055;0.377408;0.02048;0.3624
1056;0.431744;0.023328;0.405792
1057;0.07168;0.008192;0.069472
1058;0.423328;0.023328;0.408832
1059;0.473536;0.026624;0.448032
1060;0.453184;0.0256;0.42768
1061;0.440704;0.024576;0.416256
1062;0.473952;0.026624;0.448384
1063;0.432576;0.023552;0.416448
1064;0.45328;0.024576;0.425792
1065;0.87104;0.050176;0.832512
1066;1.03354;0.062464;0.984928
1067;0.37824;0.02048;0.362624
1068;0.481152;0.026624;0.458304
1069;0.868928;0.04992;0.830368
1070;0.377408;0.02048;0.371104
1071;0.431712;0.023296;0.41504
1072;0.071648;0.008192;0.069504
1073;0.43232;0.023328;0.408416
1074;0.473984;0.026624;0.448928
1075;0.45248;0.0256;0.4416
1076;0.43168;0.024576;0.415712
1077;0.474336;0.026624;0.447648
1078;0.43312;0.024416;0.407712
1079;0.45312;0.025344;0.426144
1080;0.97664;0.050176;0.83632
1081;1.0537;0.06144;0.989056
1082;0.375424;0.021504;0.354048
1083;0.474144;0.026624;0.447904
1084;0.876352;0.049376;0.837632
1085;0.37744;0.02048;0.352672
1086;0.43136;0.022784;0.4208
1087;0.071648;0.008192;0.069536
1088;0.43264;0.024352;0.417472
1089;0.474784;0.026624;0.457984
1090;0.452608;0.0256;0.426816
1091;0.441024;0.024576;0.424864
1092;0.4736;0.026624;0.456672
1093;0.432576;0.02432;0.416928
1094;0.452896;0.024576;0.426816
1095;0.874688;0.050176;0.832224
1096;1.03974;0.06144;0.98448
1097;0.378144;0.02048;0.36352
1098;0.47408;0.026624;0.457696
1099;0.87472;0.049152;0.828032
1100;0.377152;0.021504;0.353248
1101;0.431488;0.023328;0.406048
1102;0.071616;0.008192;0.069472
1103;0.424096;0.023552;0.407808
1104;0.497568;0.026624;0.552064
1105;0.452512;0.0256;0.426304
1106;0.440736;0.024576;0.424832
1107;0.47344;0.027392;0.456992
1108;0.433056;0.02432;0.4072
1109;0.452448;0.024576;0.435104
1110;0.871168;0.050176;0.83296
1111;1.05776;0.06144;0.997824
1112;0.378272;0.02048;0.353376
1113;0.47408;0.026624;0.448448
1114;0.871328;0.050176;0.828384
1115;0.377568;0.02048;0.371456
1116;0.431712;0.02432;0.414912
1117;0.071616;0.008192;0.069472
1118;0.424032;0.023552;0.407776
1119;0.47408;0.026624;0.457088
1120;0.453376;0.0256;0.426368
1121;0.441056;0.024576;0.416352
1122;0.465536;0.026624;0.447456
1123;0.432064;0.024352;0.40784
1124;0.453856;0.024576;0.426144
1125;0.88704;0.050176;0.831136
1126;1.04477;0.06144;0.985664
1127;0.481312;0.02048;0.371776
1128;0.47408;0.026624;0.448416
1129;0.876288;0.050176;0.827968
1130;0.384352;0.02048;0.363296
1131;0.431968;0.022528;0.420352
1132;0.071584;0.008192;0.06944
1133;0.424288;0.023552;0.421568
1134;0.473696;0.026624;0.457024
1135;0.452832;0.0256;0.435552
1136;0.44112;0.024576;0.415648
1137;0.473664;0.026624;0.44688
1138;0.431968;0.02384;0.40736
1139;0.462048;0.024576;0.444544
1140;0.875584;0.05024;0.832288
1141;1.0304;0.06144;0.984512
1142;0.377248;0.021504;0.363808
1143;0.473408;0.026624;0.480032
1144;0.872352;0.049184;0.82816
1145;0.377312;0.02048;0.361888
1146;0.431328;0.023424;0.42032
1147;0.071584;0.008192;0.069472
1148;0.423456;0.02432;0.407744
1149;0.47376;0.026624;0.470592
1150;0.452576;0.0256;0.435584
1151;0.441056;0.024576;0.425152
1152;0.482848;0.026624;0.456288
1153;0.374144;0.023552;0.517504
1154;0.453504;0.024576;0.427168
1155;0.87776;0.050176;0.830336
1156;1.03136;0.06144;0.984032
1157;0.378208;0.02048;0.362624
1158;0.483328;0.026624;0.462816
1159;0.882816;0.049152;0.839104
1160;0.377504;0.02048;0.353152
1161;0.431744;0.022528;0.415264
1162;0.071648;0.008192;0.069472
1163;0.432224;0.023328;0.418336
1164;0.473728;0.027392;0.44816
1165;0.453088;0.026368;0.426272
1166;0.440512;0.024576;0.415584
1167;0.47392;0.026624;0.447424
1168;0.423424;0.02432;0.40784
1169;0.452832;0.024576;0.425664
1170;0.886304;0.050176;0.829696
1171;1.03043;0.06144;0.985824
1172;0.378048;0.02048;0.35392
1173;0.47136;0.026624;0.462912
1174;0.875584;0.049152;0.82848
1175;0.377408;0.02048;0.361824
1176;0.378496;0.023328;0.420768
1177;0.071616;0.008192;0.069472
1178;0.424032;0.023552;0.41776
1179;0.473824;0.026624;0.447808
1180;0.453408;0.0256;0.426368
1181;0.450368;0.024576;0.415904
1182;0.474464;0.026624;0.466112
1183;0.43232;0.023552;0.422112
1184;0.452896;0.024576;0.43536
1185;0.878944;0.050176;0.831296
1186;1.06131;0.06144;0.983904
1187;0.377952;0.02128;0.353856
1188;0.473792;0.026624;0.449056
1189;0.873312;0.049152;0.830144
1190;0.37808;0.02048;0.372096
1191;0.431648;0.023296;0.405568
1192;0.07168;0.008192;0.069472
1193;0.441536;0.02432;0.417024
1194;0.483168;0.026624;0.457504
1195;0.453024;0.0256;0.42672
1196;0.4408;0.024576;0.415808
1197;0.473792;0.02672;0.447616
1198;0.432352;0.02432;0.406784
1199;0.452736;0.024576;0.426144
1200;0.887264;0.050176;0.830752
1201;0.99328;0.060416;0.98512
1202;0.377952;0.021376;0.372128
1203;0.473472;0.026624;0.447968
1204;0.892704;0.049152;0.848992
1205;0.377376;0.02048;0.362848
1206;0.432256;0.023552;0.405696
1207;0.071648;0.008192;0.069472
1208;0.423168;0.023552;0.409024
1209;0.465216;0.026624;0.448192
1210;0.452864;0.0256;0.43552
1211;0.440768;0.024576;0.415616
1212;0.473984;0.027424;0.446976
1213;0.432512;0.025376;0.407296
1214;0.452736;0.024576;0.435264
1215;0.870208;0.050176;0.831552
1216;1.04586;0.06144;0.990272
1217;0.377568;0.021248;0.371648
1218;0.474112;0.026624;0.462496
1219;0.882432;0.049152;0.830272
1220;0.377408;0.02048;0.371008
1221;0.438784;0.023328;0.415872
1222;0.07168;0.00896;0.069472
1223;0.424576;0.023584;0.408416
1224;0.473728;0.026624;0.462368
1225;0.453472;0.0256;0.435584
1226;0.378624;0.024576;0.448384
1227;0.474208;0.026624;0.45632
1228;0.441504;0.02432;0.42176
1229;0.45248;0.024576;0.426112
1230;0.902528;0.050176;0.831456
1231;1.04448;0.06144;0.989536
1232;0.378176;0.020768;0.353408
1233;0.473792;0.026624;0.448064
1234;0.88416;0.050176;0.828448
1235;0.377152;0.02048;0.35264
1236;0.43136;0.023328;0.405792
1237;0.071648;0.008192;0.069472
1238;0.423456;0.023328;0.408256
1239;0.465248;0.026624;0.448864
1240;0.452992;0.0256;0.42656
1241;0.440736;0.024576;0.424864
1242;0.473536;0.027424;0.448
1243;0.4328;0.024352;0.421664
1244;0.4536;0.024576;0.426464
1245;0.877152;0.050176;0.830848
1246;1.0335;0.06144;0.983776
1247;0.378112;0.02048;0.362656
1248;0.473888;0.026624;0.448352
1249;0.874944;0.050176;0.828032
1562;0.452928;0.024576;0.418944
1563;0.861568;0.050976;0.831968
1564;0.42336;0.024416;0.406848
1565;0.452992;0.024576;0.42784
1566;0.877952;0.050176;0.821536
1567;1.04029;0.06144;0.987936
1568;0.378368;0.02048;0.354176
1569;0.474208;0.026624;0.447424
1570;0.872576;0.049152;0.820832
1571;0.377632;0.02048;0.343936
1572;0.43152;0.023552;0.523776
1573;0.071584;0.008192;0.069472
1574;0.432384;0.023552;0.410176
1575;0.473376;0.026624;0.447456
1576;0.444064;0.0256;0.427424
1577;0.440608;0.024576;0.40624
1578;0.4656;0.026624;0.45744
1579;0.424064;0.023808;0.407392
1580;0.452672;0.024576;0.436416
1581;0.862464;0.050176;0.832256
1582;1.03034;0.06144;0.98032
1583;0.377856;0.021504;0.36336
1584;0.474016;0.026624;0.456608
1585;0.871424;0.049152;0.819904
1586;0.377856;0.02048;0.3624
1587;0.431904;0.023552;0.416064
1588;0.07152;0.008192;0.069472
1589;0.43312;0.023552;0.41808
1590;0.465984;0.026624;0.447456
1591;0.452608;0.0256;0.437888
1592;0.44112;0.024576;0.415584
1593;0.464768;0.026624;0.448128
1594;0.432416;0.024352;0.398336
1595;0.4536;0.024576;0.436288
1596;0.877856;0.050176;0.830368
1597;1.03552;0.06144;0.98832
1598;0.377984;0.021504;0.35344
1599;0.473824;0.026624;0.447424
1600;0.875712;0.049184;0.82
1601;0.368992;0.02048;0.343936
1602;0.43152;0.023328;0.406752
1603;0.071616;0.008192;0.069824
1604;0.423168;0.023552;0.409024
1605;0.47392;0.026624;0.446912
1606;0.445056;0.0256;0.427776
1607;0.4408;0.024576;0.423872
1608;0.473248;0.026624;0.457504
1609;0.432224;0.023552;0.416032
1610;0.453344;0.024576;0.417856
1611;0.86336;0.050176;0.821696
1612;1.03098;0.06144;0.976096
1613;0.378176;0.02048;0.37264
1614;0.473664;0.026624;0.447136
1615;0.88416;0.050176;0.829376
1616;0.368224;0.02048;0.361632
1617;0.432032;0.022624;0.407584
1618;0.071552;0.008192;0.069472
1619;0.432096;0.02432;0.42256
1620;0.473568;0.027392;0.44672
1621;0.443776;0.0256;0.427552
1622;0.440896;0.024576;0.423808
1623;0.471488;0.026624;0.458016
1624;0.362912;0.024576;0.421088
1625;0.444704;0.024576;0.436832
1626;0.877888;0.050176;0.822048
1627;1.03046;0.06144;0.975808
1628;0.37808;0.021504;0.362784
1629;0.47392;0.027392;0.45664
1630;0.870496;0.049152;0.819712
1631;0.3688;0.02128;0.353312
1632;0.431488;0.02336;0.416416
1633;0.071552;0.008192;0.069472
1634;0.43232;0.023296;0.418528
1635;0.464992;0.026624;0.456704
1636;0.452672;0.0256;0.436608
1637;0.44064;0.024576;0.415648
1638;0.464928;0.026624;0.448416
1639;0.432448;0.023648;0.397344
1640;0.450976;0.024576;0.42896
1641;0.886048;0.049152;0.831776
1642;0.977248;0.06144;0.97552
1643;0.368992;0.021376;0.363488
1644;0.473984;0.026624;0.456992
1645;0.870208;0.04928;0.828864
1646;0.377376;0.02048;0.361856
1647;0.3704;0.023296;0.43008
1648;0.071808;0.008192;0.069472
1649;0.4232;0.023392;0.418688
1650;0.473888;0.026624;0.4472
1651;0.452928;0.0256;0.427296
1652;0.440992;0.024576;0.414688
1653;0.47392;0.026624;0.448416
1654;0.432544;0.023552;0.406848
1655;0.45264;0.024576;0.427744
1656;0.874112;0.050976;0.821472
1657;1.0353;0.06144;0.998976
1658;0.369344;0.02048;0.353344
1659;0.473984;0.026624;0.45664
1660;0.870496;0.050176;0.820064
1661;0.37712;0.02048;0.3528
1662;0.42336;0.023328;0.416288
1663;0.071552;0.008192;0.069472
1664;0.423136;0.023328;0.40016
1665;0.473632;0.026624;0.446912
1666;0.450592;0.026368;0.436544
1667;0.440704;0.024576;0.423808
1668;0.4744;0.026624;0.457536
1669;0.432448;0.024352;0.411904
1670;0.452672;0.024576;0.427232
1671;0.876864;0.050176;0.830208
1672;1.02723;0.06144;0.975008
1673;0.3792;0.020608;0.362592
1674;0.465632;0.026624;0.456704
1675;0.867264;0.049152;0.830528
1676;0.37744;0.021504;0.352704
1677;0.431808;0.023296;0.416
1678;0.071552;0.008192;0.069504
1679;0.432416;0.022816;0.400192
1680;0.464704;0.026624;0.448256
1681;0.444128;0.0256;0.436576
1682;0.440704;0.024576;0.425056
1683;0.47392;0.026624;0.439072
1684;0.432512;0.02432;0.4072
1685;0.453376;0.024576;0.427584
1686;0.88704;0.050176;0.830496
1687;1.03552;0.06144;0.975968
1688;0.377856;0.02048;0.362656
1689;0.465664;0.027392;0.456992
1690;0.885056;0.050176;0.828608
1691;0.377728;0.02048;0.36176
1692;0.431008;0.022528;0.406912
1693;0.071552;0.008192;0.06944
1694;0.424416;0.023552;0.418464
1695;0.47424;0.026624;0.549024
1696;0.45264;0.025632;0.418688
1697;0.441184;0.024576;0.415232
1698;0.474176;0.026624;0.448256
1699;0.432608;0.024576;0.41584
1700;0.452928;0.024576;0.427136
1701;0.8672;0.050176;0.831744
1702;1.02915;0.06144;0.97536
1703;0.378432;0.021504;0.353952
1704;0.473696;0.026624;0.456928
1705;0.873664;0.050176;0.829376
1706;0.369056;0.02048;0.361664
1707;0.43152;0.022624;0.421376
1708;0.071552;0.008192;0.069504
1709;0.423456;0.023552;0.399776
1710;0.473824;0.026624;0.446912
1711;0.45312;0.0256;0.427808
1712;0.440576;0.024576;0.423872
1713;0.474176;0.026624;0.449088
1714;0.424032;0.024352;0.415744
1715;0.453216;0.024576;0.418944
1716;0.87808;0.050176;0.830752
1717;1.05354;0.06144;0.993728
1718;0.378208;0.02048;0.353312
1719;0.47424;0.026624;0.45664
1720;0.874784;0.049152;0.828768
1721;0.377472;0.02128;0.361984
1722;0.423296;0.022528;0.407168
1723;0.071776;0.008192;0.069472
1724;0.422912;0.023552;0.399968
1725;0.47392;0.026624;0.456576
1726;0.452608;0.0256;0.4368
1727;0.440576;0.025344;0.428704
1728;0.474176;0.026624;0.457408
1729;0.432064;0.023776;0.415488
1730;0.453216;0.024576;0.427008
1731;0.87696;0.050176;0.821728
1732;1.03098;0.06144;0.975712
1733;0.377856;0.021504;0.362816
1734;0.4736;0.026624;0.438752
1735;0.874432;0.049952;0.83744
1736;0.377408;0.02048;0.361632
1737;0.441056;0.023552;0.407936
1738;0.071584;0.008192;0.069728
1739;0.423456;0.023552;0.408864
1740;0.47392;0.026624;0.438176
1741;0.44432;0.0256;0.419168
1742;0.441152;0.024576;0.415232
1743;0.46528;0.026624;0.457344
1744;0.432448;0.024576;0.415552
1745;0.54832;0.024576;0.443392
1746;0.879648;0.050176;0.823104
1747;1.02886;0.06144;0.973952
1748;0.378112;0.02048;0.353888
1749;0.474336;0.0264;0.456704
1750;0.881792;0.050176;0.839072
1751;0.377344;0.02048;0.3624
1752;0.430784;0.023552;0.407424
1753;0.071584;0.008192;0.069472
1754;0.424352;0.023552;0.400192
1755;0.4736;0.026624;0.447296
1756;0.452928;0.0256;0.436992
1757;0.440928;0.024576;0.423936
1758;0.473632;0.026624;0.457472
1759;0.432;0.02432;0.416032
1760;0.443776;0.024576;0.417888
1761;0.877344;0.050176;0.821568
1762;1.0345;0.06144;0.98432
1763;0.377824;0.02048;0.363584
1764;0.473824;0.026624;0.44816
1765;0.8744;0.050176;0.82
1766;0.377536;0.02048;0.35376
1767;0.363296;0.023552;0.516736
1768;0.071584;0.00896;0.069472
1769;0.433536;0.023328;0.409312
1770;0.47408;0.026624;0.456096
1771;0.45264;0.0256;0.427456
1772;0.440928;0.024576;0.41504
1773;0.465504;0.026624;0.439648
1774;0.432288;0.02432;0.406784
1775;0.45312;0.024576;0.427392
1776;0.876928;0.050176;0.840736
1777;1.06246;0.06144;0.99328
1778;0.378464;0.02048;0.362528
1779;0.47408;0.026624;0.438528
1780;0.874496;0.049152;0.820288
1781;0.376896;0.02128;0.361536
1782;0.422336;0.023552;0.406848
1783;0.071648;0.008192;0.069568
1784;0.433056;0.022528;0.40992
1785;0.473888;0.026624;0.438144
1786;0.452832;0.0256;0.427424
1787;0.441152;0.025344;0.41456
1788;0.47408;0.026624;0.448416
1789;0.432544;0.024416;0.397088
1790;0.45296;0.024576;0.42704
1791;0.886176;0.050176;0.831936
1792;1.03651;0.062464;0.982496
1793;0.378208;0.021504;0.353856
1794;0.47424;0.026624;0.45616
1795;0.879456;0.049952;0.828672
1796;0.377632;0.020544;0.35264
1797;0.429088;0.023296;0.416832
1798;0.071552;0.008192;0.069504
1799;0.423104;0.023296;0.399808
1800;0.47392;0.026624;0.44752
1801;0.452608;0.0256;0.427712
1802;0.440608;0.024576;0.41584
1803;0.464832;0.026624;0.449504
1804;0.432672;0.024576;0.415488
1805;0.444128;0.025344;0.418336
1806;0.861664;0.050176;0.82224
1807;1.03555;0.06144;0.975296
1808;0.378176;0.021504;0.36336
1809;0.474816;0.026624;0.447456
1810;0.876768;0.049152;0.820096
1811;0.377536;0.02048;0.362752
1812;0.43152;0.022688;0.408096
1813;0.071584;0.008192;0.069472
1814;0.42352;0.023552;0.409504
1815;0.473696;0.026624;0.437312
1816;0.452992;0.0256;0.533696
1817;0.44112;0.024576;0.415072
1818;0.473728;0.026624;0.447936
1819;0.432576;0.02432;0.415584
1820;0.452864;0.024576;0.436256
1821;0.86256;0.050176;0.82272
1822;1.02582;0.06144;0.974624
1823;0.377888;0.02128;0.362784
1824;0.473888;0.026624;0.456192
1825;0.868736;0.049152;0.8216
1826;0.368928;0.021504;0.35296
1827;0.422464;0.022528;0.416576
1828;0.071552;0.008992;0.069472
1829;0.423424;0.02432;0.409856
1830;0.474304;0.026624;0.460896
1831;0.452672;0.0256;0.436832
1832;0.440576;0.024576;0.414656
1833;0.473984;0.026624;0.457504
1834;0.432704;0.024352;0.416256
1835;0.453056;0.024576;0.427296
1836;0.87696;0.050176;0.821728
1837;1.0359;0.060416;0.975584
1838;0.378176;0.02048;0.362624
1839;0.488992;0.026624;0.566304
1840;0.875904;0.050176;0.820128
1841;0.368224;0.02048;0.353408
1842;0.431808;0.023488;0.406816
1843;0.071584;0.008192;0.069536
1844;0.42464;0.023552;0.408864
1845;0.473824;0.026624;0.447488
1846;0.452992;0.0256;0.428512
1847;0.440608;0.024576;0.405408
1848;0.474016;0.026624;0.439072
1849;0.433408;0.024352;0.406272
1850;0.444608;0.024576;0.436576
1851;0.887104;0.050176;0.831296
1852;1.03568;0.06144;0.974816
1853;0.368928;0.02048;0.355008
1854;0.474048;0.026624;0.456768
1855;0.893216;0.049152;0.829152
1856;0.377568;0.02048;0.361824
1857;0.431776;0.022528;0.407104
1858;0.071584;0.008192;0.069472
1859;0.423904;0.024352;0.423552
1860;0.473536;0.026624;0.447424
1861;0.452896;0.0256;0.418752
1862;0.440544;0.024576;0.415584
1863;0.464928;0.026624;0.448608
1864;0.432416;0.024576;0.397856
1865;0.45296;0.024576;0.436224
1866;0.86816;0.050976;0.830656
1867;1.03053;0.06144;0.98896
1868;0.378176;0.021504;1.0135
1869;0.47392;0.026624;0.554336
1870;0.86608;0.049152;1.5809
1871;0.37744;0.02048;0.361856
1872;0.43152;0.023552;0.39776
1873;0.071488;0.008192;0.069472
1874;0.424864;0.023552;0.409504
2187;0.463776;0.026624;0.507776
2188;0.884384;0.049376;1.71901
2189;0.377344;0.02048;0.362656
2190;0.474432;0.026624;0.461664
2191;0.871712;0.050176;0.820576
2192;0.377504;0.02048;0.361824
2193;0.429056;0.023328;0.407744
2194;0.071552;0.008192;0.069472
2195;0.432256;0.023296;0.422528
2196;0.473152;0.026624;0.43808
2197;0.452992;0.0256;0.427616
2198;0.440736;0.024576;0.41456
2199;0.465152;0.026624;0.448384
2200;0.432608;0.02432;0.4248
2201;0.45264;0.024576;0.42736
2202;0.834752;0.050176;0.841152
2203;1.03101;0.06144;0.988384
2204;0.378176;0.021504;0.8376
2205;0.47472;0.026624;0.517152
2206;0.875136;0.049152;1.30486
2207;0.37696;0.02048;0.353408
2208;0.432032;0.023328;0.416224
2209;0.071616;0.008192;0.069472
2210;0.423136;0.023552;0.399616
2211;0.47408;0.026624;0.447968
2212;0.45264;0.0256;0.436768
2213;0.441312;0.024576;0.41536
2214;0.474048;0.026624;0.448384
2215;0.432672;0.024576;0.407008
2216;0.452544;0.024576;0.436416
2217;0.869216;0.050176;0.84016
2218;1.03827;0.06224;0.997728
2219;0.29744;0.02048;0.810272
2220;0.474144;0.026624;0.508064
2221;0.875104;0.04992;1.14845
2222;0.377184;0.02048;0.353216
2223;0.431936;0.023328;0.416096
2224;0.07152;0.008192;0.069504
2225;0.4232;0.022528;0.400224
2226;0.473952;0.026624;0.456832
2227;0.45264;0.0256;0.436224
2228;0.440928;0.024576;0.423968
2229;0.472768;0.026624;0.448704
2230;0.433056;0.024576;0.424704
2231;0.443744;0.024576;0.417824
2232;0.896224;0.050944;0.830688
2233;1.03536;0.06144;0.984
2234;0.377824;0.02048;0.966304
2235;0.473312;0.026624;0.534848
2236;0.866944;0.049152;1.19382
2237;0.368864;0.02048;0.362336
2238;0.423456;0.023552;0.408288
2239;0.071616;0.008192;0.069504
2240;0.423968;0.023552;0.4088
2241;0.473632;0.026624;0.456768
2242;0.452672;0.0256;0.428064
2243;0.440576;0.024576;0.424096
2244;0.473984;0.026624;0.462688
2245;0.423232;0.02384;0.416288
2246;0.443808;0.024576;0.418016
2247;0.875616;0.050176;0.824192
2248;1.03526;0.06144;0.985536
2249;0.378176;0.020736;0.846624
2250;0.46944;0.026624;0.535936
2251;0.875456;0.049152;1.21142
2252;0.3688;0.02128;0.352608
2253;0.431616;0.022752;0.41712
2254;0.07168;0.008192;0.069472
2255;0.42336;0.023552;0.409056
2256;0.463712;0.026624;0.448032
2257;0.450208;0.0256;0.4368
2258;0.44064;0.025344;0.41488
2259;0.474272;0.026624;0.448256
2260;0.432448;0.024576;0.40704
2261;0.45312;0.024576;0.436288
2262;0.869472;0.050176;0.830592
2263;1.03552;0.06144;0.97568
2264;0.377824;0.021504;0.819008
2265;0.4648;0.026624;0.517472
2266;0.88448;0.050176;1.69184
2267;0.377312;0.020672;0.361888
2268;0.42256;0.023552;0.398208
2269;0.071552;0.008192;0.069472
2270;0.454784;0.023328;0.409248
2271;0.47232;0.026624;0.457408
2272;0.440896;0.0256;0.427648
2273;0.440928;0.024576;0.414624
2274;0.465472;0.026624;0.438848
2275;0.423872;0.024352;0.406752
2276;0.453088;0.024576;0.427488
2277;0.877952;0.050176;0.840608
2278;1.03549;0.06144;0.97472
2279;0.378144;0.021504;0.838784
2280;0.47392;0.026624;0.563904
2281;0.8744;0.049248;1.4521
2282;0.3776;0.02048;0.362336
2283;0.432064;0.023552;0.415904
2284;0.07152;0.008192;0.069504
2285;0.424192;0.023552;0.408576
2286;0.465248;0.026624;0.4568
2287;0.443456;0.0256;0.427744
2288;0.431616;0.024576;0.414624
2289;0.474176;0.026624;0.457696
2290;0.423584;0.023552;0.406784
2291;0.44432;0.024576;0.41776
2292;0.886208;0.050176;0.821568
2293;0.978656;0.06144;0.973632
2294;0.376064;0.021504;0.865216
2295;0.474176;0.026624;0.562208
2296;0.874656;0.049152;1.72077
2297;0.3776;0.02048;0.361824
2298;0.431808;0.023296;0.40704
2299;0.071616;0.008192;0.069504
2300;0.424128;0.022528;0.400512
2301;0.473856;0.027392;0.4472
2302;0.444288;0.0256;0.42816
2303;0.440608;0.024576;0.414752
2304;0.474048;0.026624;0.45776
2305;0.43248;0.023648;0.416736
2306;0.452736;0.024576;0.4184
2307;0.897312;0.050176;0.830976
2308;1.04554;0.06144;0.984384
2309;0.37776;0.02048;0.938848
2310;0.465472;0.026624;0.554528
2311;0.866784;0.04944;1.36
2312;0.377472;0.02048;0.343936
2313;0.360832;0.02432;0.429312
2314;0.07152;0.008192;0.069568
2315;0.424224;0.023552;0.399168
2316;0.465472;0.026624;0.44752
2317;0.443968;0.0256;0.42736
2318;0.441184;0.024576;0.42496
2319;0.473856;0.027392;0.461888
2320;0.432928;0.024352;0.415488
2321;0.453152;0.024576;0.427264
2322;0.89824;0.050176;0.831776
2323;1.10858;0.06144;0.988512
2324;0.387424;0.021504;0.966656
2325;0.474048;0.026624;0.554368
2326;0.940608;0.050176;1.3135
2327;0.3776;0.02048;0.35312
2328;0.431904;0.023296;0.421088
2329;0.071584;0.008192;0.069504
2330;0.424192;0.024352;0.40864
2331;0.474272;0.027424;0.488288
2332;0.452704;0.0256;0.441984
2333;0.440608;0.024576;0.42928
2334;0.474048;0.026624;0.447744
2335;0.433216;0.023552;0.40624
2336;0.45264;0.024576;0.436256
2337;1.12944;0.050176;0.873888
2338;1.09181;0.06144;0.98864
2339;0.38752;0.020608;0.985376
2340;0.473664;0.026624;0.571232
2341;0.940576;0.050176;1.28486
2342;0.377216;0.02048;0.362368
2343;0.43152;0.022528;0.407264
2344;0.071552;0.00896;0.069472
2345;0.433184;0.023552;0.422976
2346;0.4736;0.026624;0.447392
2347;0.4528;0.0256;0.427648
2348;0.440576;0.024576;0.42416
2349;0.474112;0.026624;0.466848
2350;0.433152;0.024576;0.42976
2351;0.452672;0.024576;0.442688
2352;0.884768;0.050176;0.831936
2353;1.08979;0.06144;0.993984
2354;0.378752;0.020672;0.97568
2355;0.473792;0.026624;0.581216
2356;0.932032;0.049376;1.24883
2357;0.37712;0.02048;0.361888
2358;0.45536;0.022752;0.44992
2359;0.071552;0.008192;0.069536
2360;0.392832;0.023552;0.4224
2361;0.432288;0.026624;0.461632
2362;0.467296;0.0256;0.450848
2363;0.441664;0.024576;0.4152
2364;0.47408;0.026624;0.448864
2365;0.432448;0.023552;0.406176
2366;0.452704;0.024576;0.43632
2367;0.950656;0.050944;0.840256
2368;1.11094;0.06144;0.992576
2369;0.38736;0.021504;0.874784
2370;0.474048;0.027424;0.544096
2371;0.931264;0.050176;1.1935
2372;0.377696;0.02048;0.353312
2373;0.431872;0.023328;0.430528
2374;0.071584;0.008992;0.069472
2375;0.423328;0.023328;0.418016
2376;0.4736;0.026624;0.460384
2377;0.453024;0.0256;0.442208
2378;0.440672;0.024576;0.414656
2379;0.474112;0.026624;0.448384
2380;0.43248;0.024352;0.41648
2381;0.45264;0.024576;0.440608
2382;0.899776;0.050176;0.83008
2383;1.07344;0.06144;1.01338
2384;0.320896;0.021504;0.985248
2385;0.432256;0.026624;0.572736
2386;0.958688;0.049312;1.37078
2387;0.395648;0.02048;0.371616
2388;0.398016;0.023296;0.430304
2389;0.071584;0.008192;0.069472
2390;0.40192;0.023552;0.452384
2391;0.502464;0.026624;0.490592
2392;0.45312;0.0256;0.442176
2393;0.44128;0.024576;0.428928
2394;0.47376;0.026624;0.447328
2395;0.432544;0.024352;0.407136
2396;0.453248;0.024576;0.43664
2397;0.979008;0.050176;0.830848
2398;1.11059;0.06144;0.988544
2399;0.38736;0.02048;0.875808
2400;0.47376;0.026624;0.535584
2401;0.912192;0.049152;1.09347
2402;0.377376;0.02048;0.352608
2403;0.431488;0.022528;0.42112
2404;0.071584;0.008192;0.069472
2405;0.424224;0.022528;0.408896
2406;0.464864;0.026624;0.44688
2407;0.45264;0.0256;0.427328
2408;0.440896;0.024576;0.414592
2409;0.47408;0.026624;0.448896
2410;0.432384;0.02432;0.417024
2411;0.452768;0.025344;0.427328
2412;0.915584;0.050176;0.830048
2413;1.05904;0.06144;0.993568
2414;0.320896;0.02048;0.967424
2415;0.43904;0.026624;0.61904
2416;0.958304;0.050176;1.20486
2417;0.395968;0.02048;0.36192
2418;0.397312;0.023296;0.4488
2419;0.071744;0.008192;0.069504
2420;0.394752;0.02432;0.423904
2421;0.498208;0.026624;0.480064
2422;0.411904;0.0256;0.469568
2423;0.44064;0.024576;0.415904
2424;0.473824;0.026624;0.447904
2425;0.432544;0.024448;0.406656
2426;0.453248;0.024576;0.436608
2427;0.935008;0.050176;0.840128
2428;1.11267;0.06144;0.988832
2429;0.37888;0.02048;0.866464
2430;0.473632;0.026624;0.573312
2431;0.912896;0.050176;1.04707
2432;0.377472;0.02048;0.362368
2433;0.431616;0.023328;0.407392
2434;0.071552;0.008192;0.069504
2435;0.423168;0.023552;0.409696
2436;0.473856;0.026624;0.447456
2437;0.45296;0.0256;0.428416
2438;0.440704;0.024576;0.415104
2439;0.47376;0.026624;0.448416
2440;0.43248;0.024576;0.416704
2441;0.453024;0.024576;0.440608
2442;0.897952;0.050176;0.83024
2443;1.05789;0.06144;0.992288
2444;0.329824;0.021248;0.977472
2445;0.439264;0.026624;0.58192
2446;0.9648;0.049152;1.18538
2447;0.301408;0.02048;0.3712
2448;0.406144;0.023392;0.439648
2449;0.071584;0.008192;0.069504
2450;0.47424;0.023552;0.4328
2451;0.473984;0.026624;0.44704
2452;0.45264;0.0256;0.43648
2453;0.44096;0.024576;0.429408
2454;0.473792;0.027392;0.470336
2455;0.432192;0.024352;0.421024
2456;0.45312;0.024576;0.427328
2457;0.933728;0.050176;0.830432
2458;1.10003;0.06144;0.983648
2459;0.379136;0.020768;0.855552
2460;0.473888;0.026624;0.572736
2461;0.913632;0.049152;1.05706
2462;0.377088;0.02048;0.352608
2463;0.431936;0.022592;0.421088
2464;0.071584;0.008192;0.069472
2465;0.43296;0.02432;0.42304
2466;0.4736;0.026624;0.461888
2467;0.461888;0.026368;0.450624
2468;0.440768;0.024576;0.414912
2469;0.474432;0.026624;0.448384
2470;0.432224;0.024416;0.415424
2471;0.4528;0.024576;0.43632
2472;0.951392;0.050176;0.83024
2473;1.15747;0.06144;1.05094
2474;0.320832;0.021504;1.07754
2475;0.43584;0.026624;0.480352
2476;0.929376;0.050176;1.27507
2477;0.377344;0.02048;0.36208
2478;0.422624;0.023552;0.407104
2479;0.071552;0.008992;0.069504
2480;0.423296;0.022528;0.409376
2481;0.473728;0.026624;0.470592
2482;0.452672;0.0256;0.441696
2483;0.440672;0.024576;0.42944
2484;0.48304;0.026624;0.48048
2485;0.432864;0.025376;0.406176
2486;0.452928;0.024576;0.42752
2487;0.934464;0.050176;0.830048
2488;1.12048;0.06144;0.99344
2489;0.387456;0.021504;0.93008
2490;0.473824;0.026624;0.447424
2491;0.941376;0.049152;1.04704
2492;0.377632;0.02048;0.36192
2493;0.432128;0.022528;0.4208
2494;0.071616;0.008192;0.069472
2495;0.424224;0.023552;0.409312
2496;0.47392;0.026624;0.46048
2497;0.453184;0.0256;0.441632
2498;0.440896;0.024576;0.414752
2499;0.473728;0.026624;0.448416
2812;8.28067e-241;5.92267e-270;0.453408
2813;2.01944e-284;9.12286e-304;0.450368
2814;3.32334e-236;1.18018e-250;0.474464
2815;1.32412e-279;2.11271e-226;0.43232
2816;2.70244e-284;9.59625e-212;0.452896
2817;3.19616e-236;5.07033e-241;0.878944
2818;2.74942e-260;5.08365e-212;1.06131
2819;1.80107e-255;4.76863e+39;0.377952
2820;8.652e-222;1.58401e-226;0.473792
2821;1.26816e-279;6.86004e-212;0.873312
2822;1.59914e-284;2.50988e-110;0.37808
2823;2.74901e-260;3.30503e-62;0.431648
2824;2.74822e-260;2.94399e-173;0.07168
2825;8.64456e-212;1.48034e-226;0.441536
2826;1.15863e-279;2.69197e-197;0.483168
2827;4.11319e-294;6.10657e-197;0.453024
2828;1.22331e-250;1.15521e-192;0.4408
2829;5.68885e-270;4.20568e-231;0.473792
2830;2.5213e-81;1.09145e-245;0.432352
2831;1.2624e-245;3.03489e-197;0.452736
2832;5.68608e-270;1.91595e-202;0.887264
2833;5.72315e-246;1.53206e-255;0.99328
2834;1.40121e-255;2.89181e+54;0.377952
2835;2.06904e-255;1.25108e+16;0.473472
2836;3.91746e-294;5.07478e-241;0.892704
2837;1.31873e-192;1.52805e-221;0.377376
2838;4.4861e-178;2.67709e+151;0.432256
2839;3.9574e-236;2.44536e-260;0.071648
2840;2.01585e-197;1.58623e-23;0.423168
2841;5.66367e-212;8.03854e-09;0.465216
2842;7.20602e-188;1.82817e-173;0.452864
2843;1.26481e-192;1.39613e-308;0.440768
2844;8.5993e-246;0;0.473984
2845;1.11011e-221;3.13151e-294;0.432512
2846;2.31836e-178;3.3303e-294;0.452736
2847;4.8958e-207;1.93571e-284;0.870208
2848;6.28207e-299;2.05428e-289;1.04586
2849;4.28411e-260;2.05227e-289;0.377568
2850;5.20914e-270;1.97626e-323;0.474112
2851;1.80496e-221;2.05428e-289;0.882432
2852;2.13958e-255;3.72627e-289;0.377408
2853;1.93298e-231;1.42237e-197;0.438784
2854;2.17386e-202;1.49537e-313;0.07168
2855;2.73548e-173;2.56684e-289;0.424576
2856;2.01878e-284;7.29112e-304;0.473728
2857;6.15929e-270;9.12106e-304;0.453472
2858;3.2761e-319;2.56734e-289;0.378624
2859;7.44275e-246;7.3442e-270;0.474208
2860;1.25005e-221;3.32876e-294;0.441504
2861;1.10354e-279;4.68581e-236;0.45248
2862;1.31146e-250;2.05428e-289;0.902528
2863;3.71249e-207;1.33305e-255;1.04448
2864;3.07217e-231;2.85144e-260;0.378176
2865;5.95837e-212;2.43401e-202;0.473792
2866;7.2983e-304;6.77364e-241;0.88416
2867;6.58463e-246;4.76451e-217;0.377152
2868;3.33895e-289;1.35476e-153;0.43136
2869;5.68237e-270;1.60049e-255;0.071648
2870;8.31097e-275;1.01317e-274;0.423456
2871;3.72703e-265;1.15928e-274;0.465248
2872;2.73265e-207;4.11088e-294;0.452992
2873;7.73752e-125;3.71438e-231;0.440736
2874;8.50835e-193;2.3603e-284;0.473536
2875;8.45309e+15;8.68195e-275;0.4328
2876;8.79754e-193;5.13016e-202;0.4536
2877;6.65724e-236;9.34108e-193;0.877152
2878;1.72608e-202;1.3792e-279;1.0335
2879;5.60623e-309;1.42597e-197;0.378112
2880;1.60049e-255;1.41792e-309;0.473888
2881;4.77073e-217;1.32384e-303;0.874944
2882;1.04297e-100;9.74121e-246;0.310592
2883;4.38162e+15;3.47116e-260;0.474176
2884;9.98012e-130;5.98371e-159;0.884832
2885;8.32793e-275;2.32416e-279;0.377472
2886;5.60621e-309;6.01592e-246;0.431776
2887;0;3.26365e-265;0.071584
2888;0;2.44104e-207;0.432224
2889;0;5.68507e-294;0.4736
2890;0;1.31651e-221;0.453088
2891;0;3.92053e-294;0.44096
2892;0;4.54057e-217;0.474144
2893;1.00525e-250;1.25359e-221;0.43216
2894;5.98227e-299;6.87655e-270;0.45264
2895;5.63859e-241;2.44175e-260;0.87728
2896;4.1072e-207;3.05388e-260;1.0448
2897;5.44581e-270;2.23023e-226;0.37616
2898;1.57642e-250;4.73501e-270;0.483136
2899;2.33121e-226;4.69318e-241;0.876704
2900;3.46394e-260;7.22224e-275;0.377408
2901;3.44428e-236;5.98108e-299;0.431776
2902;5.22028e-270;1.21285e-279;0.071584
2903;7.73629e-125;1.26587e-192;0.432672
2904;1.84665e-197;9.19604e-246;0.473856
2905;8.27917e-188;7.18736e-299;0.4528
2906;4.3343e-178;2.69612e-289;0.44096
2907;3.52549e-96;6.63621e-270;0.474048
2908;6.39869e-241;3.71479e-207;0.56416
2909;3.93891e-241;1.13829e-216;0.452928
2910;2.11932e-226;4.67754e-154;0.876608
2911;1.57411e-163;1.32047e-192;1.03123
2912;1.59615e-192;1.93584e-255;0.377312
2913;6.87471e-270;1.00525e-250;0.474208
2914;8.07729e-183;1.46203e-168;0.87472
2915;1.31317e-250;1.08807e-274;0.386624
2916;3.76763e-105;1.60022e-255;0.431264
2917;5.80803e-154;2.95305e-260;0.071584
2918;6.37735e-183;1.66631e-255;0.432448
2919;4.66961e-265;2.24955e-144;0.473888
2920;1.47365e-139;4.91034e-62;0.4536
2921;1.37559e-187;2.26163e+06;0.441056
2922;6.09464e-09;1.93125e-197;0.473984
2923;7.28781e-222;3.86918e-178;0.43296
2924;3.15471e-260;4.20888e-236;0.45264
2925;4.26456e-270;1.18018e-250;0.875584
2926;1.28663e-115;6.40055e-270;1.04278
2927;3.43156e-149;9.58212e-304;0.378272
2928;5.61276e-154;1.51441e-284;0.473632
2929;2.81576e-202;1.60049e-255;0.89312
2930;3.46922e-289;1.20458e-105;0.377472
2931;2.80869e-255;1.15841e-279;0.431872
2932;8.07117e-91;5.44576e-270;0.071584
2933;1.20737e-105;3.81622e-236;0.43344
2934;3.19345e-149;9.02881e-275;0.47408
2935;1.00743e-133;3.56857e-236;0.45296
2936;8.13123e-221;1.64009e-226;0.44064
2937;6.52492e+88;1.0196e-298;0.464896
2938;1.06376e-47;2.54311e-226;0.44064
2939;2.2073e-62;1.25141e-221;0.452928
2940;2.35998e-284;2.44175e-260;0.877984
2941;1.11526e-308;9.02881e-275;1.06323
2942;3.13151e-294;2.85064e-260;0.37792
2943;3.91746e-294;1.92993e-197;0.47392
2944;4.94066e-324;7.94712e-275;0.951808
2945;0;9.34746e-193;0.377728
2946;0;1.11525e-100;0.432512
2947;0;2.81877e-202;0.071904
2948;0;3.23383e-231;0.423264
2949;2.56735e-289;3.32878e-294;0.483104
2950;2.56936e-289;9.88131e-324;0.462176
2951;5.9338e-270;0;0.441088
2952;3.32857e-316;3.13151e-294;0.47392
2953;2.05278e-289;1.01246e-274;0.43216
2954;2.17296e-311;9.37758e-188;0.452704
2955;3.32954e-294;7.84504e-164;0.95232
2956;2.56735e-289;5.68516e-270;1.16534
2957;3.92054e-294;4.80245e-178;0.378944
2958;3.26791e-311;1.43135e-284;0.47392
2959;9.77211e-275;2.53734e-226;0.939584
2960;3.91746e-294;8.31097e-275;0.377408
2961;2.43757e-289;2.17586e-202;0.431776
2962;8.65821e-304;4.02219e-178;0.07152
2963;6.85531e-212;1.0739e-221;0.423904
2964;6.639e-270;1.73213e-255;0.47392
2965;6.35624e-217;5.66946e-183;0.452832
2966;6.3987e-270;4.49577e-207;0.450112
2967;1.81986e-308;2.71916e-120;0.474048
2968;6.0179e-241;9.33883e-193;0.432448
2969;1.22468e-250;1.26782e-250;0.453152
2970;1.58463e-226;2.28024e-250;0.924544
2971;1.15199e-192;2.10614e-284;1.13789
2972;7.52787e-241;1.86819e-255;0.387584
2973;1.73212e-255;7.22505e-275;0.474112
2974;8.66005e-222;1.7342e-255;0.912512
2975;1.12064e-274;2.68319e-202;0.37744
2976;7.11775e-270;1.66439e-168;0.432096
2977;4.87695e-241;3.95929e-236;0.071552
2978;2.69965e-289;1.48077e-226;0.423552
2979;1.86793e-255;9.15327e-29;0.473728
2980;7.60916e-222;4.24541e-183;0.45248
2981;2.56686e-289;5.96772e-212;0.483264
2982;6.87469e-299;4.87184e-120;0.474112
2983;1.13653e-250;1.79192e-81;0.432256
2984;8.02158e-246;1.92964e-168;0.4528
2985;1.03116e-158;1.46307e-168;0.932192
2986;3.08394e-289;4.36296e-231;1.11923
2987;4.11243e-294;1.7148e-182;0.378944
2988;5.44482e-270;1.32088e-192;0.47408
2989;9.12643e-304;2.51782e-197;0.911424
2990;2.92906e-115;9.35176e-193;0.377408
2991;8.56103e-159;1.18672e-235;0.432256
2992;1.93558e-255;2.91049e-231;0.071584
2993;4.31603e-241;4.97253e-270;0.423808
2994;2.44295e-260;1.83856e-28;0.481312
2995;1.63864e-226;5.01499e-23;0.459264
2996;1.93571e-284;1.40528e-250;0.45008
2997;8.64522e-188;2.80919e-255;0.47376
2998;1.80361e-221;6.54565e+199;0.43248
2999;2.95745e-260;3.32289e-236;0.452928
3000;5.97003e-212;6.99088e-43;0.899872
3001;9.18708e-246;1.02766e+16;1.05421
3002;7.7086e-159;2.57719e-149;0.378624
3003;4.61529e-212;1.67372e-308;0.484032
3004;5.6018e-265;0;1.00198
3005;2.01355e-197;2.05227e-289;0.377632
3006;3.78027e-183;1.34531e-284;0.431872
3007;3.40308e-231;1.26859e-279;0.071552
3008;2.95415e-289;2.05428e-289;0.432352
3009;1.24816e-221;2.18054e-289;0.473568
3010;5.92173e-270;1.4822e-323;0.452992
3011;2.94187e-255;2.05428e-289;0.440576
3012;2.01216e-226;4.50539e-265;0.482944
3013;2.01286e-231;1.50762e-197;0.433472
3014;3.81235e-236;5.07699e-299;0.452896
3015;8.63687e-188;5.07695e-299;0.896384
3016;1.32324e-279;7.29112e-304;1.09117
3017;9.40117e-275;2.56635e-289;0.387488
3018;1.4822e-323;8.31097e-275;0.482848
3019;2.44055e-260;4.65803e-265;0.9504
3020;2.43508e-226;7.29112e-304;0.377408
3021;2.95356e-265;2.11849e-226;0.440736
3022;2.33933e-260;2.05428e-289;0.071616
3023;3.32094e-236;3.10374e-265;0.424192
3024;1.18001e-250;8.02608e-246;0.473952
3025;3.9041e-207;5.19691e-183;0.452992
3026;2.18994e-311;1.83967e-250;0.4408
3027;1.33304e-255;2.34213e-260;0.473632
3028;9.75511e-275;1.05845e-177;0.442432
3029;1.15776e-279;1.53415e-255;0.452992
3030;8.31097e-275;5.63414e-241;0.934656
3031;2.54576e-260;3.05228e-260;1.0632
3032;2.24155e-178;7.77647e-299;0.3784
3033;2.53693e-139;8.26741e-241;0.47424
3034;1.21368e-197;1.84276e-250;0.940608
3035;2.3967e-18;1.93341e-284;0.386464
3036;4.46506e-212;2.27922e-250;0.431744
3037;6.16197e-236;6.11474e-188;0.071584
3038;1.2981e-197;6.87006e-270;0.430688
3039;2.69712e-289;2.31806e-178;0.473984
3040;1.0489e-250;1.93603e-284;0.45296
3041;5.44973e-217;5.69071e-270;0.440672
3042;7.12133e-72;8.86963e-246;0.474144
3043;4.11281e+49;7.26813e-217;0.43264
3044;1.45378e-134;2.08342e-144;0.45312
3045;5.69255e-270;8.08188e-270;0.916256
3046;5.60077e-309;3.72824e-265;1.07238
3047;0;2.13847e-260;0.377184
3048;0;3.4271e-212;0.47392
3049;0;1.54533e-279;0.922688
3050;0;2.0468e-202;0.377408
3051;0;2.10382e-284;0.440768
3052;0;1.07309e-221;0.07152
3053;1.66734e-255;1.40733e-250;0.441472
3054;5.6009e-309;3.2655e-260;0.411264
3055;3.571e-236;2.43897e-260;0.453152
3056;1.79714e-168;6.63436e-270;0.440544
3057;7.7311e-246;5.08742e-207;0.473792
3058;2.58592e-231;2.95266e-289;0.430368
3059;7.35719e-270;7.73555e-246;0.443936
3060;2.0006e-255;2.18056e-289;0.88656
3061;5.06736e-241;5.38146e-299;1.04467
3062;2.24171e-260;2.13688e-260;0.297056
3063;4.10415e-207;1.25744e-197;0.464704
3064;2.74633e-231;1.26867e-250;0.874688
3065;7.89987e-241;3.34298e-289;0.368832
3066;7.5919e-183;6.87349e-299;0.432096
3067;3.18442e-154;1.54511e-279;0.071552
3068;1.18104e-250;1.80273e-226;0.423296
3069;1.61061e-231;1.08896e-158;0.474208
3070;8.19057e-217;3.70347e-91;0.444352
3071;1.57513e-163;1.15457e-192;0.440736
3072;2.86426e-226;7.45527e-212;0.473856
3073;4.19347e-236;1.09271e-250;0.43248
3074;1.57546e-163;9.32052e-135;0.443488
3075;4.1977e-265;9.79337e-275;0.887328
3076;1.46435e-95;1.93571e-284;1.04474
3077;1.76634e-197;3.81428e-236;0.29568
3078;2.73825e-173;2.13688e-260;0.473952
3079;4.38926e-289;3.25042e-178;0.866912
3080;2.29507e-115;2.25155e-23;0.377408
3081;9.7484e-154;1.76236e-18;0.423072
3082;2.1098e-52;5.25925e-241;0.071552
3083;1.93355e-197;2.5361e-173;0.422816
3084;6.57665e-217;1.25358e-221;0.473632
3085;1.59816e-284;3.94678e-236;0.443904
3086;1.15799e-115;1.37963e-279;0.440544
3087;5.66484e-183;5.68011e-299;0.4656
3088;2.26317e-168;8.66534e-304;0.43216
3089;4.19344e-265;2.64619e-260;0.444192
3090;2.49972e-231;2.17136e-110;0.878912
3091;6.3914e-241;1.16014e-279;1.04499
3092;1.48909e-71;6.27274e-299;0.378176
3093;1.34656e-76;8.59591e-246;0.473856
3094;4.24658e-96;1.01148e-274;0.886144
3095;1.7291e-167;1.35528e-250;0.375392
3096;5.33603e-192;2.34155e-231;0.431872
3097;5.39858e+64;4.28488e-260;0.071552
3098;2.09994e-52;7.15705e-212;0.424512
3099;8.94795e-82;1.26919e-250;0.473984
3100;1.05449e-240;1.80107e-255;0.453088
3101;1.5341e-308;1.43299e-279;0.441024
3102;7.29112e-304;4.11318e-294;0.473856
3103;2.56735e-289;8.64027e-217;0.432224
3104;1.4822e-323;1.22331e-250;0.475488
3105;0;2.16292e-178;0.874016
3106;0;3.83478e-115;1.02611
3107;0;5.96653e-212;0.377856
3108;0;9.55745e-217;0.473984
3109;2.69561e-289;3.5245e-294;0.88784
3110;2.56886e-289;4.94066e-324;0.37744
3111;6.40702e-270;0;0.42192
3112;3.32857e-316;2.05227e-289;0.071616
3113;2.05227e-289;2.64659e-260;0.432288
3114;2.17296e-311;6.1457e-183;0.473632
3115;3.72174e-294;1.09955e-192;0.44368
3116;2.56735e-289;1.66683e-255;0.43232
3117;2.69914e-289;2.75202e-231;0.473888
3118;1.41794e-309;5.7578e-193;0.43264
3119;2.36029e-284;1.49125e-245;0.452992
3120;8.52114e-314;9.04011e-275;0.873696
3121;3.91746e-294;6.39133e-241;1.03555
3122;9.1139e-304;2.03407e-260;0.297344
3123;5.96301e-212;5.66365e-212;0.47408
3124;2.44454e-260;2.84825e-260;0.872608
3437;3.88331e-265;1.31959e-192;0.444128
3438;8.21145e-304;2.15972e-57;0.861664
3439;5.10712e-294;1.16212e-274;1.03555
3440;8.52114e-314;7.52343e-241;0.378176
3441;7.75219e-304;4.60655e-212;0.474816
3442;7.22078e-275;2.27327e-284;0.876768
3443;6.0208e-241;1.63822e-226;0.377536
3444;1.53572e-255;8.31805e-275;0.43152
3445;1.07308e-221;3.022e-207;0.071584
3446;1.04804e-250;3.911e-207;0.42352
3447;2.3312e-226;1.99405e-279;0.473696
3448;1.1101e-221;1.67019e-221;0.452992
3449;6.63993e-270;3.12391e-207;0.44112
3450;7.45729e-294;1.26924e-279;0.473728
3451;6.84833e-188;3.91825e-294;0.432576
3452;1.31813e-221;6.99206e-251;0.452864
3453;6.17041e-270;2.00348e-255;0.86256
3454;6.1259e-188;6.16206e-270;1.02582
3455;1.24979e-221;1.0385e-221;0.377888
3456;3.5705e-236;5.45406e-241;0.473888
3457;4.91614e-236;4.95264e-82;0.868736
3458;4.88285e-241;1.00542e-250;0.368928
3459;1.87912e-279;2.82644e-183;0.422464
3460;2.90612e-231;6.15189e-270;0.071552
3461;3.91978e-294;2.17578e-231;0.423424
3462;9.03729e-275;4.75044e-125;0.474304
3463;2.357e-284;30.2313;0.452672
3464;9.91842e-280;1.69433e-18;0.440576
3465;5.42115e-154;8.98564e-101;0.473984
3466;1.09237e-250;1.36645e-144;0.432704
3467;3.25942e-265;1.35451e-153;0.453056
3468;3.46873e-289;7.91455e-241;0.87696
3469;2.03446e-260;5.66133e-212;1.0359
3470;3.69576e-236;6.16298e-236;0.378176
3471;7.57784e-188;1.52855e-168;0.488992
3472;1.00196e-216;2.01519e-197;0.875904
3473;2.18051e-231;2.58655e-231;0.368224
3474;5.21472e-270;4.29116e-207;0.431808
3475;2.33893e-260;1.24525e-134;0.071584
3476;4.18852e-309;1.00481e-197;0.42464
3477;3.45614e-202;1.03469e-245;0.473824
3478;2.64897e-260;7.73216e-246;0.452992
3479;1.66909e-221;5.6371e-241;0.440608
3480;1.69595e-226;7.71707e-130;0.474016
3481;2.53809e-173;4.49096e-178;0.433408
3482;4.02462e-178;2.13591e-168;0.444608
3483;2.6466e-260;1.81441e-308;0.887104
3484;1.54469e-279;8.38669e-317;1.03568
3485;9.76785e-275;2.05227e-289;0.368928
3486;8.48198e-106;1.93571e-284;0.474048
3487;1.51352e-197;3.91746e-294;0.893216
3488;3.91669e-294;2.18255e-289;0.377568
3489;8.66553e-222;1.41249e-309;0.431776
3490;8.07276e-299;0;0.071584
3491;2.1902e-284;1.68385e-284;0.423904
3492;4.44017e-236;2.84985e-260;0.473536
3493;9.02461e-241;2.93529e-178;0.452896
3494;1.0892e-245;3.13154e-294;0.440544
3495;6.77365e-241;5.97757e-299;0.464928
3496;1.90702e-226;1.27963e-321;0.432416
3497;2.82639e-289;3.28865e-319;0.45296
3498;3.72174e-294;3.72174e-294;0.86816
3499;5.56271e-309;2.18856e-284;1.03053
3500;1.59123e-197;7.74864e-304;0.378176
3501;1.14212e-298;1.26833e-250;0.47392
3502;2.56886e-289;8.31097e-275;0.86608
3503;5.66924e-217;6.87291e-246;0.37744
3504;4.31196e-294;3.06943e-202;0.43152
3505;4.1819e-236;1.83152e-163;0.071488
3506;2.18997e-311;1.76858e-284;0.424864
3507;2.33893e-260;6.02601e-246;0.465152
3508;2.69362e-289;8.61057e-246;0.444672
3509;2.95015e-289;7.35256e-270;0.43296
3510;3.08192e-289;6.6418e-270;0.474272
3511;1.69302e-231;1.49084e-250;0.45248
3512;4.72718e-183;2.41669e-231;0.440768
3513;7.18992e-101;4.28567e-260;0.473632
3514;5.25336e-241;4.67243e-154;0.43232
3515;1.43749e-158;2.18506e-289;0.444224
3516;1.38866e-221;3.71614e-178;0.876672
3517;5.18399e-236;1.17685e-221;1.03085
3518;1.39553e-168;2.00009e-255;0.3784
3519;2.94949e-236;7.73485e-212;0.474016
3520;1.69389e-226;6.58801e-246;0.86016
3521;2.30494e-202;1.59934e-279;0.377088
3522;4.72767e-43;1.53232e-255;0.431712
3523;7.47653e-67;5.44574e-270;0.071616
3524;6.2784e-207;1.60574e-144;0.433216
3525;3.88271e-265;4.71187e-294;0.474016
3526;3.91746e-294;7.34047e-270;0.452832
3527;4.94066e-324;2.92389e-207;0.441344
3528;0;3.87684e-260;0.473216
3529;0;8.68333e-275;0.438688
3530;0;2.13954e-255;0.45264
3531;0;9.40116e-275;0.877312
3532;3.13151e-294;8.31551e-246;1.04368
3533;3.72577e-289;1.15248e-245;0.378048
3534;1.93284e-260;2.58592e-231;0.465696
3535;2.11642e-226;1.7666e-284;0.884896
3536;1.5765e-163;2.74543e-260;0.377472
3537;4.18127e-178;1.23462e-274;0.432288
3538;1.15435e-192;1.51475e-284;0.071584
3539;2.70217e-289;2.7526e-260;0.423104
3540;3.44765e-236;1.27791e-303;0.474048
3541;4.9716e-270;3.72174e-294;0.453024
3542;1.91721e-202;4.03657e-265;0.441248
3543;9.07406e-217;2.01124e-197;0.474336
3544;2.2563e-231;2.32667e-226;0.432512
3545;1.11092e-221;6.40611e-270;0.452512
3546;1.21002e-192;2.56785e-289;0.870208
3547;6.39311e-270;8.32373e-275;1.0304
3548;1.33253e-255;1.66161e-163;0.377824
3549;2.01977e-284;1.86767e-255;0.474112
3550;2.43909e-289;5.65286e-96;0.8704
3551;1.57581e-163;1.22434e-250;0.377024
3552;3.94292e-236;7.93129e-188;0.432608
3553;1.13687e-250;2.01453e-197;0.071584
3554;3.06826e-144;1.74844e-163;0.432256
3555;1.76272e-197;2.69763e-289;0.474048
3556;7.77919e-33;1.5331e-255;0.452768
3557;9.3475e-193;1.0044e-250;0.43968
3558;7.58749e-275;3.20868e-289;0.46624
3559;2.01391e-250;5.68701e-270;0.432992
3560;5.66051e-202;4.69162e-236;0.452832
3561;5.44891e-120;2.36857e-250;0.896896
3562;5.40304e-67;1.63988e-226;1.0359
3563;3.78072e-62;1.84362e-110;0.377856
3564;5.90567e-217;9.77265e-246;0.465216
3565;1.90454e-226;5.68011e-299;0.893952
3566;6.51325e-188;1.76659e-284;0.377088
3567;1.07384e-124;1.93505e-284;0.432064
3568;8.99619e-96;5.07814e-299;0.071712
3569;2.50068e-231;1.04821e-250;0.424064
3570;1.31922e-221;1.82442e-76;0.474112
3571;3.09741e-178;7.52788e-241;0.452736
3572;1.43481e-66;1.68287e-284;0.438784
3573;4.86327e-154;9.75935e-275;0.473888
3574;3.93535e-101;2.69511e-289;0.432512
3575;3.31255e-259;2.64659e-260;0.453056
3576;1.23974e-274;2.0959e-231;0.873696
3577;1.1635e+55;7.03522e-217;1.03974
3578;8.52294e-72;3.69528e-236;0.378112
3579;3.66906e-183;4.4411e-236;0.47408
3580;4.81486e-57;2.90862e-231;0.875616
3581;1.39232e-308;8.66711e-304;0.37744
3582;3.91746e-294;2.13768e-260;0.431808
3583;7.29112e-304;1.19933e-255;0.071648
3584;2.56735e-289;1.63823e-226;0.423232
3585;1.4822e-323;8.64207e-217;0.473728
3586;0;5.43001e-154;0.4528
3587;0;4.77604e-212;0.44048
3588;0;6.66113e-236;0.582688
3589;4.11395e-294;1.68254e-284;0.423968
3590;2.95466e-289;3.28885e-319;0.443968
3591;7.35255e-270;0;0.877984
3592;2.79225e-309;0;1.04858
3593;7.2947e-304;2.95237e-236;0.378496
3594;4.77949e-299;3.25909e-173;0.465472
3595;9.12282e-304;7.96576e-222;0.88896
3596;3.91746e-294;5.61348e-154;0.377248
3597;7.73441e-246;5.90849e-183;0.423072
3598;5.97524e-299;2.14546e-134;0.071648
3599;2.96071e-289;2.14426e-255;0.423008
3600;6.39918e-314;8.08183e-270;0.47408
3601;3.72174e-294;1.97799e-202;0.453376
3602;4.96974e-270;2.18104e-289;0.440928
3603;2.27378e-255;2.34172e-260;0.473888
3604;1.13705e-250;3.44574e-236;0.423968
3605;1.8778e-279;2.39397e-178;0.443776
3606;3.19665e-236;3.1178e-120;0.86944
3607;2.22403e-226;1.20744e-245;1.0344
3608;1.26764e-250;1.74912e-163;0.378208
3609;6.40239e-270;9.75939e-275;0.577664
3610;2.69719e-284;1.00439e-250;0.893984
3611;4.46267e-212;5.08283e-299;0.377152
3612;2.43193e-197;3.81669e-236;0.43184
3613;2.27525e-284;3.94869e-236;0.07168
3614;6.26237e-212;5.68607e-270;0.423456
3615;1.18155e-250;9.55388e-217;0.474048
3616;1.03891e-221;6.84955e-159;0.444224
3617;2.267e-255;3.46296e-77;0.440832
3618;1.13671e-250;1.37398e-226;0.474176
3619;1.41498e-303;6.92969e-222;0.432384
3620;9.08649e-217;7.00789e-309;0.453056
3621;2.18307e-289;9.35032e-222;0.877792
3622;2.74701e-260;1.19758e-168;1.02989
3623;9.04718e-275;2.4141e+35;0.378176
3624;5.38147e-299;3.56281e-28;0.474016
3625;7.12729e-159;1.98777e-81;0.869312
3626;2.95172e-265;3.50734e-120;0.377504
3627;5.68608e-270;7.6127e-149;0.423136
3628;1.27809e-303;6.86055e-265;0.071616
3629;4.02609e-270;4.48793e-178;0.424288
3630;7.16905e-246;3.04201e-284;0.464832
3631;2.5357e-173;1.13006e-240;0.452832
3632;2.82027e-202;5.26367e-241;0.567584
3633;1.53476e-226;7.27873e-217;0.473952
3634;2.54298e-260;5.85693e-207;0.432608
3635;8.31098e-275;1.75238e-250;0.443808
3636;4.1155e-294;1.77258e-231;0.88608
3637;1.31888e-216;3.5565e-231;1.03581
3638;1.38071e-279;2.41985e-231;0.378496
3639;5.27748e-207;5.07177e-241;0.474048
3640;1.18052e-250;4.46382e-212;0.875104
3641;7.73912e-217;2.33246e-226;0.37776
3642;7.99313e-159;2.65112e-226;0.431584
3643;4.70037e-294;7.00254e-309;0.071616
3644;9.76364e-275;2.15528e-314;0.432512
3645;1.18086e-250;2.05227e-289;0.471968
3646;7.90706e-101;4.11547e-294;0.452448
3647;1.21022e-192;2.56685e-289;0.44112
3648;3.91823e-294;2.18256e-289;0.46528
3649;1.42799e-226;5.51744e-312;0.431936
3650;1.04772e-274;0;0.452544
3651;1.08524e-274;7.23208e-275;0.8784
3652;7.8999e-241;2.25851e-231;1.03043
3653;1.37929e-245;2.78165e-178;0.37888
3654;3.2275e-231;1.59749e-284;0.473984
3655;5.82676e-241;5.97639e-299;0.88288
3656;3.20251e-202;7.29112e-304;0.377312
3657;4.51076e-294;7.29112e-304;0.431488
3658;1.68254e-284;3.13382e-294;0.071648
3659;5.56273e-309;3.46875e-289;0.423104
3660;1.85191e-202;2.18055e-289;0.4656
3661;1.81341e-274;1.31214e-250;0.452736
3662;3.52834e-294;7.94711e-275;0.440928
3663;6.12338e-217;2.95189e-236;0.4736
3664;3.92052e-294;2.53979e-226;0.432576
3665;6.756e-241;3.19228e-197;0.452672
3666;2.18997e-311;7.22787e-275;0.878048
3667;6.87068e-246;1.18103e-250;1.06445
3668;8.66184e-304;7.74461e-246;0.378208
3669;2.18625e-284;5.92305e-236;0.474208
3670;5.91989e-270;1.22383e-250;0.875808
3671;8.31022e-222;6.39721e-241;0.377408
3672;2.33513e-173;1.13602e-250;0.431648
3673;1.84723e-115;6.40793e-270;0.071552
3674;2.35733e-284;3.86614e-178;0.423168
3675;3.34537e-168;8.66919e-275;0.46448
3676;2.12099e-226;3.31858e-207;0.452448
3677;5.92111e-236;5.24976e-241;0.3704
3678;3.09195e-178;1.24951e-221;0.473664
3679;3.31934e-207;5.18864e-183;0.432704
3680;4.19152e-236;3.56746e-212;1.45532e-319
3681;1.10041e-192;1.32346e-279;8.10465e-320
3682;4.04539e-43;1.33304e-255;0.0256
3683;8.02246e-125;7.22642e-275;0.026624
3684;3.28434e-226;2.03918e-120;0.023552
3685;2.2389e-260;7.48605e-299;0.024576
3686;2.43908e-289;6.86819e-270;0.050176
3687;1.4822e-323;3.514e-207;0.06144
3688;0;1.23291e-274;0.02048
3689;0;2.34212e-260;0.026624
3690;0;2.44402e-284;0.050176
3691;0;5.68238e-270;0.02048
3692;7.29112e-304;6.87967e-246;0.02432
3693;2.35766e-284;2.97144e-226;0.008192
3694;5.88685e-222;1.47993e-226;0.024352
3695;8.27477e-241;5.97758e-299;0.026624
3696;3.18818e-149;3.66562e-260;0.0256
3697;2.27693e-255;4.1209e-294;0.024576
3698;1.13232e-163;7.22786e-275;0.026624
3699;2.82542e-289;3.67755e-260;0.023552
3700;4.92862e-236;1.18677e-303;0.024576
3701;1.59749e-284;1.7666e-284;0.050176
3702;6.74096e-164;1.93506e-284;0.06144
3703;4.87368e-207;2.33036e-173;0.02048
3704;6.29636e-246;1.09078e-245;0.026624
3705;4.48351e-183;8.31661e-246;0.049152
3706;1.47993e-226;3.91746e-294;0.02048
3707;4.96974e-270;1.75409e-250;0.022528
3708;2.31284e-289;2.94198e-173;0.008192
3709;6.15837e-270;5.63415e-241;0.023552
3710;1.59914e-284;5.41502e-149;0.026624
3711;2.84251e-173;4.49577e-207;0.0256
3712;3.07155e-231;6.85416e-212;0.024576
3713;7.10943e-270;1.18052e-250;0.027424
3714;5.65531e-125;5.8661e-207;0.02432
3715;1.84797e-197;4.11624e-294;0.024576
3716;1.45038e-42;1.16147e-226;0.050176
3717;3.18079e-154;2.70331e-236;0.061184
3718;1.21285e-279;2.74543e-260;0.020768
3719;1.20914e-192;1.04693e-279;0.026624
3720;1.84824e-250;1.38115e-279;0.049152
3721;1.7446e-274;6.30756e-294;0.02048
3722;9.63239e+73;3.06787e-149;0.02432
3723;3.25345e+35;1.37195e-105;0.008192
3724;3.65335e-183;2.58846e-231;0.023296
3725;2.84666e-260;3.72021e-294;0.026624
3726;4.88607e-284;3.71944e-294;0.0256
3727;5.40882e-284;1.68155e-284;0.024576
3728;4.95328e-183;7.29471e-304;0.026624
3729;2.27694e-255;7.58751e-275;0.023552
3730;9.17568e-111;1.91112e-76;0.024576
3731;1.08959e-163;1.18035e-221;0.050176
3732;7.74807e-57;7.7344e-246;0.06144
3733;5.23618e-154;6.63807e-270;0.02048
3734;1.99884e-91;5.97758e-299;0.026624
3735;1.44872e-201;3.72643e-265;0.049184
3736;2.34536e-231;6.58352e-246;0.02048
3737;3.45248e+40;8.64026e-217;0.023328
3738;4.6209e-91;1.00594e-250;0.008192
3739;4.11135e-217;1.26881e-279;0.023552
3740;1.14193e-71;2.6454e-260;0.026624
3741;9.77841e-309;4.50023e-270;0.0256
3742;7.29112e-304;1.69513e-226;0.024576
3743;3.91746e-294;6.29636e-246;0.026624
3744;2.05227e-289;2.32997e-226;0.024352
3745;1.97626e-323;5.42586e-236;0.024576
3746;0;2.8198e-202;0.050176
3747;0;1.07444e-221;0.061472
3748;0;1.94383e-221;0.02048
3749;5.98107e-299;7.22646e-275;0.026624
4062;3.91746e-294;7.18854e-299;0.024576
4063;7.29112e-304;3.19759e-236;0.027424
4064;3.91746e-294;5.63268e-241;0.024352
4065;4.94066e-324;2.41858e-231;0.024576
4066;7.29112e-304;2.81879e-202;0.050176
4067;3.91746e-294;1.03447e-245;0.061216
4068;7.29112e-304;3.281e-226;0.02048
4069;2.56885e-289;8.31947e-275;0.026624
4070;2.0201e-284;3.33186e-316;0.049152
4071;7.34974e-270;0;0.02048
4072;3.91668e-294;0;0.023328
4073;2.15528e-314;8.30649e-246;0.008192
4074;3.13151e-294;3.71133e-202;0.023328
4075;3.72098e-294;5.1781e-231;0.026624
4076;5.58441e-309;1.735e-255;0.0256
4077;1.35528e-250;4.76318e-125;0.024576
4078;6.27973e-299;1.26747e-250;0.026624
4079;3.15829e-260;1.45237e-274;0.024576
4080;3.13151e-294;3.57003e-236;0.024576
4081;5.51752e-312;6.16022e-270;0.050176
4082;1.26747e-250;5.44668e-270;0.06144
4083;1.86793e-255;3.10253e-265;0.02048
4084;1.51056e-197;7.50802e-154;0.026624
4085;1.48843e-250;1.08891e-163;0.049152
4086;2.0659e-255;2.65196e-226;0.02048
4087;3.55841e-231;2.85304e-260;0.023296
4088;1.01289e-274;2.74948e-231;0.008192
4089;2.80397e-255;5.44946e-270;0.023296
4090;8.74135e-251;6.50577e-275;0.026624
4091;1.8473e-197;1.13377e-255;0.0264
4092;5.18866e-183;1.04828e-274;0.024576
4093;2.64501e-260;9.93999e-280;0.026624
4094;1.31152e-86;1.31867e-221;0.02432
4095;7.73216e-246;2.39877e-168;0.024576
4096;4.68034e-188;6.13586e-217;0.050944
4097;1.61999e-319;1.61999e-319;1.52666e-321
4098;0.0256;9.55322e+09;1.67841e-316
4099;0.026624;1.0439e+10;4.24399e-314
4100;0.023552;1.0611e+10;4.94066e-324
4101;0.024576;1.07434e+10;6.92032e-310
4102;0.050176;1.16924e+10;0
4103;0.06144;1.17848e+10;6.92032e-310
4104;0.02048;1.03545e+10;6.92032e-310
4105;0.026624;1.08659e+10;0
4106;0.050176;1.16763e+10;6.92032e-310
4107;0.02048;1.03463e+10;1.67857e-316
4108;0.02432;1.05977e+10;0
4109;0.008192;1.28285e+10;2.26875e-320
4110;0.024352;1.08695e+10;6.92032e-310
4111;0.026624;1.08674e+10;6.92032e-310
4112;0.0256;1.07498e+10;9.88131e-324
4113;0.024576;1.06602e+10;0
4114;0.026624;1.08643e+10;0
4115;0.023552;1.06201e+10;0
4116;0.024576;1.07506e+10;2.66795e-322
4117;0.050176;1.16955e+10;3.95253e-322
4118;0.06144;1.18706e+10;4.94066e-324
4119;0.02048;1.03536e+10;7.90505e-323
4120;0.026624;1.08605e+10;7.90505e-323
4121;0.049152;1.16924e+10;4.94066e-324
4122;0.02048;1.00753e+10;0
4123;0.022528;1.0587e+10;0
4124;0.008192;1.28686e+10;0
4125;0.023552;1.08591e+10;0
4126;0.026624;1.10895e+10;0
4127;0.0256;1.07434e+10;0
4128;0.024576;1.06691e+10;0
4129;0.027424;1.08528e+10;0
4130;0.02432;1.06135e+10;0
4131;0.024576;1.07426e+10;0
4132;0.050176;1.16946e+10;6.92032e-310
4133;0.061184;1.18389e+10;0
4134;0.020768;1.03453e+10;0
4135;0.026624;1.08567e+10;4.19956e-322
4136;0.049152;1.16808e+10;1.27618e-192
4137;0.02048;1.0337e+10;1.27618e-192
4138;0.02432;1.0615e+10;1.43434e-316
4139;0.008192;1.28686e+10;6.92032e-310
4140;0.023296;1.08712e+10;6.92032e-310
4141;0.026624;1.08659e+10;6.92032e-310
4142;0.0256;1.07188e+10;0
4143;0.024576;1.06732e+10;2.39786e-312
4144;0.026624;1.08659e+10;0
4145;0.023552;1.05987e+10;4.19956e-322
4146;0.024576;1.07426e+10;6.92032e-310
4147;0.050176;1.1696e+10;4.2804e-314
4148;0.06144;1.18503e+10;4.2804e-314
4149;0.02048;1.03527e+10;4.2804e-314
4150;0.026624;1.06474e+10;4.20792e-311
4151;0.049184;1.16768e+10;9.88131e-324
4152;0.02048;1.03472e+10;0
4153;0.023328;1.05894e+10;0
4154;0.008192;1.28571e+10;0
4155;0.023552;1.08677e+10;4.19956e-322
4156;0.026624;1.10687e+10;6.92032e-310
4157;0.0256;1.17428e+10;4.2804e-314
4158;0.024576;9.55975e+09;4.2804e-314
4159;0.026624;1.01756e+10;4.2804e-314
4160;0.024352;1.00978e+10;4.2058e-311
4161;0.024576;1.04602e+10;9.88131e-324
4162;0.050176;1.125e+10;0
4163;0.061472;1.14169e+10;0
4164;0.02048;9.76882e+09;0
4165;0.026624;1.03812e+10;5.78057e-322
4166;0.049152;1.12116e+10;6.92032e-310
4167;0.02048;9.75659e+09;6.92032e-310
4168;0.023552;1.00875e+10;6.92032e-310
4169;0.008192;1.28571e+10;0
4170;0.023552;1.03195e+10;0
4171;0.026624;1.03686e+10;4.94066e-324
4172;0.0256;1.02477e+10;0
4173;0.024576;1.01532e+10;0
4174;0.026624;1.03805e+10;4.94066e-324
4175;0.02432;1.01595e+10;0
4176;0.024576;1.02325e+10;0
4177;0.050176;1.12204e+10;0
4178;0.06144;1.12962e+10;0
4179;0.021504;9.77296e+09;6.57107e-322
4180;0.026624;1.03819e+10;2.84959e-316
4181;0.049408;1.10979e+10;9.88131e-324
4182;0.02048;9.57231e+09;6.92032e-310
4183;0.022688;1.0083e+10;6.92032e-310
4184;0.008192;1.28629e+10;6.92032e-310
4185;0.022528;1.01095e+10;0
4186;0.026624;1.03735e+10;4.24399e-314
4187;0.0256;1.02441e+10;6.92032e-310
4188;0.024576;1.01598e+10;0
4189;0.027424;1.03714e+10;0
4190;0.023552;1.00896e+10;6.92032e-310
4191;0.024576;1.02383e+10;0
4192;0.050176;1.11001e+10;0
4193;0.06144;1.13616e+10;0
4194;0.02048;9.76056e+09;0
4195;0.026624;1.037e+10;4.19956e-322
4196;0.049152;1.12354e+10;1.27618e-192
4197;0.02048;9.7657e+09;1.27618e-192
4198;0.022528;1.00823e+10;1.43434e-316
4199;0.008192;1.28629e+10;6.92032e-310
4200;0.023552;1.0123e+10;6.92032e-310
4201;0.026624;8.51772e+09;6.92032e-310
4202;0.0256;1.02455e+10;0
4203;0.024576;1.01517e+10;2.56761e-312
4204;0.026624;1.03931e+10;0
4205;0.02432;1.00903e+10;4.19956e-322
4206;0.024576;1.02397e+10;6.92032e-310
4207;0.049152;1.12143e+10;4.2804e-314
4208;0.06144;1.12045e+10;4.2804e-314
4209;0.020768;1.00061e+10;4.2804e-314
4210;0.026624;1.03665e+10;4.17397e-311
4211;0.049152;1.1313e+10;9.88131e-324
4212;0.021504;9.75742e+09;0
4213;0.023328;1.03077e+10;0
4214;0.008192;1.28629e+10;0
4215;0.023552;1.01177e+10;1.05236e-321
4216;0.026624;1.03686e+10;1.76706e-316
4217;0.0256;1.02361e+10;1.43434e-316
4218;0.024576;1.00007e+10;0
4219;0.026624;1.03784e+10;6.92032e-310
4220;0.02432;1.03007e+10;1.97626e-323
4221;0.024576;1.04428e+10;1.58101e-322
4222;0.050176;1.11029e+10;1.77532e-316
4223;0.06144;1.12562e+10;3.05382e-320
4224;0.021504;9.76138e+09;6.92032e-310
4225;0.026624;1.05582e+10;6.92026e-310
4226;0.049152;1.06059e+10;1.58101e-322
4227;0.02048;9.76653e+09;1.81713e-316
4228;0.023328;1.01288e+10;9.70246e-320
4229;0.008192;1.28686e+10;0
4230;0.023328;1.01237e+10;0
4231;0.026624;1.03742e+10;4.94066e-324
4232;0.0256;1.02318e+10;1.81713e-316
4233;0.024576;1.01503e+10;9.70246e-320
4234;0.026624;1.03777e+10;0
4235;0.024352;1.00918e+10;0
4236;0.024576;1.02361e+10;0
4237;0.050176;1.12781e+10;0
4238;0.06144;1.14598e+10;0
4239;0.021504;9.79204e+09;0
4240;0.026624;1.03742e+10;0
4241;0.050176;1.12627e+10;4.19956e-322
4242;0.02048;9.75908e+09;1.27618e-192
4243;0.023296;1.02913e+10;1.27618e-192
4244;0.008192;1.28629e+10;1.43434e-316
4245;0.023552;1.03187e+10;6.92032e-310
4246;0.026624;1.03721e+10;6.92032e-310
4247;0.0256;1.02347e+10;6.92032e-310
4248;0.024576;9.95161e+09;0
4249;0.026624;1.01803e+10;2.56761e-312
4250;0.02432;1.00978e+10;0
4251;0.024576;1.02397e+10;1.05236e-321
4252;0.050176;1.09765e+10;1.76706e-316
4253;0.06144;1.14545e+10;1.43434e-316
4254;0.020768;9.76469e+09;0
4255;0.026624;1.03777e+10;6.92032e-310
4256;0.049152;1.11699e+10;6.92025e-310
4257;0.021504;9.76156e+09;6.92025e-310
4258;0.023552;1.03265e+10;4.28032e-314
4259;0.008192;1.28686e+10;6.92025e-310
4260;0.023296;1.00975e+10;1.86186e-316
4261;0.026624;1.0569e+10;3.22842e-319
4262;0.0256;1.00437e+10;1.58101e-322
4263;0.024576;1.01621e+10;4.28032e-314
4264;0.026624;1.0384e+10;6.92025e-310
4265;0.024352;1.00911e+10;1.86186e-316
4266;0.024576;1.02318e+10;3.22921e-319
4267;0.050176;1.12438e+10;4.94066e-324
4268;0.06144;1.12927e+10;1.83479e-316
4269;0.021504;9.60133e+09;1.16698e-319
4270;0.026624;1.03742e+10;6.92032e-310
4271;0.04928;1.09751e+10;6.92026e-310
4272;0.02048;9.75659e+09;4.94066e-324
4273;0.022528;9.87941e+09;1.83479e-316
4274;0.008192;1.28686e+10;1.16698e-319
4275;0.023552;1.00923e+10;6.92032e-310
4276;0.026624;1.03686e+10;6.92026e-310
4277;0.0256;9.91917e+09;4.19956e-322
4278;0.024576;1.03447e+10;6.92032e-310
4279;0.026624;1.03826e+10;4.2804e-314
4280;0.02432;1.00896e+10;4.2804e-314
4281;0.024576;1.02376e+10;4.2804e-314
4282;0.050176;1.13021e+10;4.17821e-311
4283;0.06144;1.14049e+10;9.88131e-324
4284;0.02048;9.76469e+09;0
4285;0.027424;1.058e+10;0
4286;0.049152;1.12697e+10;0
4287;0.02048;9.81486e+09;2.42092e-322
4288;0.023328;1.00771e+10;6.92032e-310
4289;0.008192;1.28686e+10;6.92032e-310
4290;0.023552;1.03171e+10;0
4291;0.027424;1.03819e+10;0
4292;0.0256;1.02383e+10;2.37152e-322
4293;0.024576;1.01458e+10;1.52172e-321
4294;0.026624;1.03784e+10;1.67841e-316
4295;0.02368;1.00896e+10;4.24399e-314
4296;0.024576;1.04345e+10;4.94066e-324
4297;0.05024;1.09937e+10;6.92032e-310
4298;0.06144;1.14534e+10;0
4299;0.02048;9.75643e+09;6.92032e-310
4300;0.026624;1.04023e+10;6.92032e-310
4301;0.049152;1.11245e+10;0
4302;0.02048;9.76239e+09;6.92032e-310
4303;0.023296;1.00883e+10;1.67857e-316
4304;0.008192;1.28744e+10;0
4305;0.023552;1.03148e+10;2.26875e-320
4306;0.026624;1.05698e+10;6.92032e-310
4307;0.0256;1.02405e+10;6.92032e-310
4308;0.024576;1.01399e+10;9.88131e-324
4309;0.026624;1.03833e+10;0
4310;0.024576;1.03085e+10;0
4311;0.024576;1.0239e+10;0
4312;0.050176;1.1305e+10;3.95253e-322
4313;0.06144;1.14534e+10;2.96439e-322
4314;0.021504;9.79869e+09;4.94066e-324
4315;0.026624;1.03602e+10;7.90505e-323
4316;0.050176;1.12022e+10;7.90505e-323
4317;0.02048;9.75825e+09;4.94066e-324
4318;0.023552;1.00883e+10;0
4319;0.008192;1.28686e+10;0
4320;0.023552;1.03445e+10;0
4321;0.026624;1.0564e+10;0
4322;0.026368;1.02448e+10;0
4323;0.024576;1.0148e+10;0
4324;0.026624;1.03714e+10;0
4325;0.023808;1.00911e+10;0
4326;0.024576;1.02412e+10;0
4327;0.050176;1.05664e+10;0
4328;0.06144;1.12713e+10;6.92032e-310
4329;0.020704;9.76386e+09;0
4330;0.026624;1.0556e+10;0
4331;0.049344;1.1219e+10;5.78057e-322
4332;0.021504;9.75908e+09;6.92032e-310
4333;0.022688;1.00943e+10;6.92032e-310
4334;0.008192;1.28686e+10;6.92032e-310
4335;0.02432;1.02961e+10;0
4336;0.026624;1.05661e+10;0
4337;0.0256;1.02361e+10;4.94066e-324
4338;0.024576;1.01488e+10;0
4339;0.026624;1.03826e+10;0
4340;0.024352;1.00911e+10;4.94066e-324
4341;0.024576;1.02303e+10;0
4342;0.050176;1.12241e+10;0
4343;0.06144;1.13564e+10;0
4344;0.021504;9.77296e+09;0
4345;0.026624;1.04597e+10;4.19956e-322
4346;0.049152;1.09728e+10;1.27618e-192
4347;0.02128;9.7657e+09;1.27618e-192
4348;0.022528;1.00905e+10;1.43434e-316
4349;0.008192;1.28686e+10;6.92032e-310
4350;0.023296;1.01222e+10;6.92032e-310
4351;0.026624;1.05676e+10;6.92032e-310
4352;0.0256;9.44492e+09;0
4353;0.024576;1.01532e+10;2.39786e-312
4354;0.026624;1.03854e+10;0
4355;0.02432;1.00948e+10;4.19956e-322
4356;0.025344;1.02231e+10;1.27618e-192
4357;0.050176;1.12196e+10;1.27618e-192
4358;0.062464;1.1394e+10;1.43434e-316
4359;0.020736;9.70799e+09;6.92032e-310
4360;0.026624;1.03714e+10;6.92032e-310
4361;0.049152;1.12363e+10;6.92032e-310
4362;0.02064;9.75163e+09;0
4363;0.023296;1.00763e+10;2.56761e-312
4364;0.008192;1.28629e+10;0
4365;0.023552;1.0114e+10;3.21143e-322
4366;0.026624;1.03826e+10;6.92032e-310
4367;0.0256;1.03288e+10;6.92032e-310
4368;0.024576;1.01458e+10;0
4369;0.027424;1.03784e+10;6.92032e-310
4370;0.025376;1.02821e+10;6.92042e-310
4371;0.024576;1.02448e+10;6.92032e-310
4372;0.050176;1.1121e+10;3.16202e-322
4373;0.061184;1.1457e+10;4.15015e-322
4374;0.020768;9.9081e+09;1.27618e-192
4687;0.0256;1.02289e+10;4.19956e-322
4688;0.024576;1.01539e+10;6.92032e-310
4689;0.026624;1.03742e+10;4.2804e-314
4690;0.025344;1.00866e+10;4.2804e-314
4691;0.024576;1.04263e+10;4.2804e-314
4692;0.050176;1.12078e+10;4.21641e-311
4693;0.06144;1.14623e+10;9.88131e-324
4694;0.020736;9.76138e+09;0
4695;0.027424;1.02291e+10;0
4696;0.049152;1.13176e+10;0
4697;0.02048;1.22136e+10;4.19956e-322
4698;0.022528;1.0089e+10;6.92032e-310
4699;0.008192;1.28514e+10;4.2804e-314
4700;0.023552;1.01591e+10;4.2804e-314
4701;0.026624;1.037e+10;4.2804e-314
4702;0.0256;1.00256e+10;4.21428e-311
4703;0.024576;1.0151e+10;9.88131e-324
4704;0.026624;1.03672e+10;0
4705;0.024352;1.00702e+10;0
4706;0.024576;1.02318e+10;0
4707;0.050144;1.09749e+10;6.57107e-322
4708;0.06144;1.1179e+10;2.84959e-316
4709;0.02048;9.76221e+09;9.88131e-324
4710;0.026624;1.04129e+10;6.92032e-310
4711;0.049152;1.08712e+10;6.92032e-310
4712;0.02048;9.76156e+09;6.92032e-310
4713;0.023296;1.00771e+10;0
4714;0.008256;1.28801e+10;4.24399e-314
4715;0.023328;1.01132e+10;6.92032e-310
4716;0.026624;1.05393e+10;0
4717;0.025376;1.02376e+10;0
4718;0.024576;1.01503e+10;6.92032e-310
4719;0.026624;1.03651e+10;0
4720;0.024352;1.00866e+10;0
4721;0.024576;1.00347e+10;0
4722;0.050176;1.12426e+10;0
4723;0.02432;1.15019e+10;1.60571e-321
4724;0.024576;1.02253e+10;1.67841e-316
4725;0.050176;1.12356e+10;4.24399e-314
4726;0.06144;1.1291e+10;4.94066e-324
4727;0.02048;9.76138e+09;6.92032e-310
4728;0.026624;1.01702e+10;0
4729;0.050176;1.12523e+10;6.92032e-310
4730;0.02048;9.59706e+09;6.92032e-310
4731;0.023296;1.00771e+10;0
4732;0.008192;1.28571e+10;6.92032e-310
4733;0.023552;1.01147e+10;1.67857e-316
4734;0.026624;1.03707e+10;0
4735;0.0256;1.02368e+10;2.27073e-320
4736;0.024576;1.01488e+10;6.92032e-310
4737;0.026624;1.037e+10;6.92032e-310
4738;0.02432;1.0124e+10;0
4739;0.024576;1.00801e+10;2.2893e-317
4740;0.050176;1.11484e+10;6.92032e-310
4741;0.06144;1.13989e+10;0
4742;0.021504;9.7556e+09;0
4743;0.026624;1.03707e+10;0
4744;0.049152;1.12375e+10;0
4745;0.02048;9.7475e+09;0
4746;0.023552;1.00771e+10;0
4747;0.008192;1.28917e+10;0
4748;0.02432;1.01132e+10;0
4749;0.026624;1.03672e+10;0
4750;0.0256;1.02282e+10;0
4751;0.024576;1.01407e+10;0
4752;0.026624;1.01655e+10;0
4753;0.024352;1.00746e+10;0
4754;0.024576;1.02303e+10;0
4755;0.050944;1.12225e+10;0
4756;0.06144;1.14559e+10;0
4757;0.02048;9.76221e+09;0
4758;0.026624;1.04086e+10;6.92032e-310
4759;0.049152;1.12375e+10;0
4760;0.02048;9.58826e+09;0
4761;0.023328;1.00771e+10;0
4762;0.008192;1.28859e+10;0
4763;0.023328;1.01147e+10;4.19956e-322
4764;0.026624;1.03427e+10;6.92032e-310
4765;0.0256;1.02296e+10;4.2804e-314
4766;0.024576;1.01517e+10;4.2804e-314
4767;0.026624;1.03756e+10;4.2804e-314
4768;0.024352;1.00933e+10;4.20367e-311
4769;0.024576;1.02361e+10;9.88131e-324
4770;0.050176;1.10953e+10;0
4771;0.06144;1.11964e+10;0
4772;0.021504;1.2407e+10;0
4773;0.026624;1.03693e+10;4.19956e-322
4774;0.049408;1.10795e+10;6.92032e-310
4775;0.02048;9.75494e+09;4.2804e-314
4776;0.02336;1.00793e+10;4.2804e-314
4777;0.008192;1.28859e+10;4.2804e-314
4778;0.024352;1.03016e+10;4.20155e-311
4779;0.027392;1.03665e+10;9.88131e-324
4780;0.0256;1.02289e+10;0
4781;0.024576;1.0148e+10;0
4782;0.026624;1.03651e+10;0
4783;0.02464;1.00866e+10;1.52666e-321
4784;0.024576;1.02368e+10;1.67841e-316
4785;0.050176;1.12098e+10;4.24399e-314
4786;0.06144;1.14385e+10;4.94066e-324
4787;0.021504;9.7713e+09;6.92032e-310
4788;0.026624;1.01789e+10;0
4789;0.049152;1.11112e+10;6.92032e-310
4790;0.02048;9.75908e+09;6.92032e-310
4791;0.02336;1.00763e+10;0
4792;0.008192;1.28744e+10;6.92032e-310
4793;0.023552;1.00893e+10;1.67857e-316
4794;0.026624;1.0377e+10;0
4795;0.0256;1.02267e+10;2.27073e-320
4796;0.024576;1.01414e+10;6.92032e-310
4797;0.026624;1.03672e+10;6.92032e-310
4798;0.02432;9.56363e+09;0
4799;0.024576;1.02267e+10;2.42843e-317
4800;0.050176;1.12225e+10;6.92032e-310
4801;0.06144;1.14024e+10;0
4802;0.02048;9.75973e+09;0
4803;0.026624;1.04298e+10;0
4804;0.050944;1.12921e+10;0
4805;0.02048;9.75329e+09;0
4806;0.023328;1.00823e+10;0
4807;0.008192;1.28801e+10;0
4808;0.023616;1.01606e+10;0
4809;0.026624;1.037e+10;0
4810;0.0256;1.02462e+10;0
4811;0.027616;1.01253e+10;0
4812;0.026624;1.03714e+10;0
4813;0.025344;1.00635e+10;0
4814;0.024576;1.02339e+10;0
4815;0.050176;1.08875e+10;0
4816;0.06144;1.13911e+10;0
4817;0.021504;9.76221e+09;0
4818;0.026624;1.04164e+10;6.92032e-310
4819;0.049152;1.10055e+10;0
4820;0.02048;9.74585e+09;0
4821;0.023328;1.00748e+10;1.05236e-321
4822;0.008192;1.28744e+10;1.76706e-316
4823;0.023296;1.01599e+10;1.43434e-316
4824;0.026624;1.03658e+10;0
4825;0.0256;1.02361e+10;6.92032e-310
4826;0.024576;1.01495e+10;6.92025e-310
4827;0.026624;1.03749e+10;1.58101e-322
4828;0.024352;1.00903e+10;1.81713e-316
4829;0.024576;1.02282e+10;9.69456e-320
4830;0.050176;1.11029e+10;6.92032e-310
4831;0.06144;1.14396e+10;6.92026e-310
4832;0.021504;9.58538e+09;4.94066e-324
4833;0.026624;1.01621e+10;1.81713e-316
4834;0.049344;1.13134e+10;9.69456e-320
4835;0.02048;9.75825e+09;6.92032e-310
4836;0.023328;1.0092e+10;6.92026e-310
4837;0.008192;1.28917e+10;1.16451e-319
4838;0.023552;1.03148e+10;6.92032e-310
4839;0.026624;1.03742e+10;6.92026e-310
4840;0.0256;1.02339e+10;0.026624
4841;0.024576;1.01422e+10;0.049152
4842;0.026624;1.0363e+10;0.02048
4843;0.024352;1.00799e+10;0.022528
4844;0.024576;1.02376e+10;0.008192
4845;0.050976;1.12447e+10;0.023328
4846;0.06144;1.14014e+10;0.027392
4847;0.02048;9.76056e+09;3.21143e-322
4848;0.026624;1.03714e+10;6.92032e-310
4849;0.049152;1.11136e+10;6.92032e-310
4850;0.02048;9.75411e+09;0
4851;0.023328;1.02976e+10;6.92032e-310
4852;0.008192;1.28859e+10;6.92042e-310
4853;0.023296;1.00901e+10;6.92032e-310
4854;0.026624;1.03735e+10;3.16202e-322
4855;0.0256;1.04345e+10;1.04742e-321
4856;0.024576;1.0148e+10;1.76706e-316
4857;0.026624;1.03679e+10;1.43434e-316
4858;0.023552;1.00911e+10;0
4859;0.024576;1.02282e+10;6.92032e-310
4860;0.050176;1.12176e+10;0.023552
4861;0.06144;1.12042e+10;1.58101e-322
4862;0.020704;9.76056e+09;1.81713e-316
4863;0.026624;1.0356e+10;9.68616e-320
4864;0.049152;1.12548e+10;6.92032e-310
4865;0.02128;9.75081e+09;6.92026e-310
4866;0.02432;1.00763e+10;4.94066e-324
4867;0.008192;1.28744e+10;1.81713e-316
4868;0.023552;1.03335e+10;9.68616e-320
4869;0.026624;1.03742e+10;6.92032e-310
4870;0.0256;1.02368e+10;6.92026e-310
4871;0.024576;1.01576e+10;0.049152
4872;0.026624;1.03658e+10;0.02048
4873;0.02432;1.00851e+10;0.023296
4874;0.024576;1.02224e+10;0.008192
4875;0.050176;1.11529e+10;0.02432
4876;0.06144;1.12983e+10;0.026624
4877;0.02048;9.5806e+09;0.0256
4878;0.026624;1.03798e+10;0.024576
4879;0.049984;1.12264e+10;0.02672
4880;0.020544;9.75329e+09;0.02432
4881;0.025664;1.00696e+10;6.57107e-322
4882;0.008192;1.28801e+10;2.84959e-316
4883;0.023552;1.0114e+10;9.88131e-324
4884;0.026624;1.03707e+10;6.92032e-310
4885;0.0256;1.04413e+10;6.92032e-310
4886;0.024576;1.01488e+10;6.92032e-310
4887;0.026624;1.03728e+10;0
4888;0.024352;1.00933e+10;4.24399e-314
4889;0.024576;1.02303e+10;6.92032e-310
4890;0.050176;1.1298e+10;0
4891;0.06144;1.1447e+10;0
4892;0.021504;9.75478e+09;6.92032e-310
4893;0.026624;1.03777e+10;0
4894;0.049152;1.11152e+10;0
4895;0.020736;9.75329e+09;0
4896;0.023328;1.00778e+10;0
4897;0.008192;1.28801e+10;4.19956e-322
4898;0.023552;9.4731e+09;1.27618e-192
4899;0.026624;1.04497e+10;1.27618e-192
4900;0.0256;1.00808e+10;1.43434e-316
4901;0.024576;1.01473e+10;6.92032e-310
4902;0.026624;1.03679e+10;6.92032e-310
4903;0.02368;1.00948e+10;6.92032e-310
4904;0.024576;1.02368e+10;0
4905;0.050176;1.12356e+10;2.56761e-312
4906;0.06144;1.1107e+10;0
4907;0.021504;9.76056e+09;4.19956e-322
4908;0.026624;1.01722e+10;6.92032e-310
4909;0.04992;1.10963e+10;4.2804e-314
4910;0.02048;9.81402e+09;4.2804e-314
4911;0.023328;1.00838e+10;4.2804e-314
4912;0.008192;1.28744e+10;4.09757e-311
4913;0.023552;1.01493e+10;9.88131e-324
4914;0.026624;1.03714e+10;0
4915;0.0256;1.0231e+10;0
4916;0.024576;1.0148e+10;0
4917;0.026624;1.03749e+10;1.52666e-321
4918;0.024352;1.0094e+10;1.67841e-316
4919;0.024576;1.04323e+10;4.24399e-314
4920;0.050176;1.09867e+10;4.94066e-324
4921;0.060416;1.14495e+10;6.92032e-310
4922;0.021504;9.75973e+09;0
4923;0.026624;1.19412e+10;6.92032e-310
4924;0.049152;1.12379e+10;6.92032e-310
4925;0.02048;9.75329e+09;0
4926;0.023296;1.00778e+10;6.92032e-310
4927;0.008192;1.28744e+10;1.67857e-316
4928;0.023328;1.03335e+10;0
4929;0.026624;1.05618e+10;2.27023e-320
4930;0.0256;1.02296e+10;6.92032e-310
4931;0.024576;1.01561e+10;6.92032e-310
4932;0.026624;1.01762e+10;0
4933;0.02432;1.00851e+10;5.82824e-317
4934;0.024576;1.02368e+10;6.92032e-310
4935;0.050976;1.08575e+10;0
4936;0.06144;1.11967e+10;0
4937;0.02048;9.76303e+09;0
4938;0.026624;1.03784e+10;0
4939;0.049248;1.11911e+10;0
4940;0.02048;9.74833e+09;0
4941;0.023296;1.00838e+10;0
4942;0.008192;1.28801e+10;0
4943;0.022528;1.0102e+10;0
4944;0.026624;1.01735e+10;0
4945;0.0256;1.02325e+10;0
4946;0.024576;1.01539e+10;0
4947;0.026624;1.03763e+10;0
4948;0.02448;9.87898e+09;0
4949;0.025344;9.55649e+09;0
4950;0.050176;1.12266e+10;0
4951;0.06144;1.13954e+10;0
4952;0.02048;9.76138e+09;6.92032e-310
4953;0.026624;1.03707e+10;0
4954;0.049152;1.12251e+10;0
4955;0.02048;9.74502e+09;4.19956e-322
4956;0.023328;9.86866e+09;1.27618e-192
4957;0.008192;1.28686e+10;1.27618e-192
4958;0.023328;1.01125e+10;1.43434e-316
4959;0.026624;1.01735e+10;6.92032e-310
4960;0.0256;1.02318e+10;6.92032e-310
4961;0.024576;1.01569e+10;6.92032e-310
4962;0.026624;1.03672e+10;0
4963;0.02432;1.00813e+10;2.56761e-312
4964;0.024576;1.02354e+10;0
4965;0.050176;1.1211e+10;1.05236e-321
4966;0.06144;1.14488e+10;1.76706e-316
4967;0.021504;9.53152e+09;1.43434e-316
4968;0.026624;1.03714e+10;0
4969;0.049216;1.11076e+10;6.92032e-310
4970;0.02048;9.75494e+09;1.97626e-323
4971;0.023328;1.0086e+10;6.92025e-310
4972;0.008192;1.28801e+10;4.28032e-314
4973;0.023328;1.23355e+10;6.92025e-310
4974;0.026624;1.03714e+10;1.86186e-316
4975;0.025376;1.02231e+10;3.22842e-319
4976;0.024576;1.0148e+10;1.58101e-322
4977;0.026624;1.04291e+10;4.28032e-314
4978;0.02432;1.00933e+10;6.92025e-310
4979;0.024576;1.04248e+10;1.86186e-316
4980;0.050176;1.12414e+10;3.22921e-319
4981;0.06144;1.12945e+10;4.94066e-324
4982;0.020704;9.74242e+09;1.83479e-316
4983;0.026624;1.03777e+10;1.17113e-319
4984;0.049408;1.11879e+10;6.92032e-310
4985;0.02048;9.74667e+09;6.92026e-310
4986;0.023328;1.01266e+10;4.94066e-324
4987;0.008192;1.28686e+10;1.83479e-316
4988;0.023552;1.0114e+10;1.17113e-319
4989;0.026624;1.03784e+10;6.92032e-310
4990;0.0256;1.02274e+10;6.92026e-310
4991;0.024576;1.01333e+10;4.19956e-322
4992;0.026624;1.03742e+10;6.92032e-310
4993;0.024352;1.00836e+10;4.2804e-314
4994;0.024576;1.00716e+10;4.2804e-314
4995;0.050176;1.12159e+10;4.2804e-314
4996;0.06144;1.13477e+10;4.10182e-311
4997;0.020704;9.76056e+09;9.88131e-324
4998;0.026624;1.037e+10;0
4999;0.049152;1.12433e+10;0
