1250;0.250656;0.023552;0.281216
1251;0.036192;0.008192;0.03568
1252;0.257856;0.023552;0.287488
1253;0.286368;0.026624;0.30912
1254;0.25616;0.024576;0.300576
1255;0.270208;0.0256;0.301664
1256;0.314624;0.026624;0.290176
1257;0.259744;0.023552;0.299584
1258;0.271968;0.024576;0.309856
1259;0.19808;0.02048;0.242464
1260;0.80032;0.06144;0.67872
1261;0.208192;0.021504;0.253792
1262;0.277888;0.026624;0.29232
1263;0.62928;0.049152;0.6168
1264;0.622496;0.050176;0.58032
1265;0.260384;0.022528;0.291936
1266;0.036192;0.008192;0.035776
1267;0.241728;0.023296;0.26256
1268;0.285376;0.026624;0.30896
1269;0.275264;0.024576;0.283744
1270;0.391808;0.025664;0.298304
1271;0.28768;0.026624;0.317088
1272;0.269984;0.024576;0.29072
1273;0.271072;0.024576;0.315072
1274;0.19808;0.020608;0.243488
1275;0.772;0.06144;0.635296
1276;0.204064;0.021504;0.242432
1277;0.281216;0.026624;0.311232
1278;0.637248;0.050176;0.627104
1279;0.620928;0.050176;0.58928
1280;0.260704;0.022528;0.30864
1281;0.036224;0.008192;0.035712
1282;0.241696;0.02432;0.26288
1283;0.287072;0.026656;0.312
1284;0.266016;0.024576;0.301728
1285;0.279424;0.0256;0.316512
1286;0.295456;0.026656;0.300384
1287;0.26048;0.023552;0.298624
1288;0.279104;0.024576;0.299072
1289;0.19808;0.02048;0.223424
1290;0.77264;0.06144;0.717664
1291;0.194368;0.021504;0.24304
1292;0.2864;0.026624;0.309824
1293;0.611072;0.049152;0.571776
1294;0.625056;0.050176;0.563104
1295;0.260768;0.022528;0.273952
1296;0.141248;0.008192;0.036896
1297;0.260896;0.023296;0.302464
1298;0.285344;0.026624;0.316128
1299;0.265248;0.024672;0.29488
1300;0.2712;0.0256;0.308
1301;0.295168;0.026624;0.317824
1302;0.26048;0.023552;0.282368
1303;0.27152;0.024576;0.29952
1304;0.19776;0.02048;0.242144
1305;0.779808;0.06144;0.633664
1306;0.199008;0.021504;0.24304
1307;0.268672;0.026624;0.282048
1308;0.630112;0.050176;0.626752
1309;0.620768;0.050176;0.58
1310;0.259712;0.023552;0.287616
1311;0.03616;0.008192;0.035712
1312;0.242752;0.023552;0.26352
1313;0.28608;0.026624;0.310816
1314;0.265408;0.0256;0.290848
1315;0.261888;0.0256;0.309056
1316;0.287328;0.026624;0.302464
1317;0.261792;0.023616;0.290432
1318;0.270912;0.024576;0.282944
1319;0.19776;0.02048;0.241696
1320;0.74304;0.06144;0.629184
1321;0.199168;0.021504;0.233056
1322;0.296288;0.026624;0.323232
1323;0.749056;0.13328;0.524928
1324;0.6128;0.050176;0.601856
1325;0.260416;0.022528;0.310464
1326;0.03616;0.008192;0.03568
1327;0.242016;0.023296;0.264064
1328;0.285344;0.026624;0.310592
1329;0.266976;0.024576;0.299648
1330;0.270912;0.0256;0.298112
1331;0.297184;0.026624;0.30144
1332;0.260768;0.024576;0.291808
1333;0.271264;0.024576;0.28912
1334;0.189888;0.02048;0.223936
1335;0.753504;0.06144;0.633184
1336;0.207424;0.021504;0.242048
1337;0.295264;0.026624;0.313728
1338;0.63488;0.049152;0.560896
1339;0.631392;0.050176;0.57744
1340;0.260416;0.023552;0.300512
1341;0.036192;0.008192;0.03568
1342;0.270752;0.023296;0.301248
1343;0.294592;0.026624;0.302528
1344;0.263936;0.024576;0.307584
1345;0.276512;0.0256;0.298144
1346;0.296224;0.026624;0.326304
1347;0.259744;0.023552;0.298752
1348;0.267168;0.024576;0.299776
1349;0.197728;0.02048;0.241184
1350;0.744448;0.06144;0.631648
1351;0.199168;0.021504;0.243552
1352;0.295232;0.026624;0.311744
1353;0.619904;0.050176;0.558496
1354;0.612256;0.050176;0.554944
1355;0.25968;0.022528;0.301472
1356;0.036256;0.008192;0.03568
1357;0.251264;0.023296;0.262656
1358;0.294592;0.026624;0.311008
1359;0.26544;0.024576;0.300352
1360;0.261056;0.0256;0.271136
1361;0.286272;0.026624;0.319968
1362;0.260768;0.024576;0.291584
1363;0.271968;0.024576;0.297056
1364;0.207488;0.02048;0.251904
1365;0.782016;0.06144;0.689952
1366;0.19824;0.021504;0.23968
1367;0.268992;0.026624;0.294432
1368;0.630208;0.050176;0.611744
1369;0.629888;0.050176;0.6072
1370;0.260416;0.022528;0.282176
1371;0.036192;0.008192;0.035776
1372;0.242784;0.023552;0.26352
1373;0.295264;0.026624;0.30944
1374;0.266048;0.024576;0.285696
1375;0.270656;0.0256;0.308128
1376;0.351808;0.026624;0.429728
1377;0.270368;0.024576;0.301504
1378;0.272672;0.024576;0.29856
1379;0.20256;0.02048;0.239776
1380;0.771648;0.06144;0.630944
1381;0.198368;0.021504;0.970144
1382;0.295968;0.026624;0.319328
1383;0.621024;0.050176;1.38125
1384;0.604416;0.050176;0.542656
1385;0.270112;0.023552;0.310688
1386;0.03616;0.009216;0.03568
1387;0.253312;0.023296;0.273472
1388;0.29456;0.026624;0.307456
1389;0.274528;0.024576;0.29312
1390;0.270656;0.0256;0.290656
1391;0.264448;0.026624;0.290176
1392;0.26144;0.023552;0.2808
1393;0.279104;0.024576;0.301824
1394;0.188864;0.02048;0.23312
1395;0.781312;0.06144;0.869568
1396;0.207776;0.021504;0.877888
1397;0.294528;0.026624;0.31872
1398;0.620864;0.049376;1.51875
1399;0.612544;0.050176;0.5416
1400;0.315808;0.023552;0.341856
1401;0.036192;0.008192;0.035712
1402;0.243072;0.02432;0.273152
1403;0.283968;0.026624;0.311008
1404;0.26704;0.024576;0.284192
1405;0.27056;0.0256;0.306976
1406;0.285952;0.026624;0.292192
1407;0.261536;0.024576;0.289728
1408;0.270688;0.024576;0.308288
1409;0.197728;0.02048;0.223936
1410;0.752544;0.06144;0.828288
1411;0.198816;0.021504;0.850304
1412;0.295584;0.026624;0.3088
1413;0.59648;0.049408;1.61181
1414;0.640032;0.0512;0.564864
1415;0.260448;0.023552;0.300928
1416;0.036192;0.008192;0.035712
1417;0.260352;0.023296;0.28976
1418;0.29456;0.026624;0.30672
1419;0.265728;0.024576;0.30192
1420;0.261696;0.0256;0.300032
1421;0.28624;0.026624;0.3104
1422;0.260096;0.023552;0.280032
1423;0.280576;0.024576;0.309312
1424;0.198144;0.020512;0.223968
1425;0.771648;0.06144;0.838976
1426;0.209504;0.021504;0.801824
1427;0.276864;0.028672;0.2824
1428;0.62832;0.04944;1.44522
1429;0.613536;0.050176;0.564448
1430;0.260704;0.023552;0.307296
1431;0.036192;0.008192;0.035712
1432;0.251328;0.023552;0.264128
1433;0.287232;0.026624;0.294272
1434;0.275552;0.024576;0.28656
1435;0.270848;0.0256;0.301664
1436;0.295488;0.026624;0.32816
1437;0.269344;0.023808;0.299648
1438;0.279168;0.024576;0.309696
1439;0.19808;0.021504;0.24112
1440;0.752832;0.06144;0.838816
1441;0.21216;0.021504;0.867296
1442;0.295584;0.026624;0.310496
1443;0.638368;0.050176;1.2976
1444;0.579328;0.050176;0.543232
1445;0.26048;0.022528;0.302944
1446;0.03616;0.008192;0.03568
1447;0.252992;0.023296;0.263104
1448;0.295296;0.026624;0.309664
1449;0.274432;0.024576;0.29328
1450;0.270592;0.0256;0.409952
1451;0.285952;0.026624;0.301216
1452;0.260768;0.023552;0.299232
1453;0.280224;0.024608;0.299392
1454;0.207424;0.02048;0.232128
1455;0.76704;0.06144;0.904384
1456;0.20736;0.021504;0.807584
1457;0.285344;0.026624;0.308992
1458;0.620448;0.049152;1.4601
1459;0.621216;0.050176;0.5816
1460;0.26064;0.023552;0.28944
1461;0.03616;0.008224;0.035712
1462;0.252352;0.023296;0.307392
1463;0.295264;0.026624;0.302912
1464;0.266784;0.024576;0.276832
1465;0.28032;0.0256;0.302176
1466;0.28624;0.02672;0.284
1467;0.26976;0.024576;0.291168
1468;0.271296;0.024576;0.281856
1469;0.197824;0.021504;0.25104
1470;0.773568;0.06144;0.896928
1471;0.19952;0.020608;0.846144
1472;0.276608;0.026752;0.282944
1473;0.610688;0.049152;1.33334
1474;0.62208;0.050464;0.543328
1475;0.260544;0.022528;0.308064
1476;0.03616;0.008192;0.035712
1477;0.24896;0.023296;0.291616
1478;0.286048;0.026624;0.309792
1479;0.266048;0.024576;0.302752
1480;0.271232;0.0256;0.300096
1481;0.294464;0.026624;0.315552
1482;0.260096;0.023552;0.289056
1483;0.269888;0.024576;0.299776
1484;0.207488;0.02048;0.25264
1485;0.773664;0.06144;0.897824
1486;0.199456;0.021504;0.719712
1487;0.295552;0.026624;0.31968
1488;0.630432;0.050176;1.47974
1489;0.639872;0.050176;0.544704
1490;0.260416;0.022528;0.302976
1491;0.03616;0.008192;0.035712
1492;0.260864;0.023552;0.290304
1493;0.285376;0.026624;0.310464
1494;0.266048;0.024576;0.29424
1495;0.270592;0.0256;0.310848
1496;0.29616;0.026624;0.320672
1497;0.269312;0.024576;0.29824
1498;0.281536;0.024576;0.29856
1499;0.207648;0.02048;0.249632
1500;0.77328;0.06144;0.838336
1501;0.216544;0.02048;0.886208
1502;0.312992;0.026624;0.310112
1503;0.611392;0.050176;1.28502
1504;0.594816;0.050176;0.579776
1505;0.261376;0.022528;0.30272
1506;0.03616;0.008256;0.035712
1507;0.242816;0.023392;0.27264
1508;0.285376;0.026624;0.322048
1509;0.267072;0.024576;0.302976
1510;0.279776;0.0256;0.312032
1511;0.286944;0.026624;0.30944
1512;0.269056;0.023808;0.289088
1513;0.271264;0.024576;0.291392
1514;0.197856;0.02048;0.24832
1515;0.743904;0.06144;0.911712
1516;0.20736;0.021504;0.738656
1517;0.295296;0.026624;0.31104
1518;0.611872;0.049344;1.38915
1519;0.623168;0.050176;0.571616
1520;0.260736;0.022528;0.309664
1521;0.03616;0.008192;0.035712
1522;0.260192;0.02432;0.29776
1523;0.294592;0.026624;0.322272
1524;0.263968;0.024576;0.311904
1525;0.317056;0.0256;0.31936
1526;0.285216;0.026624;0.308576
1527;0.260448;0.023744;0.288064
1528;0.270944;0.024576;0.295488
1529;0.208096;0.021504;0.223456
1530;0.752832;0.06144;0.840032
1531;0.216992;0.021504;0.89552
1532;0.295264;0.026624;0.309504
1533;0.629312;0.049152;1.27958
1534;0.621152;0.0512;0.57824
1535;0.260416;0.022528;0.280128
1536;0.036224;0.008192;0.03568
1537;0.242912;0.023296;0.28288
1538;0.295264;0.026624;0.310528
1539;0.266304;0.024576;0.266272
1540;0.265504;0.0256;0.299264
1541;0.28592;0.026624;0.282496
1542;0.261504;0.024576;0.288192
1543;0.271232;0.024576;0.288832
1544;0.206976;0.02048;0.242144
1545;0.798848;0.06144;0.726368
1546;0.199488;0.021504;0.887104
1547;0.295264;0.026624;0.310496
1548;0.618976;0.049152;1.26067
1549;0.6216;0.050176;0.580992
1550;0.30704;0.023552;0.411648
1551;0.036192;0.008192;0.035712
1552;0.2704;0.023552;0.290912
1553;0.28608;0.026624;0.31184
1554;0.265696;0.024576;0.3024
1555;0.280096;0.0256;0.299232
1556;0.287296;0.026784;0.307552
1557;0.252608;0.023552;0.290336
1558;0.29008;0.024576;0.27984
1559;0.197824;0.02048;0.242176
1560;0.789504;0.06144;0.687968
1561;0.207872;0.021504;0.8104
1562;0.303776;0.026688;0.309696
1563;0.6296;0.049152;1.36694
1564;0.593664;0.050176;0.536512
1565;0.261024;0.023552;0.302656
1566;0.036288;0.008192;0.035712
1567;0.260832;0.023296;0.300032
1568;0.286048;0.026624;0.30144
1569;0.264256;0.024576;0.293664
1570;0.271008;0.0256;0.293184
1571;0.285216;0.026624;0.309056
1572;0.26064;0.023552;0.273376
1573;0.272384;0.024576;0.306304
1574;0.213504;0.02048;0.242592
1575;0.789664;0.06144;0.725312
1576;0.198112;0.021504;0.783776
1577;0.285344;0.026624;0.307936
1578;0.630912;0.049152;1.50246
1579;0.621952;0.050176;0.544704
1580;0.2608;0.023552;0.301632
1581;0.036256;0.008192;0.035712
1582;0.25168;0.023296;0.26256
1583;0.285344;0.027648;0.302016
1584;0.265984;0.024576;0.300672
1585;0.271072;0.0256;0.300096
1586;0.287264;0.026624;0.302304
1587;0.259648;0.023552;0.281344
1588;0.272704;0.024576;0.310016
1589;0.197792;0.02048;0.244704
1590;0.800352;0.06144;0.70832
1591;0.207648;0.021504;0.877952
1592;0.295264;0.026624;0.309504
1593;0.639168;0.050176;1.59987
1594;0.611808;0.050176;0.542656
1595;0.259296;0.022528;0.310208
1596;0.036192;0.008192;0.03568
1597;0.27072;0.023296;0.288544
1598;0.295264;0.026624;0.32048
1599;0.275072;0.024576;0.30608
1600;0.279456;0.0256;0.3016
1601;0.453568;0.026624;0.357696
1602;0.269024;0.024576;0.296384
1603;0.271968;0.024576;0.299072
1604;0.207648;0.02048;0.242688
1605;0.761312;0.06144;0.727424
1606;0.21216;0.021504;1.00586
1607;0.303776;0.026624;0.303008
1608;0.654784;0.050176;1.66298
1609;0.63552;0.050176;0.589728
1610;0.250368;0.022528;0.282688
1611;0.036192;0.008192;0.03568
1612;0.249024;0.023552;0.264128
1613;0.304032;0.026624;0.320192
1614;0.247648;0.024576;0.285376
1615;0.270976;0.0256;0.311616
1616;0.294496;0.026624;0.30016
1617;0.262432;0.023552;0.290208
1618;0.26208;0.024576;0.291648
1619;0.197728;0.02048;0.240384
1620;0.763264;0.06144;0.696512
1621;0.20736;0.021504;0.960576
1622;0.322208;0.026624;0.308768
1623;0.619392;0.04944;1.73168
1624;0.6392;0.050176;0.552192
1625;0.25952;0.022816;0.280224
1626;0.036512;0.008192;0.03568
1627;0.253376;0.023296;0.300064
1628;0.295552;0.026624;0.319392
1629;0.265184;0.024576;0.275872
1630;0.26992;0.0256;0.307648
1631;0.285216;0.026624;0.281952
1632;0.261248;0.024576;0.290304
1633;0.271104;0.024576;0.289664
1634;0.19776;0.02048;0.24112
1635;0.753888;0.06144;0.689376
1636;0.209152;0.021504;0.933696
1637;0.312992;0.026624;0.32064
1638;0.629248;0.050176;1.3913
1639;0.631584;0.05024;0.607744
1640;0.274688;0.022816;0.281248
1641;0.036192;0.008192;0.035712
1642;0.242944;0.02352;0.31024
1643;0.295264;0.026624;0.30896
1644;0.266752;0.0256;0.266336
1645;0.275328;0.0256;0.30016
1646;0.286944;0.026688;0.281504
1647;0.2608;0.023552;0.287456
1648;0.279456;0.024576;0.281344
1649;0.207648;0.02048;0.24144
1650;0.781536;0.06144;0.718144
1651;0.248992;0.021504;1.08323
1652;0.304544;0.02688;0.328384
1653;0.63952;0.050176;1.4263
1654;0.648736;0.050176;0.630784
1655;0.260448;0.022528;0.303648
1656;0.036192;0.008192;0.035712
1657;0.242144;0.023392;0.264672
1658;0.277024;0.026624;0.311552
1659;0.26096;0.024576;0.2936
1660;0.261792;0.026624;0.281376
1661;0.27776;0.026624;0.292
1662;0.242368;0.023776;0.263136
1663;0.270912;0.024576;0.299456
1664;0.207968;0.02048;0.251392
1665;0.771104;0.06144;0.68272
1666;0.198496;0.021504;0.994656
1667;0.290464;0.026624;0.301472
1668;0.638368;0.049152;1.50768
1669;0.612864;0.050176;0.582336
1670;0.2696;0.022528;0.300416
1671;0.036192;0.008224;0.03568
1672;0.242048;0.023552;0.27168
1673;0.295296;0.026624;0.284352
1674;0.266336;0.024576;0.29296
1675;0.269888;0.0256;0.27424
1676;0.287264;0.026784;0.292
1677;0.260768;0.023712;0.289568
1678;0.280096;0.024576;0.299776
1679;0.202464;0.021504;0.243232
1680;0.77616;0.06144;0.70832
1681;0.216864;0.021504;0.866144
1682;0.295328;0.026624;0.312032
1683;0.620704;0.049152;1.30243
1684;0.621056;0.050176;0.604576
1685;0.26096;0.022528;0.308096
1686;0.036192;0.008192;0.035744
1687;0.260448;0.023392;0.290144
1688;0.28608;0.026624;0.301952
1689;0.264992;0.024576;0.295264
1690;0.252704;0.0256;0.271488
1691;0.287328;0.02672;0.31072
1692;0.270112;0.023552;0.288736
1693;0.270528;0.024576;0.318848
1694;0.211744;0.02048;0.24368
1695;0.775648;0.06144;0.67216
1696;0.207488;0.021504;0.943168
1697;0.295584;0.026624;0.29328
1698;0.6312;0.049152;1.29725
1699;0.622048;0.050176;0.615616
1700;0.24928;0.023552;0.289632
1701;0.036192;0.008192;0.035808
1702;0.25168;0.023424;0.26512
1703;0.286368;0.026624;0.318272
1704;0.264992;0.024576;0.29424
1705;0.26992;0.026624;0.300096
1706;0.29616;0.026624;0.299168
1707;0.269824;0.023552;0.2904
1708;0.271808;0.024704;0.31136
1709;0.197792;0.02048;0.222912
1710;0.753952;0.06144;0.67296
1711;0.202944;0.021504;0.829504
1712;0.28736;0.027648;0.291776
1713;0.629568;0.049152;1.2327
1714;0.603296;0.050176;0.538048
1715;0.259936;0.022528;0.300224
1716;0.03616;0.008192;0.03568
1717;0.242304;0.023552;0.264096
1718;0.295584;0.026624;0.301056
1719;0.2752;0.0256;0.303424
1720;0.270144;0.0256;0.283488
1721;0.295616;0.026624;0.318336
1722;0.260608;0.023552;0.2616
1723;0.259584;0.024576;0.296736
1724;0.207424;0.02048;0.2408
1725;0.772832;0.06144;0.700096
1726;0.200416;0.021504;0.92112
1727;0.295264;0.026624;0.293792
1728;0.629728;0.049152;1.21485
1729;0.62128;0.050176;0.545792
1730;0.2616;0.022528;0.299904
1731;0.03616;0.008416;0.03568
1732;0.241888;0.023552;0.282336
1733;0.286368;0.026624;0.292576
1734;0.265792;0.024576;0.301376
1735;0.26976;0.0256;0.273664
1736;0.279904;0.026624;0.312288
1737;0.241312;0.023552;0.290048
1738;0.272768;0.024576;0.298368
1739;0.207808;0.02048;0.241312
1740;0.77136;0.06144;0.664864
1741;0.212576;0.021504;0.948928
1742;0.276864;0.028672;0.282752
1743;0.647072;0.049408;1.25635
1744;0.61232;0.050176;0.536992
1745;0.26176;0.022528;0.301216
1746;0.036192;0.008192;0.035712
1747;0.260864;0.023296;0.29008
1748;0.290176;0.027648;0.30352
1749;0.264864;0.024576;0.302496
1750;0.269792;0.0256;0.291584
1751;0.426912;0.026624;0.306368
1752;0.26064;0.024576;0.29008
1753;0.280096;0.024576;0.294976
1754;0.200992;0.02048;0.240544
1755;0.78512;0.06144;0.672448
1756;0.198336;0.021504;0.932224
1757;0.286048;0.026624;0.283072
1758;0.628992;0.049152;1.26112
1759;0.611968;0.050176;0.545024
1760;0.26992;0.023552;0.317376
1761;0.036192;0.008192;0.03568
1762;0.25184;0.022528;0.264032
1763;0.287072;0.026624;0.308288
1764;0.264544;0.024576;0.294432
1765;0.269824;0.0256;0.300128
1766;0.295456;0.026624;0.309952
1767;0.25968;0.024576;0.287648
1768;0.276224;0.024576;0.300096
1769;0.19792;0.02048;0.24016
1770;0.781024;0.06144;0.708832
1771;0.207488;0.021504;0.950624
1772;0.295584;0.026624;0.28368
1773;0.619744;0.049152;1.28314
1774;0.612352;0.050176;0.545184
1775;0.270752;0.022528;0.319456
1776;0.036192;0.008192;0.03568
1777;0.251136;0.023424;0.261536
1778;0.285472;0.026624;0.293248
1779;0.265376;0.024576;0.310656
1780;0.279104;0.0256;0.29056
1781;0.291136;0.026624;0.308896
1782;0.26928;0.023552;0.272352
1783;0.270496;0.024576;0.297536
1784;0.207712;0.02048;0.240288
1785;0.771776;0.06144;0.709088
1786;0.198336;0.021504;0.938432
1787;0.276608;0.026624;0.282464
1788;0.638304;0.050176;1.2289
1789;0.630752;0.050176;0.54672
1790;0.260224;0.023552;0.310688
1791;0.036224;0.008224;0.03568
1792;0.242272;0.023552;0.26496
1793;0.294528;0.026624;0.308992
1794;0.27424;0.024576;0.30192
1795;0.270784;0.0256;0.273664
1796;0.295584;0.026624;0.310112
1797;0.260576;0.023552;0.298432
1798;0.271808;0.024576;0.300416
1799;0.203968;0.02048;0.242688
1800;0.762112;0.06144;0.683712
1801;0.207552;0.021504;0.87488
1802;0.287072;0.026624;0.30848
1803;0.607264;0.050176;1.21616
1804;0.64;0.050176;0.635136
1805;0.260256;0.022528;0.290624
1806;0.036224;0.008192;0.03568
1807;0.24288;0.023296;0.263104
1808;0.278208;0.026624;0.319136
1809;0.2744;0.024576;0.293216
1810;0.2672;0.0256;0.30832
1811;0.286944;0.026624;0.309824
1812;0.250752;0.023744;0.29776
1813;0.269792;0.024576;0.297056
1814;0.216032;0.02048;0.250656
1815;0.771424;0.06144;0.66496
1816;0.198336;0.021504;0.91328
1817;0.303776;0.026624;0.328448
1818;0.639392;0.04944;1.2313
1819;0.61136;0.050176;0.584704
1820;0.260576;0.023552;0.300032
1821;0.03616;0.008224;0.035712
1822;0.252064;0.023296;0.264
1823;0.27616;0.026624;0.28384
1824;0.265024;0.024576;0.294912
1825;0.26976;0.0256;0.299712
1826;0.285216;0.026624;0.307584
1827;0.260288;0.023552;0.2872
1828;0.281216;0.024576;0.289536
1829;0.24928;0.02048;0.361408
1830;0.781312;0.06144;0.692384
1831;0.199008;0.021504;0.822144
1832;0.304512;0.026752;0.320032
1833;0.630656;0.049152;1.34822
1834;0.630752;0.050176;0.586144
1835;0.260576;0.023552;0.30192
1836;0.036288;0.008192;0.03568
1837;0.269184;0.023296;0.288672
1838;0.285344;0.026624;0.302336
1839;0.274496;0.024576;0.292704
1840;0.270496;0.026624;0.2824
1841;0.2944;0.026624;0.308928
1842;0.259872;0.024576;0.26208
1843;0.271872;0.0256;0.300096
1844;0.203584;0.02048;0.24064
1845;0.78976;0.06144;0.67552
1846;0.200384;0.021504;0.948672
1847;0.3048;0.026624;0.309632
1848;0.619744;0.049152;1.25478
1849;0.621152;0.050176;0.538176
1850;0.260576;0.023552;0.309152
1851;0.036192;0.008192;0.03584
1852;0.260416;0.023552;0.29968
1853;0.295584;0.026624;0.310464
1854;0.330176;0.024576;0.31984
1855;0.271456;0.0256;0.30992
1856;0.286208;0.026624;0.311136
1857;0.260608;0.023552;0.290176
1858;0.270848;0.024576;0.299616
1859;0.197664;0.02048;0.231648
1860;0.752416;0.06144;0.672992
1861;0.198464;0.021504;0.915008
1862;0.29456;0.026624;0.28288
1863;0.619744;0.050176;1.22237
1864;0.62064;0.050176;0.544672
1865;0.260448;0.022528;0.300992
1866;0.03616;0.008384;0.03568
1867;0.251488;0.023296;0.263488
1868;0.295232;0.026624;0.318656
1869;0.265888;0.024576;0.2912
1870;0.258496;0.0256;0.310336
1871;0.28624;0.02672;0.30992
1872;0.26064;0.02384;0.291776
1873;0.273056;0.024576;0.291584
1874;0.20736;0.02048;0.249856
1875;0.766848;0.06144;0.664832
1876;0.203904;0.021504;0.922496
1877;0.295264;0.026624;0.320064
1878;0.630304;0.049152;1.22848
1879;0.630272;0.050176;0.592192
1880;0.269792;0.023552;0.327584
1881;0.036192;0.008192;0.03568
1882;0.251424;0.023296;0.289536
1883;0.304128;0.026624;0.318368
1884;0.265568;0.024576;0.267264
1885;0.279232;0.0256;0.29856
1886;0.29136;0.026624;0.283008
1887;0.26576;0.023648;0.299808
1888;0.272064;0.024576;0.273184
1889;0.197568;0.02048;0.240416
1890;0.780704;0.06144;0.765408
1891;0.19904;0.021504;0.812288
1892;0.294528;0.027648;0.311072
1893;0.61024;0.050176;1.26499
1894;0.62224;0.050176;0.584672
1895;0.268448;0.023552;0.282592
1896;0.03616;0.008192;0.03568
1897;0.24192;0.023296;0.264608
1898;0.295392;0.026624;0.311808
1899;0.273824;0.024576;0.292192
1900;0.270784;0.0256;0.300832
1901;0.277056;0.026624;0.282976
1902;0.26048;0.024576;0.290048
1903;0.261664;0.024576;0.292096
1904;0.19808;0.021504;0.233152
1905;0.772128;0.06144;0.692384
1906;0.199296;0.021504;0.831424
1907;0.295264;0.026624;0.311008
1908;0.611552;0.050176;1.23178
1909;0.622208;0.050176;0.583424
1910;0.260448;0.023552;0.317376
1911;0.036192;0.008192;0.035712
1912;0.260096;0.023552;0.290976
1913;0.286048;0.026624;0.310784
1914;0.273824;0.024576;0.285024
1915;0.270176;0.0256;0.291936
1916;0.296096;0.026624;0.283392
1917;0.261248;0.023552;0.29696
1918;0.272544;0.024576;0.288576
1919;0.20784;0.021504;0.24112
1920;0.780864;0.06144;0.7536
1921;0.207872;0.021504;0.8416
1922;0.295264;0.026624;0.31072
1923;0.630336;0.049152;0.95792
1924;0.62112;0.050176;0.564608
1925;0.259936;0.022528;0.313984
1926;0.036192;0.008192;0.03568
1927;0.25248;0.023296;0.27104
1928;0.286208;0.027648;0.303072
1929;0.320832;0.024576;0.412352
1930;0.289248;0.0256;0.30112
1931;0.294464;0.026624;0.311424
1932;0.251424;0.024576;0.272288
1933;0.271168;0.024576;0.310016
1934;0.207552;0.021504;0.240096
1935;0.771456;0.06144;0.674496
1936;0.207168;0.021504;0.939008
1937;0.28592;0.027648;0.303552
1938;0.630208;0.050176;0.907616
1939;0.621472;0.050176;0.543648
1940;0.260608;0.022528;0.298912
1941;0.03616;0.008192;0.035712
1942;0.260352;0.023296;0.291616
1943;0.295936;0.026624;0.318688
1944;0.257088;0.024576;0.291136
1945;0.271872;0.0256;0.310528
1946;0.28592;0.026624;0.308896
1947;0.26;0.024576;0.290016
1948;0.261984;0.024576;0.307584
1949;0.198976;0.02048;0.247744
1950;0.779872;0.06144;0.709664
1951;0.19936;0.021504;0.820256
1952;0.294528;0.026624;0.308672
1953;0.63456;0.049152;0.950144
1954;0.632032;0.050176;0.570304
1955;0.261152;0.022528;0.300608
1956;0.03616;0.008192;0.03584
1957;0.250784;0.02336;0.27312
1958;0.296352;0.026624;0.30912
1959;0.257088;0.024576;0.300448
1960;0.26976;0.0256;0.2984
1961;0.27808;0.026624;0.356064
1962;0.232704;0.024576;0.313664
1963;0.232224;0.024576;0.298784
1964;0.203488;0.02048;0.240288
1965;0.645888;0.06144;0.82368
1966;0.163648;0.021504;0.701856
1967;0.236736;0.026624;0.31232
1968;0.546784;0.049152;1.11408
1969;0.548224;0.050176;0.668416
1970;0.210112;0.022528;0.327552
1971;0.036192;0.008192;0.03568
1972;0.246336;0.023552;0.289504
1973;0.241408;0.026624;0.3168
1974;0.211712;0.024576;0.309344
1975;0.231904;0.0256;0.306496
1976;0.241472;0.026624;0.336576
1977;0.222048;0.02384;0.305376
1978;0.230176;0.024576;0.31648
1979;0.20272;0.020512;0.250208
1980;0.630912;0.06144;0.854528
1981;0.157056;0.021504;0.709696
1982;0.237248;0.026624;0.319904
1983;0.652608;0.050176;1.00205
1984;0.54464;0.050176;0.64224
1985;0.221472;0.023552;0.315872
1986;0.03616;0.008192;0.03568
1987;0.220416;0.023296;0.290496
1988;0.2424;0.026624;0.309984
1989;0.209632;0.024576;0.322112
1990;0.229248;0.0256;0.307808
1991;0.240416;0.026624;0.31712
1992;0.208928;0.023744;0.305664
1993;0.234272;0.024576;0.304928
1994;0.203744;0.02048;0.250368
1995;0.640448;0.06144;0.79088
1996;0.165664;0.021504;0.71152
1997;0.242432;0.026624;0.320128
1998;0.590016;0.050176;1.03338
1999;0.520736;0.050176;0.644992
2000;0.213376;0.023552;0.340928
2001;0.036192;0.008192;0.035744
2002;0.210912;0.023264;0.298912
2003;0.251904;0.026624;0.311584
2004;0.209856;0.024576;0.294048
2005;0.217568;0.0256;0.317024
2006;0.239712;0.026624;0.316864
2007;0.221792;0.02368;0.307488
2008;0.231616;0.024576;0.317184
2009;0.202752;0.02048;0.239648
2010;0.65008;0.06144;0.800448
2011;0.297248;0.021504;0.700288
2012;0.236576;0.026624;0.307808
2013;0.525056;0.050176;1.05939
2014;0.539744;0.050176;0.6312
2015;0.207264;0.023552;0.316352
2016;0.036128;0.008224;0.03568
2017;0.22016;0.023456;0.296992
2018;0.242752;0.026624;0.327648
2019;0.225376;0.024576;0.312992
2020;0.256;0.0256;0.308864
2021;0.232;0.026624;0.318816
2022;0.208128;0.02384;0.29776
2023;0.218848;0.024576;0.299616
2024;0.156832;0.02048;0.2424
2025;0.636192;0.06144;0.832544
2026;0.176512;0.021504;0.680512
2027;0.236512;0.026624;0.318208
2028;0.529536;0.049152;1.02435
2029;0.520736;0.050176;0.643936
2030;0.245344;0.023552;0.308256
2031;0.03616;0.008192;0.03568
2032;0.217344;0.023552;0.291072
2033;0.232288;0.026656;0.317312
2034;0.223936;0.024576;0.309312
2035;0.256288;0.0256;0.316992
2036;0.24352;0.026624;0.33088
2037;0.208128;0.023776;0.306144
2038;0.215616;0.024576;0.310144
2039;0.203488;0.020512;0.2408
2040;0.802688;0.06144;0.91632
2041;0.203456;0.021504;0.70176
2042;0.231104;0.026624;0.32944
2043;0.537888;0.050176;1.00518
2044;0.562304;0.050176;0.684256
2045;0.222016;0.023552;0.337312
2046;0.03616;0.008192;0.035712
2047;0.246112;0.023296;0.291456
2048;0.22944;0.026624;0.317568
2049;0.242272;0.024576;0.303968
2050;0.230176;0.0256;0.308512
2051;0.235776;0.027648;0.31712
2052;0.217632;0.02384;0.317472
2053;0.229984;0.024576;0.308832
2054;0.210112;0.022528;0.242368
2055;0.654944;0.060416;0.797632
2056;0.216768;0.021504;0.70048
2057;0.230048;0.026816;0.319168
2058;0.535488;0.050176;1.00797
2059;0.736352;0.050176;0.68624
2060;0.286976;0.023552;0.359392
2061;0.036288;0.008224;0.03568
2062;0.297952;0.023296;0.321216
2063;0.46144;0.026624;0.349376
2064;0.302432;0.0256;0.296032
2065;0.307072;0.0256;0.302176
2066;0.461536;0.026624;0.385248
2067;0.307104;0.023552;0.293152
2068;0.308032;0.024576;0.32976
2069;0.217696;0.021504;0.26128
2070;1.01962;0.06144;0.84688
2071;0.231552;0.021504;1.0735
2072;0.396448;0.026624;0.34992
2073;0.708576;0.049152;1.46208
2074;0.741504;0.050176;0.641056
2075;0.287232;0.022528;0.337312
2076;0.036192;0.008192;0.035712
2077;0.278528;0.023296;0.292576
2078;0.332448;0.026624;0.349696
2079;0.30272;0.024576;0.29552
2080;0.30768;0.0256;0.337952
2081;0.33264;0.026624;0.35904
2082;0.287552;0.024576;0.301856
2083;0.299296;0.024576;0.336928
2084;0.22528;0.021504;0.261312
2085;0.928736;0.06144;0.797056
2086;0.221312;0.021504;0.778112
2087;0.3328;0.026624;0.313568
2088;0.722048;0.049152;1.08218
2089;0.732384;0.050176;0.680864
2090;0.287872;0.022528;0.349056
2091;0.03616;0.008192;0.035712
2092;0.287712;0.023552;0.329856
2093;0.331744;0.026624;0.312544
2094;0.302496;0.024576;0.341408
2095;0.29776;0.0256;0.302656
2096;0.342592;0.026624;0.349856
2097;0.288288;0.023808;0.32896
2098;0.299456;0.024576;0.328704
2099;0.221088;0.021504;0.252416
2100;0.854304;0.06144;0.794528
2101;0.22608;0.021504;0.658496
2102;0.342048;0.026624;0.34992
2103;0.748128;0.049152;1.16438
2104;0.719936;0.050176;0.64176
2105;0.297312;0.022528;0.349056
2106;0.036192;0.008192;0.035968
2107;0.27856;0.023296;0.292224
2108;0.322592;0.026624;0.322272
2109;0.3024;0.024576;0.332128
2110;0.307968;0.0256;0.346304
2111;0.313888;0.026624;0.339392
2112;0.288448;0.023552;0.320864
2113;0.317184;0.024576;0.329472
2114;0.226016;0.021504;0.270848
2115;1.1015;0.06144;0.906368
2116;0.222272;0.021504;0.814976
2117;0.322208;0.026624;0.322272
2118;0.731392;0.050176;1.08112
2119;0.717856;0.050176;0.631744
2120;0.297472;0.022528;0.343456
2121;0.03616;0.008192;0.03568
2122;0.288416;0.023296;0.301888
2123;0.32224;0.026624;0.350432
2124;0.302816;0.024576;0.316832
2125;0.299072;0.0256;0.33024
2126;0.346688;0.026624;0.32592
2127;0.296448;0.023776;0.320352
2128;0.298944;0.024576;0.329856
2129;0.216192;0.02048;0.272128
2130;0.919872;0.06144;0.802528
2131;0.232;0.021504;1.02637
2132;0.340992;0.026624;0.322976
2133;0.721888;0.049152;1.38973
2134;0.7336;0.050176;0.650944
2135;0.27904;0.022528;0.310176
2136;0.036256;0.008224;0.03568
2137;0.297632;0.02432;0.34128
2138;0.332736;0.026624;0.329632
2139;0.292864;0.024576;0.331872
2140;0.316576;0.0256;0.330048
2141;0.406432;0.026624;0.384384
2142;0.30752;0.024576;0.328032
2143;0.298464;0.024576;0.301088
2144;0.21648;0.02048;0.26112
2145;0.910784;0.06144;0.795936
2146;0.225952;0.021504;0.796192
2147;0.342016;0.026624;0.31296
2148;0.734688;0.050176;1.26602
2149;0.73232;0.050176;0.715072
2150;0.287264;0.022528;0.357472
2151;0.036192;0.008192;0.03568
2152;0.28816;0.023552;0.329408
2153;0.342432;0.026624;0.34992
2154;0.301728;0.024576;0.341856
2155;0.308768;0.0256;0.34752
2156;0.351904;0.026624;0.348832
2157;0.287616;0.024576;0.301312
2158;0.308672;0.024576;0.34816
2159;0.216384;0.02048;0.260768
2160;0.883904;0.06144;0.80576
2161;0.223392;0.021504;0.980864
2162;0.322528;0.026624;0.347552
2163;0.739744;0.049152;1.24685
2164;0.726912;0.050176;0.652544
2165;0.288992;0.023552;0.333696
2166;0.036192;0.008224;0.03568
2167;0.28848;0.023296;0.293312
2168;0.341664;0.026624;0.349888
2169;0.311136;0.024576;0.307904
2170;0.298784;0.0256;0.338944
2171;0.3344;0.026624;0.348032
2172;0.297536;0.023552;0.311072
2173;0.298112;0.024576;0.328704
2174;0.221632;0.02048;0.270016
2175;0.873088;0.06144;0.839456
2176;0.225984;0.02048;0.8976
2177;0.336864;0.026624;0.348928
2178;0.7504;0.04928;1.40298
2179;0.714848;0.050176;0.629472
2180;0.28832;0.023552;0.321184
2181;0.036192;0.008192;0.03568
2182;0.270144;0.023296;0.302016
2183;0.332448;0.026624;0.341728
2184;0.293632;0.024576;0.296288
2185;0.306944;0.026624;0.339008
2186;0.342048;0.026624;0.312608
2187;0.29744;0.024576;0.338144
2188;0.289792;0.024576;0.336896
2189;0.277504;0.021504;0.279552
2190;0.873216;0.06144;0.805248
2191;0.230528;0.021504;0.943936
2192;0.342048;0.026624;0.341248
2193;0.721728;0.049408;1.16518
2194;0.740832;0.0512;0.64144
2195;0.289024;0.023552;0.339296
2196;0.03632;0.008192;0.035712
2197;0.297888;0.023424;0.328928
2198;0.332448;0.026624;0.313056
2199;0.301792;0.024576;0.330336
2200;0.298496;0.0256;0.310304
2201;0.342592;0.026624;0.348832
2202;0.290272;0.024576;0.330304
2203;0.30832;0.024576;0.327872
2204;0.225536;0.02048;0.244512
2205;0.86768;0.06144;0.788352
2206;0.216768;0.021504;0.943968
2207;0.341664;0.026624;0.339776
2208;0.749824;0.050176;1.45238
2209;0.740928;0.050176;0.713184
2210;0.287648;0.022528;0.341344
2211;0.036192;0.008192;0.03568
2212;0.280864;0.023552;0.353184
2213;0.332736;0.026624;0.313056
2214;0.302752;0.024576;0.32272
2215;0.30736;0.0256;0.30144
2216;0.3248;0.026624;0.349088
2217;0.2968;0.023552;0.33024
2218;0.298624;0.024576;0.328224
2219;0.213792;0.02048;0.2616
2220;0.90176;0.06144;0.833696
2221;0.22576;0.021504;1.00797
2222;0.340992;0.026624;0.359616
2223;0.739552;0.050176;1.25011
2224;0.741088;0.050176;0.676576
2225;0.297824;0.022528;0.348064
2226;0.036224;0.008224;0.035712
2227;0.289024;0.023296;0.301696
2228;0.340672;0.026624;0.359136
2229;0.2976;0.024576;0.3144
2230;0.306592;0.0256;0.34848
2231;0.296192;0.026624;0.311424
2232;0.288288;0.026624;0.32704
2233;0.298752;0.024576;0.33792
2234;0.225248;0.02048;0.270016
2235;0.920416;0.060416;0.848256
2236;0.28624;0.021504;1.14128
2237;0.340992;0.026624;0.350496
2238;0.739776;0.050176;1.17536
2239;0.73168;0.050176;0.642272
2240;0.293152;0.022528;0.338176
2241;0.036192;0.008416;0.035872
2242;0.279008;0.023296;0.30224
2243;0.341984;0.026624;0.331168
2244;0.31136;0.024576;0.3432
2245;0.307776;0.0256;0.315456
2246;0.32384;0.026624;0.339584
2247;0.28832;0.023808;0.330048
2248;0.308704;0.024576;0.32096
2249;0.217056;0.02048;0.240256
2250;0.882112;0.06144;0.803744
2251;0.218464;0.021504;0.888672
2252;0.34096;0.026624;0.331488
2253;0.730848;0.050176;1.3488
2254;0.731168;0.050176;0.668544
2255;0.288544;0.022528;0.350688
2256;0.036192;0.008192;0.035712
2257;0.288;0.023296;0.35744
2258;0.341024;0.026624;0.330976
2259;0.310592;0.024576;0.334336
2260;0.353152;0.108544;0.321632
2261;0.323904;0.026624;0.324768
2262;0.289216;0.023552;0.329024
2263;0.29952;0.024576;0.338368
2264;0.216416;0.02048;0.26192
2265;0.909888;0.060416;0.793824
2266;0.23056;0.021504;1.05504
2267;0.333472;0.026624;0.358624
2268;0.722208;0.049152;1.40515
2269;0.729536;0.050176;0.633248
2270;0.297536;0.022528;0.348608
2271;0.036192;0.008192;0.03568
2272;0.280672;0.023552;0.302592
2273;0.341696;0.026624;0.32944
2274;0.301696;0.024576;0.324096
2275;0.29824;0.0256;0.325216
2276;0.34128;0.026624;0.324768
2277;0.296448;0.023552;0.339968
2278;0.308064;0.024576;0.300096
2279;0.216576;0.02048;0.261952
2280;0.910432;0.06144;0.808096
2281;0.226272;0.021504;1.09094
2282;0.341024;0.026624;0.358944
2283;0.730208;0.050176;1.34995
2284;0.73232;0.050176;2.21917
2285;0.30672;0.022528;0.320608
2286;0.036256;0.008192;0.03568
2287;0.27696;0.023296;0.30208
2288;0.323584;0.026624;0.331712
2289;0.293664;0.024576;0.332096
2290;0.298144;0.0256;0.320512
2291;0.331616;0.026624;0.34048
2292;0.287488;0.024576;0.33872
2293;0.299136;0.024576;0.329024
2294;0.2168;0.023424;0.244416
2295;0.883776;0.06144;1.9112
2296;0.226144;0.021504;0.262688
2297;0.332448;0.026624;0.349376
2298;0.741344;0.050176;0.678752
2299;0.750656;0.049152;0.659616
2300;0.288608;0.022528;0.319296
2301;0.036384;0.008288;0.03568
2302;0.26928;0.023392;0.293408
2303;0.323968;0.026624;0.340352
2304;0.302752;0.024576;0.331264
2305;0.29776;0.0256;0.341504
2306;0.323136;0.026624;0.332416
2307;0.291456;0.023552;0.291584
2308;0.279904;0.024576;0.309856
2309;0.225952;0.02048;0.261856
2310;1.10835;0.06144;0.855168
2311;0.217792;0.021504;0.261632
2312;0.31312;0.026624;0.321984
2313;0.703712;0.050176;0.638624
2314;0.732704;0.050176;0.648928
2315;0.297152;0.022528;0.339072
2316;0.03616;0.008192;0.035712
2317;0.27984;0.023296;0.323488
2318;0.331776;0.026624;0.333312
2319;0.293216;0.024576;0.335744
2320;0.307616;0.0256;0.321152
2321;0.332672;0.026624;0.347808
2322;0.284928;0.023552;0.329184
2323;0.2992;0.024576;0.328448
2324;0.216416;0.02048;0.234272
2325;0.901184;0.06144;0.761664
2326;0.222784;0.021504;0.261984
2327;0.341184;0.026624;0.350496
2328;0.748928;0.049152;0.718176
2329;0.723136;0.050176;0.648448
2330;0.289024;0.022528;0.328288
2331;0.036224;0.008192;0.03568
2332;0.27904;0.023552;0.293888
2333;0.331776;0.026624;0.32208
2334;0.30304;0.024576;0.332128
2335;0.30672;0.0256;0.339072
2336;0.388704;0.026624;0.357792
2337;0.296448;0.023552;0.32032
2338;0.299968;0.024576;0.310272
2339;0.225792;0.02048;0.26272
2340;0.900576;0.06144;0.778976
2341;0.2264;0.021504;0.23536
2342;0.332768;0.026624;0.314112
2343;0.730432;0.050176;0.670784
2344;0.740576;0.050176;0.679104
2345;0.289248;0.022784;0.300576
2346;0.036224;0.008192;0.03568
2347;0.278784;0.02336;0.293216
2348;0.313728;0.026624;0.34176
2349;0.302048;0.024576;0.295008
2350;0.298208;0.0256;0.34224
2351;0.333344;0.026624;0.3128
2352;0.287296;0.024576;0.310496
2353;0.299808;0.024576;0.335552
2354;0.21744;0.02048;0.258752
2355;0.928352;0.06144;0.7704
2356;0.216416;0.020736;0.2704
2357;0.331776;0.026624;0.34976
2358;0.721536;0.050176;0.641472
2359;0.759168;0.050176;0.65728
2360;0.287968;0.022528;0.292096
2361;0.03616;0.008192;0.03568
2362;0.270048;0.02432;0.435264
2363;0.341984;0.026624;0.350976
2364;0.301728;0.024576;0.331648
2365;0.297792;0.0256;0.338016
2366;0.323136;0.026624;0.321696
2367;0.306016;0.023552;0.32032
2368;0.308128;0.024576;0.302144
2369;0.212992;0.02048;0.2616
2370;0.902016;0.06144;0.787808
2371;0.217504;0.021504;0.250208
2372;0.32224;0.026624;0.323552
2373;0.722144;0.050176;0.650816
2374;0.741568;0.050176;0.69808
2375;0.289984;0.022528;0.301952
2376;0.03616;0.008224;0.03568
2377;0.271264;0.023296;0.292864
2378;0.33216;0.026624;0.34992
2379;0.292512;0.024576;0.295232
2380;0.304576;0.0256;0.349728
2381;0.314592;0.026624;0.312992
2382;0.2976;0.023552;0.33728
2383;0.299488;0.024576;0.32896
2384;0.20816;0.020576;0.242688
2385;0.91872;0.06144;0.797536
2386;0.217536;0.021504;0.224288
2387;0.331776;0.026624;0.313056
2388;0.921696;0.050176;0.755744
2389;0.752032;0.050176;0.648768
2390;0.289024;0.022784;0.330112
2391;0.03616;0.008352;0.03568
2392;0.297504;0.023552;0.325216
2393;0.35056;0.026624;0.328928
2394;0.293696;0.024576;0.33264
2395;0.298592;0.0256;0.302688
2396;0.342624;0.026624;0.348832
2397;0.28912;0.023552;0.328128
2398;0.308224;0.024576;0.32976
2399;0.217376;0.02048;0.234496
2400;0.892576;0.06144;0.761216
2401;0.221568;0.021504;0.253888
2402;0.34096;0.026624;0.34992
2403;0.728768;0.050176;0.725728
2404;0.723456;0.050176;0.649952
2405;0.297312;0.022528;0.319616
2406;0.036192;0.008192;0.035712
2407;0.274912;0.023296;0.293696
2408;0.322272;0.026624;0.310656
2409;0.292992;0.024576;0.332704
2410;0.29888;0.0256;0.3032
2411;0.341856;0.026624;0.339456
2412;0.287584;0.023552;0.329248
2413;0.300704;0.024576;0.32224
2414;0.225728;0.02048;0.262304
2415;0.921024;0.06144;0.762144
2416;0.216896;0.021504;0.260672
2417;0.300256;0.026656;0.312736
2418;0.730944;0.050176;0.64
2419;0.749344;0.050176;0.664224
2420;0.298816;0.022528;0.311264
2421;0.036192;0.008192;0.035712
2422;0.269728;0.023296;0.291648
2423;0.332448;0.026624;0.351456
2424;0.301184;0.024576;0.31376
2425;0.307968;0.0256;0.348864
2426;0.318752;0.026784;0.358656
2427;0.286048;0.023552;0.30976
2428;0.298592;0.024576;0.339712
2429;0.225536;0.02048;0.262144
2430;0.927936;0.06144;0.761568
2431;0.216672;0.021504;0.253856
2432;0.32224;0.026624;0.359648
2433;0.760352;0.049152;0.641632
2434;0.750496;0.050176;0.680672
2435;0.297024;0.023552;0.329472
2436;0.036288;0.008192;0.035776
2437;0.281056;0.02432;0.294368
2438;0.331712;0.026624;0.3128
2439;0.293728;0.024576;0.323968
2440;0.304768;0.0256;0.348736
2441;0.388;0.026624;0.450144
2442;0.29776;0.023552;0.312192
2443;0.299072;0.024576;0.338144
2444;0.221408;0.02048;0.26112
2445;0.921728;0.06144;0.787712
2446;0.217632;0.021504;0.254912
2447;0.32224;0.026624;0.349632
2448;0.7312;0.049152;0.641376
2449;0.769824;0.0512;0.648864
2450;0.291008;0.023552;0.32016
2451;0.03648;0.008192;0.03568
2452;0.288192;0.023552;0.336256
2453;0.332448;0.026624;0.34032
2454;0.304512;0.024576;0.332128
2455;0.299168;0.0256;0.31952
2456;0.3344;0.026688;0.350464
2457;0.287744;0.023552;0.321024
2458;0.304896;0.024576;0.319744
2459;0.217344;0.02048;0.2616
2460;0.928896;0.06144;0.773056
2461;0.217632;0.021504;0.262528
2462;0.332768;0.026624;0.33232
2463;0.732128;0.049344;0.666944
2464;0.750656;0.050176;0.736992
2465;0.290048;0.023552;0.300736
2466;0.036192;0.008192;0.035712
2467;0.278752;0.023296;0.293824
2468;0.406528;0.026624;0.378624
2469;0.293472;0.024576;0.342368
2470;0.307104;0.0256;0.330816
2471;0.323104;0.026624;0.34064
2472;0.288512;0.023552;0.29232
2473;0.30816;0.024576;0.347936
2474;0.225952;0.02048;0.261824
2475;0.92784;0.06144;0.7936
2476;0.216896;0.021504;0.261696
2477;0.34096;0.026624;0.35904
2478;0.696544;0.050176;0.640896
2479;0.736448;0.050176;0.701376
2480;0.289088;0.023552;0.319584
2481;0.03616;0.008192;0.035712
2482;0.29776;0.023296;0.322944
2483;0.32224;0.026624;0.311616
2484;0.30304;0.024576;0.333152
2485;0.29776;0.0256;0.302144
2486;0.319648;0.026624;0.340864
2487;0.287712;0.023552;0.330016
2488;0.308864;0.024576;0.331488
2489;0.21776;0.02048;0.232896
2490;0.90896;0.06144;0.76256
2491;0.222368;0.021504;0.263072
2492;0.322912;0.026848;0.340224
2493;0.707648;0.050176;0.660128
2494;0.749856;0.050176;0.699552
2495;0.293248;0.023552;0.3112
2496;0.036192;0.008192;0.035712
2497;0.278592;0.022784;0.302432
2498;0.32224;0.026624;0.350464
2499;0.297568;0.024576;0.303904
2500;6.16888e-236;-1.00419e+175;0.260512
2501;4.90913e-260;5.11811e-252;0.392256
2502;3.72677e-168;2.0261e+21;0.208
2503;2.35822e+184;2.08014e+138;0.744896
2504;5.77117e-82;-7.55828e-39;0.203936
2505;5.0958e-263;1.71602e-182;0.295584
2506;3.69858e-152;7.33258e+11;0.630368
2507;-1.02446e-76;2.96197e-124;0.621088
2508;5.85772e+78;1.27687e+60;0.26096
2509;-6.23986e-68;2.34165e+169;0.036224
2510;1.55671e-172;-6.15315e-182;0.26064
2511;3.32801e-294;4.42133e+175;0.285344
2512;7.75397e-304;6.60781e+147;0.266048
2513;-5.76052e+165;3.55762e+112;0.270944
2514;2.06977e-255;-7.06079e-268;0.29616
2515;-2.80647e-123;7.20277e-299;0.260128
2516;3.76413e-41;2.63916e-173;0.272032
2517;1.12541e+114;4.99025e-217;0.207648
2518;6.84422e-178;1.66709e-255;0.766592
2519;8.39011e-116;1.83399e-260;0.1984
2520;7.8943e-164;1.59848e-284;0.304448
2521;1.44604e+88;1.32367e-279;0.629408
2522;1.6727e-143;1.66729e-274;0.614944
2523;4.52166e+185;1.39176e-308;0.251488
2524;-1.37607e-182;8.62675e-154;0.036192
2525;7.03583e-163;6.62459e-28;0.25152
2526;1.00646e-303;2.58567e-19;0.295264
2527;5.74638e-110;3.08293e-289;0.266048
2528;-1.06877e-209;4.77831e-299;0.267968
2529;2.4162e-178;2.61478e-187;0.286208
2530;2.70548e-154;6.25906e-264;0.260768
2531;3.59349e-289;2.02672e-284;0.281248
2532;1.00312e-221;-7.83284e-248;0.207456
2533;7.71068e-217;7.23355e-275;0.772576
2534;2.02042e-284;7.23498e-275;0.199136
2535;3.25911e-173;7.17697e-299;0.285344
2536;2.83598e-309;2.54537e-260;0.628768
2537;5.97756e-299;1.92963e-168;0.622624
2538;1.63884e-226;4.97626e-270;0.259712
2539;8.84778e-159;1.25324e-308;0.036192
2540;1.21306e-279;3.59599e-289;0.241728
2541;3.90915e-308;2.85546e-260;0.285312
2542;7.51245e-154;1.17936e+132;0.266016
2543;4.95065e-96;8.50779e+194;0.271136
2544;1.85056e-207;2.33934e-260;0.286912
2545;1.36833e-173;3.0714e-236;0.260224
2546;1.80055e-255;6.26015e-207;0.253536
2547;4.67159e-193;2.76216e-260;0.198112
2548;3.69479e-236;-4.27139e+264;0.771936
2549;1.04935e-303;5.98485e+184;0.207616
2550;7.64836e+24;6.48332e+31;0.303776
2551;7.85646e-251;4.81555e+91;0.630208
2552;7.9471e-275;4.89582e-239;0.621024
2553;5.55551e+106;8.27126e-154;0.307648
2554;8.66357e-304;9.99142e-183;0.036192
2555;1.27469e-321;1.99994e+49;0.251584
2556;0;-1.58605e+240;0.282976
2557;5.08163e-299;5.73971e+184;0.26528
2558;5.37795e-299;1.98156e-15;0.27168
2559;2.56735e-289;4.62743e+20;0.285248
2560;7.29112e-304;1.33677e-160;0.26048
2561;3.52448e-294;2.22777e-139;0.272128
2562;2.56684e-289;-6.67557e+224;0.207136
2563;6.86541e-275;3.4959e-124;0.790016
2564;9.16995e+213;2.95777e+280;0.207744
2565;5.38355e-115;1.23571e-167;0.28608
2566;1.05672e-206;-1.46323e+39;0.63104
2567;1.25173e+20;2.43879e-207;0.622656
2568;7.26248e+117;9.60556e-82;0.270624
2569;1.11053e+141;2.70252e-96;0.036192
2570;5.55014e+45;2.71688e-120;0.251264
2571;1.15776e-279;5.66486e-250;0.276864
2572;5.97639e-299;1.43903e-19;0.265408
2573;2.76189e+107;1.29567e+54;0.270944
2574;2.51348e-52;3.77854e-176;0.286944
2575;-1.62295e-195;2.99705e-147;0.260768
2576;1.20836e+219;8.38723e-163;0.271616
2577;8.2126e-260;3.17668e+257;0.207968
2578;1.2318e+117;1.77234e+305;0.74768
2579;-3.73018e+139;4.94186e+50;0.207648
2580;-7.02744e-07;-3.12192e+295;0.29456
2581;2.20693e-182;7.31141e-218;0.81968
2582;1.13411e-235;1.03566e+79;0.62144
2583;4.22993e-19;-3.56151e-264;0.26096
2584;2.38739e-167;-1.93277e-24;0.036192
2585;1.40449e-127;3.05475e-221;0.261056
2586;5.26892e+161;2.78018e-91;0.294592
2587;-1.0732e+86;5.19051e-76;0.264288
2588;1.26949e-226;-2.61398e-301;0.265824
2589;-1.33436e-200;1.05355e+132;0.28624
2590;3.98936e+40;-7.25672e-119;0.259776
2591;2.56685e-289;1.34298e+228;0.271456
2592;2.05327e-289;4.69028e+41;0.208096
2593;-1.25886e+124;7.2063e+93;0.784896
2594;1.80541e-255;-1.62446e-306;0.199168
2595;-1.22562e-283;1.10303e-192;0.29456
2596;5.75528e-65;2.2764e-255;0.62928
2597;6.2429e-99;2.674e-212;0.622048
2598;1.75521e-163;4.18574e-236;0.270016
2599;8.71232e-116;1.11097e-226;0.03616
2600;1.32411e-192;3.91978e-294;0.252
2601;-2.87708e-71;2.56685e-289;0.28608
2602;1.64234e-113;3.60942e-255;0.254816
2603;5.06217e+243;1.39122e-308;0.270944
2604;-1.10465e-245;1.08003e+21;0.28624
2605;6.58833e-183;2.56953e-57;0.260704
2606;1.00213e-216;6.05412e-197;0.267232
2607;1.5431e-158;5.97646e-299;0.198688
2608;-1.18373e-48;3.13229e-294;0.88944
2609;1.62014e-221;1.30993e-47;0.2168
2610;3.84205e-159;4.18599e-221;0.286368
2611;2.64261e-260;2.92587e+59;0.610368
2612;5.29286e-265;-3.48539e-65;0.60352
2613;2.46957e-178;8.59825e-183;0.250208
2614;9.12108e-304;1.05006e-303;0.03616
2615;1.04959e-250;2.4418e-260;0.242048
2616;9.39832e-275;7.61452e-222;0.285376
2617;2.69612e-289;3.43196e+214;0.261984
2618;5.41524e-236;5.07288e-207;0.27056
2619;1.66543e-250;9.75088e-275;0.287552
2620;5.4439e-270;2.82809e-236;0.241504
2621;1.54011e-308;9.75723e-154;0.272544
2622;2.25751e+06;-1.74382e-287;0.212768
2623;1.90588e-28;1.15667e+39;0.776736
2624;2.24219e-207;9.08731e-130;0.198368
2625;2.82076e-202;1.85215e-231;0.295296
2626;1.76891e-284;1.63483e-09;0.628064
2627;1.08818e-202;-9.72583e-166;0.620992
2628;1.26771e-168;1.09049e-216;0.260448
2629;7.73913e-217;2.15627e+83;0.03616
2630;2.41057e+73;-4.22801e-84;0.260128
2631;7.86329e-251;1.36439e-39;0.286112
2632;4.97067e-270;7.02659e-196;0.274304
2633;2.40498e+140;1.92602e-47;0.270624
2634;1.39612e-309;4.60734e-125;0.288736
2635;0;1.09257e-153;0.307104
2636;0;4.6867e+287;0.271872
2637;9.92272e-280;1.02073e-75;0.198752
2638;3.71944e-294;1.05784e-132;0.771968
2639;3.91746e-294;2.33002e-13;0.204672
2640;3.13151e-294;-1.19569e-93;0.286112
2641;2.43757e-289;-7.71996e-43;0.629632
2642;3.91746e-294;-1.19e-224;0.613888
2643;6.14192e-275;4.23195e-111;0.260928
2644;1.39869e-42;8.94391e-221;0.03616
2645;4.558e-110;3.31051e+98;0.24336
2646;2.36284e+58;-2.16911e+136;0.30448
2647;3.89629e+103;1.45231e-245;0.266048
2648;4.98498e+45;4.53713e-110;0.26992
2649;4.93107e+170;1.13219e-08;0.277056
2650;2.33821e+26;5.95873e+194;0.260448
2651;2.56584e-289;6.16798e-158;0.252864
2652;5.67893e-299;1.975e+68;0.207296
2653;1.82538e+170;3.36228e+116;0.744224
2654;1.65178e+40;1.0149e-219;0.198624
2655;9.69072e+233;3.08328e-158;0.295584
2656;1.12645e-264;2.78902e-220;0.629536
2657;4.65842e-178;5.12305e+169;0.627552
2658;5.83076e+262;2.40384e+102;0.242016
2659;-1.6466e-127;2.97348e-46;0.036192
2660;-1.12754e-257;-2.35059e+295;0.238752
2661;3.06863e+59;5.17764e-179;0.2864
2662;5.07716e-226;5.97083e-149;0.265984
2663;1.93578e-86;-1.19995e-262;0.280288
2664;2.84403e-120;-1.9544e-63;0.286944
2665;4.32225e+151;1.82231e-124;0.260768
2666;5.61824e-219;1.30794e-52;0.272032
2667;-7.74585e-296;6.82812e+06;0.211776
2668;6.55718e+68;-3.73584e-186;0.771488
2669;-3.37098e-141;1.14175e+132;0.20832
2670;2.38432e+44;-3.5303e-75;0.294688
2671;8.66536e-304;3.18612e+107;0.610976
2672;2.56735e-289;1.16849e+31;0.604096
2673;-7.24694e+76;3.22631e-163;0.268896
2674;4.25744e-274;1.55572e+88;0.036256
2675;-1.22002e-300;2.76161e-231;0.247008
2676;9.30979e-157;3.53291e-294;0.286752
2677;2.55491e-196;2.82732e-207;0.275584
2678;6.67813e-202;3.33594e-289;0.252576
2679;1.42639e-120;4.88066e-246;0.297184
2680;2.7822e+20;2.01977e-284;0.260768
2681;-3.44825e+162;4.50278e-241;0.269888
2682;-1.44135e-250;2.54226e-226;0.208128
2683;1.99456e+157;1.67753e-308;0.776608
2684;-7.71445e-145;1.63644e-09;0.20816
2685;5.63177e-260;1.45861e-221;0.295264
2686;1.68551e-284;7.70683e-144;0.620384
2687;7.18672e-168;1.36473e-216;0.631264
2688;-8.4705e-201;3.3303e-294;0.260256
2689;1.87822e-250;2.62005e-120;0.036256
2690;1.01119e-173;4.31195e-294;0.242464
2691;1.59781e-284;2.90706e+88;0.285952
2692;2.82842e-289;1.36645e-144;0.264032
2693;1.08568e-144;9.68683e+190;0.280128
2694;1.80023e-226;3.72528e-289;0.286368
2695;7.58465e-275;3.32052e-236;0.260544
2696;5.68606e-270;1.00183e-144;0.271968
2697;2.18355e-289;8.98566e-101;0.206944
2698;1.16436e-226;1.79206e-52;0.767712
2699;1.32368e-279;1.05056e-274;0.207776
2700;4.97252e-270;6.87291e-246;0.295296
2701;1.11636e-308;7.17566e-299;0.581344
2702;1.5995e-284;1.91543e+141;0.620768
2703;1.1986e-168;9.29627e+29;0.260416
2704;3.2193e-57;3.32288e-236;0.036192
2705;1.4355e-153;6.29523e-246;0.242048
2706;1.03515e-245;1.85742e+65;0.277152
2707;3.42034e-183;-5.24426e-253;0.265216
2708;7.92522e-101;1.03933e-221;0.27216
2709;7.15705e-212;5.41828e+183;0.288032
2710;3.0241e+131;-4.97689e-278;0.24272
2711;1.33226e-255;9.4726e+66;0.271264
2712;1.68254e-284;1.65807e-157;0.218144
2713;2.40358e+140;1.43844e+45;0.791808
2714;5.59282e-321;9.18663e-164;0.198144
2715;0;2.71318e-67;0.295456
2716;7.29112e-304;3.30791e+280;0.760288
2717;6.86117e-275;9.0544e+150;0.621696
2718;3.71944e-294;-1.70572e+107;0.260416
2719;6.39924e-314;-3.68476e+17;0.036192
2720;2.43757e-289;-6.37029e+81;0.24208
2721;7.29112e-304;6.49149e+240;0.294528
2722;5.51744e-312;-4.7433e+26;0.265088
2723;1.34497e-284;9.70621e-107;0.271264
2724;1.14707e-71;-1.72708e-307;0.295456
2725;3.15453e+06;-9.2879e-190;0.27952
2726;4.08728e+179;-1.62397e-65;0.253568
2727;2.03658e-28;3.16861e-32;0.198144
2728;5.06574e+178;5.00452e+232;0.772512
2729;6.4921e+193;-3.30444e-190;0.207392
2730;1.43641e-12;-2.257e-296;0.285504
2731;2.69561e-289;8.85626e-62;0.621696
2732;7.75219e-304;5.39786e-24;0.621184
2733;9.55867e+160;1.09074e-95;0.260384
2734;2.16724e+276;3.04109e+128;0.036224
2735;3.68661e-149;2.16877e-151;0.262208
2736;5.4522e-284;1.33886e+243;0.271584
2737;-3.25332e-166;1.23034e+26;0.266048
2738;2.16105e+303;5.73107e-125;0.271232
2739;-3.56473e-229;100.69;0.285248
2740;6.53371e+102;-1.16821e+165;0.2608
2741;1.01412e+276;1.34727e-183;0.298592
2742;1.17109e-206;6.12446e-250;0.207264
2743;8.22961e-130;8.99503e-132;0.953664
2744;2.07837e-207;1.11084e-135;0.20736
2745;1.59584e+194;-8.45344e+75;0.286368
2746;-1.45107e-74;1.11858e-187;0.6296
2747;-3.19617e-13;6.50761e+69;0.630848
2748;3.7662e+133;7.4089e+227;0.269088
2749;nan;2.39393e+84;0.036224
2750;1.54158e-75;-1.25064e-108;0.260448
2751;7.29293e-304;2.36478e-80;0.286112
2752;2.95264e-289;1.21929e+165;0.274432
2753;-1.10927e-246;1.39501e-144;0.272608
2754;-5.05428e-252;-5.65154e-229;0.297216
2755;6.13515e+26;4.51831e-265;0.242432
2756;2.58077e-235;5.45687e-270;0.272544
2757;1.22051e-220;4.16563e-212;0.207232
2758;1.88167e-240;3.44235e-236;0.761696
2759;6.53886e-111;4.25978e-72;0.189344
2760;4.81005e+107;1.76826e-284;0.295264
2761;267209;2.84013e-173;0.631648
2762;1.55115e+131;3.07926e-255;0.621696
2763;3.98424e+70;4.76426e-308;0.251104
2764;-94641.5;2.15794e-100;0.03616
2765;-3.49998e+213;1.75748e-197;0.243104
2766;1.93506e-255;2.63275e-192;0.286016
2767;2.07967e-42;2.17919e-110;0.26608
2768;-9.27658e-216;8.20787e-304;0.270912
2769;1.20133e-250;9.1812e-251;0.351136
2770;1.46584e-178;3.41266e-265;0.260896
2771;3.56892e-265;7.22786e-275;0.271168
2772;1.51376e-284;6.76479e-241;0.207648
2773;2.00839e-178;-8.49728e-210;0.780128
2774;6.61175e-183;2.09623e-231;0.19936
2775;3.9144e-294;4.50304e-265;0.285344
2776;4.97347e-270;4.41664e-159;0.630208
2777;8.66356e-304;5.60764e-154;0.611872
2778;1.75326e-110;5.19971e-183;0.251552
2779;4.73684e-270;8.58964e+20;0.036192
2780;2.03447e-260;4.50583e-270;0.261056
2781;1.39123e-308;7.7378e-246;0.285344
2782;5.98123e-299;8.61693e-130;0.265312
2783;3.87032e-212;2.8389e-91;0.270624
2784;1.6564e-115;3.77835e-96;0.283904
2785;2.61909e-163;1.09474e-303;0.260128
2786;5.95548e-125;1.47846e+70;0.279136
2787;1.31404e-250;-2.13705e-30;0.208576
2788;1.70566e-178;2.30715e-91;0.77104
2789;4.2101e-309;-2.22722e-239;0.198624
2790;1.57509e+146;1.4446e+262;0.30448
2791;4.735e-270;9.07513e+139;0.637856
2792;2.18406e-289;4.92546e-148;0.62144
2793;3.85e+135;2.96826e+141;0.268896
2794;5.578e-321;3.80445e-149;0.036192
2795;3.91669e-294;3.64988e-96;0.242048
2796;2.43757e-289;4.78002e+280;0.40928
2797;1.6822e-284;-4690.39;0.2752
2798;3.52525e-294;-1.5915e-257;0.271552
2799;2.14699e-314;-3.66098e-205;0.287008
2800;3.91746e-294;2.349e+191;0.270016
2801;4.94066e-324;1.32659e+272;0.280128
2802;6.39927e-314;1.07517e+30;0.202528
2803;1.0656e-255;4.99843e-101;0.772128
2804;4.5745e-159;2.40169e+54;0.207456
2805;1.38738e-148;-5.51251e+190;0.294592
2806;1.65204e-62;-6.43521e-70;0.630176
2807;3.59516e+40;-3.28923e-297;0.608128
2808;-1.1484e-304;3.83709e+06;0.270208
2809;2.59693e+117;4.69195e-207;0.03616
2810;2.95978e+07;2.5349e-173;0.242016
2811;2.69712e-289;1.52919e-28;0.295296
2812;1.68254e-284;4.99307e-24;0.266048
2813;3.32815e-115;1.7943e-168;0.271296
2814;9.69784e-198;-3.87378e-226;0.286848
2815;5.15677e-289;1.09913e-35;0.260256
2816;1.62302e+190;2.36497e+238;0.27168
2817;1.45357e-32;2.59042e-110;0.208
2818;-4.2829e-187;1.48308e+224;0.762272
2819;-1.81025e+188;1.01325e-119;0.207776
2820;-2.5545e-69;-2.54896e+92;0.295296
2821;-1.2053e-119;7.59483e-169;0.601216
2822;3.74844e-192;5.82006e-226;0.603264
2823;6.05909e-106;5.26769e-170;0.251648
2824;2.97987e-236;-9.67629e-62;0.03616
2825;2.08832e-42;1.0297e+286;0.242112
2826;-4.25089e-71;1.5448e-178;0.400064
2827;-2.65615e-238;9.16223e+286;0.25696
2828;-1.73071e-286;2.16429e-37;0.253152
2829;4.73527e+303;3.97464e-17;0.276
2830;1.95803e-149;-4.16939e-239;0.25056
2831;4.77831e-299;-7.97878e-12;0.272256
2832;9.58207e-304;-2.11583e-138;0.20768
2833;-1.21759e+33;1.93949e-178;0.752544
2834;-1.23435e-255;2.03994e+50;0.203648
2835;5.38075e-239;1.59918e-221;0.295296
2836;-7.88628e+215;1.21733e-226;0.62976
2837;4.25799e-220;9.28966e-169;0.612128
2838;5.91726e-260;1.10875e-221;0.26
2839;6.73604e-82;27.2152;0.036224
2840;2.29314e-115;1.60076e-255;0.241888
2841;-1.34573e-200;7.90579e-241;0.294592
2842;4.89626e+283;2.28058e-250;0.265664
2843;1.74912e+162;3.90533e-308;0.271232
2844;-2.05654e+63;4.50417e-265;0.296224
2845;-1.54512e+74;1.26662e-250;0.271072
2846;6.76924e-241;3.86658e-231;0.280928
2847;0.00166401;5.06734e-212;0.207296
2848;-3.4084e-161;1.40705e-309;0.776864
2849;4.37836e-236;2.18505e-289;0.198144
2850;3.41291e-188;1.85164e-284;0.30448
2851;2.74742e-260;3.08192e-289;0.611328
2852;2.0201e-284;1.74178e-255;0.60336
2853;3.44478e-236;1.0941e+136;0.3168
2854;9.19605e-246;3.52684e-294;0.036224
2855;9.11572e-304;3.91604e-294;0.2512
2856;1.04693e-279;6.85371e-193;0.276832
2857;1.00338e-221;1.39215e-168;0.247712
2858;8.60829e-246;2.18404e-197;0.261824
2859;4.51077e-294;5.34941e-125;0.285216
2860;8.75167e-251;2.18141e-76;0.261536
2861;8.36586e-309;7.1002e-270;0.272128
2862;6.27755e-299;2.43645e-207;0.207552
2863;3.69192e-236;1.69778e-31;0.737792
2864;9.836e-116;4.80499e-58;0.203936
2865;1.23698e-288;2.64459e-260;0.287104
2866;5.09575e-299;6.34214;0.628896
2867;5.08504e-241;4.59104e-24;0.62096
2868;1.20659e-144;6.08351e-86;0.241632
2869;1.68352e-284;3.51791e+53;0.03616
2870;2.30872e+151;-6.4997e+21;0.252224
2871;1.59815e-284;8.80977e+86;0.27616
2872;5.98342e-299;1.39365e-220;0.266336
2873;1.56171e+121;5.34103e+194;0.279488
2874;6.82799e-321;1.59656e-62;0.295584
2875;2.56735e-289;1.03015e-168;0.260064
2876;5.97757e-299;8.86854e-29;0.272704
2877;2.43908e-289;-2.92217e+243;0.207296
2878;1.59782e-284;1.84855e-144;0.77248
2879;9.76452e-319;-4.64643e+75;0.212128
2880;1.40705e-309;4.37253e+254;0.285344
2881;7.29112e-304;-1.94196e+173;0.630176
2882;7.29113e-304;-5.37537e-75;0.622816
2883;6.86115e-275;7.50267e-55;0.25264
2884;3.86716e-57;-2.17661e-182;0.036192
2885;-3.21703e+66;-1.55316e-213;0.25136
2886;1.09373e-119;-1.02319e+128;0.27616
2887;1.77289e-62;8.73976e-101;0.2752
2888;1.27562e+179;4.74549e+227;0.27056
2889;2.28544e+136;-3.49483e-253;0.286432
2890;6.80737e+16;1.5356e+306;0.259872
2891;8.66536e-304;8.69415e-22;0.271616
2892;1.7666e-284;1.57213e-66;0.207968
2893;3.80137e-241;5.57435e+78;0.772544
2894;1.59463e-274;6.2824e+165;0.20464
2895;3.23942e+286;4.53617e-60;0.286432
2896;-9.51721e+100;5.18667e-43;0.629344
2897;9.60362e-264;2.54923e-216;0.604992
2898;-1.07987e-182;-5.12121e-153;0.260864
2899;3.22494e+276;3.42799e-158;0.03616
2900;-1.11416e+133;-4.59127e+140;0.26128
2901;-3.0411e-186;2.28547e-125;0.292512
2902;9.77879e-284;1.99882e-158;0.2552
2903;5.38876e-14;1.72155e-198;0.262048
2904;2.54669e-284;1.51788e+253;0.27776
2905;1.66646e-250;7.42612e+107;0.251296
2906;-7.37564e-204;6.85805e-193;0.270048
2907;-2.81919e-292;-1.712e-277;0.207488
2908;1.52131e+93;6.77564e+122;0.780576
2909;9.85908e-79;1.99451e-66;0.208448
2910;1.38016e-182;3.18145e+291;0.277824
2911;5.97757e-299;1.14018e-148;0.618912
2912;8.66716e-304;-6.33377e-239;0.612512
2913;9.10005e-50;-1.72678e-219;0.260704
2914;7.85348e+243;3.58977e-202;0.036192
2915;1.43735e-219;1.64075e-226;0.251328
2916;-8.90252e-218;6.84481e-106;0.285344
2917;7.54419e-08;3.92304e-67;0.25616
2918;1.92584e-298;3.80596e+44;0.28048
2919;4.02839e-72;1.79528e-52;0.286944
2920;1.28895e-23;3.57018e-265;0.260448
2921;-3.06757e-175;5.96073e-212;0.25968
2922;4.50946e+228;8.00423e-159;0.207264
2923;-1.08192e-281;1.81332e-308;0.771936
2924;-4.44811e-33;1.43429e-279;0.198176
2925;-2.85599e+06;7.77296e-299;0.285344
2926;5.88234e-294;1.93603e-260;0.638496
2927;7.80361e-250;6.67076e-236;0.621824
2928;1.39185e-62;7.29113e-304;0.25968
2929;2.71329e-289;9.58207e-304;0.036256
2930;8.36437e-198;4.51084e-241;0.26288
2931;7.58889e-275;2.56534e-289;0.29456
2932;1.35511e-250;2.23013e-09;0.274624
2933;1.26679e-250;2.31193e-91;0.271008
2934;1.40174e-255;3.10315e-265;0.294432
2935;2.56735e-289;5.97424e-299;0.260512
2936;1.34597e-284;4.6747e-188;0.280896
2937;1.1623e-226;1.03497e-134;0.258912
2938;1.86924e-255;4.06454e-173;0.785184
2939;1.10631e-134;4.68582e-236;0.195392
2940;1.27089e-255;1.0944e-18;0.286336
2941;9.75651e-309;4.88651e-241;0.620512
2942;4.5032e-294;4.74238e-270;0.621568
2943;4.19057e-236;-9.0164e-75;0.260768
2944;3.39958e-125;6.72295e-63;0.036512
2945;3.00325e-298;1.80081e-255;0.269728
2946;2.57392e-289;1.10999e+28;0.3048
2947;3.27829e-265;-5.79719e-92;0.256544
2948;1.36244e-120;2.18151e+11;0.269952
2949;1.10288e-279;-4.28667e-259;0.26784
2950;1.63087e+161;-2.70802e+221;0.269632
2951;1.51343e-284;4.87504e+81;0.271168
2952;5.68595e-299;5.75602e-264;0.216608
2953;3.63087e+87;-6.46349e+175;0.743904
2954;9.32302e-321;3.31363e+121;0.190112
2955;2.18104e-289;1.38185e+107;0.276864
2956;3.32954e-294;1.18359e-221;0.633984
2957;2.18205e-289;-1.54418e+143;0.61728
2958;2.3093e-289;-6.62876e-243;0.260384
2959;3.27605e-319;-3.80595e-292;0.03616
2960;7.29114e-304;-1.9295e-198;0.26048
2961;2.56735e-289;-4.84744e+111;0.295296
2962;3.13151e-294;-4.62021e-65;0.26592
2963;1.10266e-279;2.7833e-145;0.288352
2964;3.0777e-236;-1.01624e-211;0.426496
2965;1.32386e-178;-2.35804e-51;0.269312
2966;9.5354e-77;1.80633e-304;0.271968
2967;2.2556e-128;5.63225e+160;0.19776
2968;0.000707528;5.44189e+54;0.716256
2969;-1.59229e-272;4.16473e+64;0.207872
2970;0.00381285;1.36498e+74;0.28608
2971;7.29115e-304;-8.89839e-50;0.630176
2972;2.31031e-289;-8.10565e+24;0.621536
2973;1.64443e+98;-6.09086e+170;0.259776
2974;4.84555e+145;3.83767e+271;0.036224
2975;-4.524e-132;3.19655e-94;0.269664
2976;1.38703e-303;1.4023e-168;0.295264
2977;1.17308e-193;254306;0.266368
2978;2.16438e+263;5.45241e-67;0.270208
2979;0.000169682;1.60362e-254;0.28592
2980;4.19565e+252;-6.93348e+232;0.260064
2981;7.17293e+262;1.58251e-115;0.280448
2982;4.94181e-274;1.31193e-37;0.207776
2983;6.05674e+194;2.77649e-203;0.763136
2984;5.71465e-178;3.40445e+213;0.20768
2985;4.88579e-241;4.51587e-183;0.29248
2986;-2.90589e-186;6.96144e-164;0.6192
2987;1.89053e-61;2.16649e+286;0.617728
2988;1.98e-202;3.36552e+170;0.260704
2989;1.9538e-179;2.41304e+49;0.036192
2990;1.46627e-42;8.2709e+204;0.260544
2991;3.52526e-294;-5.48086e-160;0.296288
2992;3.91746e-294;1.74693e+199;0.247424
2993;3.21875e-40;2.46015e+161;0.270336
2994;8.48543e+68;1.78688e-202;0.2864
2995;1.23781e-166;3.11114e-265;0.266592
2996;1.51062e+299;8.29184e-116;0.271456
2997;-8.91603e+92;6.84267e-106;0.198048
2998;1.55287e-264;1.66879e-110;0.771488
2999;8.41582e-77;6.53891e-43;0.208192
3000;8.24337e-77;2.33816e-260;0.295264
3001;-5.67745e-97;3.69337e-236;0.607328
3002;-1.3432e-232;4.49545e-154;0.603936
3003;-1.24867e-185;2.51085e-308;0.261504
3004;-2.53041e-101;7.44167e-246;0.036192
3005;-9.41245e-77;2.95217e-289;0.26048
3006;4.19733e-236;1.0126e-274;0.2864
3007;4.59587e+69;3.24724e-173;0.265888
3008;-2.14624e-62;4.73777e-270;0.270208
3009;1.21443e-279;2.03367e-260;0.292544
3010;1.2768e-202;4.92863e-236;0.270144
3011;1.68254e-284;9.58212e-304;0.28016
3012;4.73592e-270;8.98113e+102;0.19808
3013;3.19817e-197;1.02691e+49;0.771072
3014;5.68332e-270;9.61949e-251;0.208096
3015;4.97531e-270;5.29834e-294;0.285344
3016;1.51409e-284;1.16329e-120;0.621952
3017;1.10577e-134;3.91951e+112;0.58512
3018;3.75441e-241;1.2458e-134;0.262336
3019;2.86769e-197;1.80002e-255;0.036192
3020;2.65072e-265;3.56523e-236;0.260512
3021;1.1169e-308;4.0745e-260;0.295296
3022;1.93444e-284;7.47197e-299;0.265024
3023;1.66372e-250;1.78977e+140;0.270944
3024;5.41099e-130;6.11171e-63;0.286944
3025;4.43822e-279;5.45135e-270;0.261504
3026;5.22311e-270;1.38258e+14;0.272864
3027;1.27551e-279;-2.8468e-12;0.208288
3028;4.49706e-135;0.000460639;0.772768
3029;2.95365e-289;2.64937e+246;0.19952
3030;2.70304e+156;7.64875e+38;0.285344
3031;9.9184e-280;0.475379;0.619584
3032;1.60045e-284;5.38408e-288;0.621664
3033;2.0357e+68;-5.19004e+38;0.260384
3034;1.05582e-320;3.29363e+184;0.036352
3035;2.56735e-289;1.09142e+266;0.251264
3036;2.05227e-289;8.23965e-193;0.286048
3037;2.05228e-289;-1.1426e+85;0.265696
3038;2.05277e-289;3.42058e-265;0.27168
3039;7.29112e-304;4.8799e-241;0.277056
3040;3.13152e-294;-6.1531e-121;0.270048
3041;2.56735e-289;-5.55173e-101;0.270944
3042;2.56735e-289;-1.17265e+14;0.207584
3043;4.4993e-270;2.56174e-70;0.746016
3044;1.3471e-110;-2.2195e+54;0.308544
3045;3.50015e-251;3.67426e+59;0.295584
3046;1.83963e+30;3.37916e-240;0.620384
3047;1.29472e-123;-1.82436e+51;0.622336
3048;5.85166e-207;5.24895e+161;0.260032
3049;1.42233e+98;7.04428e-09;0.036192
3050;9.52977e+16;1.58479e+40;0.25216
3051;3.13152e-294;-1.17626e-64;0.26688
3052;1.59848e-284;-7.185e-28;0.266112
3053;1.29387e+156;9.11038e+49;0.271552
3054;-2.63602e-45;8.15659e-140;0.297184
3055;-2.01477e+235;3.66875e-176;0.260096
3056;-2.54144e-114;2.44011e-197;0.27184
3057;-3.75907e-263;5.1916e-130;0.19776
3058;1.77188e+112;2.47898e+281;0.763072
3059;1.18694e-124;7.69145e-303;0.203968
3060;7.88957e-187;-7.2695e+285;0.286368
3061;2.23069e-96;2.02567e-115;0.62816
3062;8.69793e-144;3.79886e+68;0.631296
3063;5.68759e+20;6.87651e-271;0.260128
3064;5.6533e+20;1.15477e-27;0.036352
3065;6.43742e-289;2.04167e-250;0.260448
3066;6.69488e-279;1.62718e-173;0.286368
3067;-7.07078e-288;1.19339e+30;0.265088
3068;4.82142e+15;4.19496e+98;0.270944
3069;6.65191e+75;5.72543e+194;0.286912
3070;7.97782e-106;2.03395e+50;0.26064
3071;3.72098e-294;1.8951e+253;0.391808
3072;3.91746e-294;-2.79953e-273;0.208096
3073;8.00898e+109;1.52374e-274;0.753728
3074;3.52903e-71;5.70142e-159;0.204
3075;5.00481e+122;1.99435e-168;0.29456
3076;-2.09077e-252;1.24889e-23;0.622912
3077;-2.70261e+131;4.83957e-144;0.612544
3078;8.53988e-255;8.51771;0.250656
3079;2.56269e-86;1.86417e-168;0.036192
3080;5.21092e-106;3.75513e-241;0.257856
3081;1.097e-151;3.94196e-236;0.286368
3082;4.74002e-82;2.5349e-173;0.25616
3083;-3.19448e-176;1.53736e-308;0.270208
3084;-1.95116e+08;2.16877e-66;0.314624
3085;-3.36461e-231;4.0681e-130;0.259744
3086;1.14263e-303;5.70317e-173;0.271968
3087;2.0544e+301;3.845e-125;0.19808
3088;1.73711e+300;7.85991e-251;0.80032
3089;3.4284e-289;5.98109e-299;0.208192
3090;1.00464e-197;1.21414e-279;0.277888
3091;5.97993e-299;8.6876e-275;0.62928
3092;2.13902e-255;1.62601e-205;0.622496
3093;1.48852e-279;1.9597e+92;0.260384
3094;2.09527e-231;1.54861e-279;0.036192
3095;3.72643e-265;6.8693e-270;0.241728
3096;4.34912e-265;1.19282e+39;0.285376
3097;2.37997e-308;1.67746e+296;0.275264
3098;2.43631e-226;1.57828e-173;0.391808
3099;2.23852e-260;3.08143e-289;0.28768
3100;4.51697e-270;4.68502e-260;0.269984
3101;1.53792e-308;2.27377e-255;0.271072
3102;4.97265e-270;3.34197e-289;0.19808
3103;1.44925e-274;2.09401e-231;0.772
3104;5.8542e-135;8.08551e-92;0.204064
3105;7.98362e-289;1.52942e-221;0.281216
3106;1.05168e-303;1.08355e-34;0.637248
3107;3.35709e-289;-1.70958e-140;0.620928
3108;1.86171e-178;0.0012499;0.260704
3109;4.50768e-294;-1.8919e-273;0.036224
3110;1.97043e+132;-1.12212e+47;0.241696
3111;1.39964e-255;2.92458e+164;0.287072
3112;5.21563e-270;2.37186e-254;0.266016
3113;4.7761e+87;-125.803;0.279424
3114;1.0573e-320;1.91749e+277;0.295456
3115;8.66535e-304;-1.43252e-13;0.26048
3116;2.18054e-289;1.42177e-139;0.279104
3117;2.05228e-289;4.92967e-214;0.19808
3118;2.05227e-289;7.73551e-246;0.77264
3119;2.18054e-289;1.79902e-226;0.194368
3120;1.34497e-284;-1.96272e-130;0.2864
3121;2.56735e-289;7.72038e+207;0.611072
3122;3.91746e-294;1.35989e-190;0.625056
3123;1.76659e-284;3.47805e-92;0.260768
3124;1.36928e-216;-1.72761e+261;0.141248
3125;5.09457e-290;9.0172e-178;0.260896
3126;3.14564e-106;2.43527e+64;0.285344
3127;8.41112e-192;1.47946e-21;0.265248
3128;2.00088e+40;3.48294e+131;0.2712
3129;7.37861e+189;1.88434e+209;0.295168
3130;1.5084e+36;-1.07773e-291;0.26048
3131;3.72174e-294;4.61123e+160;0.27152
3132;1.51343e-284;1.26223e+245;0.19776
3133;1.82302e+170;4.09929e+24;0.779808
3134;-5.55026e-159;3.75547e+242;0.199008
3135;-5.7465e+283;1.40631e-115;0.268672
3136;7.58379e-81;9.58862e-270;0.630112
3137;6.29434e+195;3.06829e-255;0.620768
3138;4.29618e-183;4.81578e+30;0.259712
3139;2.21682e-100;1.11775e-177;0.03616
3140;5.17937e-236;1.27098e-297;0.242752
3141;9.27758e-289;3.61782e-96;0.28608
3142;1.17944e-177;-2.46339e-147;0.265408
3143;2.3987e-273;2.24651e-266;0.261888
3144;8.45385e+169;8.19236e+259;0.287328
3145;3.33835e-255;2.17097e-254;0.261792
3146;1.09131e-243;1.56832e-173;0.270912
3147;-5.39926e-132;3.94557e-62;0.19776
3148;7.03107e+141;-3.56874e+76;0.74304
3149;-6.79948e-229;-8.59164e-268;0.199168
3150;1.66095e-114;8.5851e+170;0.296288
3151;6.8654e-275;-2.7683e-258;0.749056
3152;7.29827e-304;6.28863e+118;0.6128
3153;1.5449e+81;4.21947e-236;0.260416
3154;-1.37766e-230;9.09164e-77;0.03616
3155;2.84646e+161;4.67556e-188;0.242016
3156;6.82051e-47;6.84491e-212;0.285344
3157;-3.67498e+54;8.68478e-275;0.266976
3158;3.82232e-216;8.37265e-198;0.270912
3159;1.17769e-100;3.73484e-289;0.297184
3160;6.31181e+78;2.74583e-260;0.260768
3161;1.54392e-70;1.61886e-173;0.271264
3162;6.06981e+134;4.82129e-255;0.189888
3163;-1.49856e-147;1.11528e-308;0.753504
3164;-3.83968e+114;1.37452e-105;0.207424
3165;6.57811e+231;1.70632e-226;0.295264
3166;2.61347e-284;9.55743e-77;0.63488
3167;-1.99454e-85;5.69452e-270;0.631392
3168;-1.06097e-176;2.69613e-289;0.260416
3169;6.94321e-217;1.45462e-231;0.036192
3170;2.7296e-207;8.88874e-246;0.270752
3171;2.23771e-260;2.40489e-255;0.294592
3172;1.66232e-168;4.96742e+93;0.263936
3173;2.9505e-265;5.86504e-164;0.276512
3174;3.56832e-265;2.5845e-289;0.296224
3175;1.7666e-284;6.01724e-246;0.259744
3176;1.2648e-192;1.47114e+92;0.267168
3177;1.04282e-192;1.47952e-226;0.197728
3178;4.96934e-178;1.22795e-293;0.744448
3179;4.11854e-294;3.31705e-207;0.199168
3180;4.27943e-270;4.21048e-265;0.295232
3181;2.09638e-308;5.0664e+11;0.619904
3182;1.3989e-255;3.53141e-294;0.612256
3183;1.59422e-274;3.1219e-212;0.25968
3184;1.16202e-144;9.23779e-145;0.036256
3185;5.22887e-284;4.16745e-71;0.251264
3186;1.81664e-308;4.47554e-192;0.294592
3187;1.05339e-274;3.04074e-57;0.26544
3188;8.83985e-198;1.3725e-187;0.261056
3189;6.57836e-299;1.0932e-76;0.286272
3190;1.70358e+108;-3.79141e+245;0.260768
3191;2.63732e-265;5.94977e-144;0.271968
3192;9.39975e-275;1.50321e-211;0.207488
3193;3.18988e+116;-1.74738e-123;0.782016
3194;5.07695e-299;8.92175e+204;0.19824
3195;5.47483e-312;-1.71643e+228;0.268992
3196;2.18054e-289;3.51161e-250;0.630208
3197;2.56735e-289;1.34509e-194;0.629888
3198;5.67541e-299;3.96396e-202;0.260416
3199;2.56684e-289;4.13448e-241;0.036192
3200;7.22644e-275;-2.07585e-130;0.242784
3201;3.91746e-294;4.55872e+29;0.295264
3202;7.29112e-304;7.55578e-119;0.266048
3203;2.69561e-289;8.66827e-24;0.270656
3204;-6.20789e+235;7.74344e-255;0.351808
3205;-1.04648e+55;4.88044e-120;0.270368
3206;9.60006e-225;-5.38792e-264;0.272672
3207;2.0475e-114;4.54913e-87;0.20256
3208;1.03158e-288;6.6585e-212;0.771648
3209;-1.57451e-229;6.75082e-110;0.198368
3210;2.43754e+26;2.43521e-197;0.295968
3211;2.69712e-289;1.867e-47;0.621024
3212;3.72174e-294;8.46582e-09;0.604416
3213;1.86211e+165;1.21623e+84;0.270112
3214;-7.2825e-250;-8.99574e-144;0.03616
3215;-2.47092e-26;9.23309e-92;0.253312
3216;1.11183e+297;5.94824e-260;0.29456
3217;4.56052e-168;1.30798e-86;0.274528
3218;1.59724e-28;3.31051e-183;0.270656
3219;3.415e-71;8.86226e-38;0.264448
3220;2.08239e-110;4.59481e-240;0.26144
3221;1.36206e-240;1.19395e-105;0.279104
3222;3.31953e-168;-6.297e+129;0.188864
3223;2.54682e+93;6.60571e+230;0.781312
3224;2.33586e+88;1.60744e+148;0.207776
3225;6.43649e-289;3.14858e-165;0.294528
3226;5.7631e-91;5.6755e-217;0.620864
3227;2.41802e+232;2.78677e+146;0.612544
3228;-3.17822e-267;-6.7134e+12;0.315808
3229;-2.4063e-70;4.51467e+267;0.036192
3230;6.9274e-82;2.66404e+199;0.243072
3231;1.10245e-279;1.36505e+36;0.283968
3232;2.43908e-289;-1.23368e-274;0.26704
3233;13862;1.27711e-216;0.27056
3234;1.18395e-101;1.15476e-187;0.285952
3235;2.37429e+142;3.19139e-115;0.261536
3236;-2.4883e-183;2.42865e-139;0.270688
3237;1.349e+155;2.31183e-289;0.197728
3238;1.05139e-206;1.78987e-202;0.752544
3239;6.28897e-91;2.94765e-255;0.198816
3240;1.9044e-149;2.95415e-289;0.295584
3241;1.18073e-22;3.19993e-255;0.59648
3242;2.44001e+239;1.30909e-264;0.640032
3243;-2.96228e-80;3.77226e-308;0.260448
3244;-9.73542e+101;1.11482e+73;0.036192
3245;5.84543e+144;9.8663e-207;0.260352
3246;3.98683e-289;1.16286e-100;0.29456
3247;-1.11251e+45;4.25991e-309;0.265728
3248;1.07938e-237;2.19151e-284;0.261696
3249;2.6791e-260;2.67308e-80;0.28624
3250;1.45052e-231;6.17134e-270;0.260096
3251;8.02383e-246;1.3991e-250;0.280576
3252;1.21569e-226;2.64954e-245;0.198144
3253;1.40217e-250;1.83607e-173;0.771648
3254;9.11927e-304;2.555e-260;0.209504
3255;5.72201e-246;2.44277e-284;0.276864
3256;3.08494e-289;2.0585e+63;0.62832
3257;4.90221e-294;1.15735e-279;0.613536
3258;7.48328e-154;1.92981e-269;0.260704
3259;7.22788e-275;5.29517e-294;0.036192
3260;1.94066e-284;-1.14199e-73;0.251328
3261;1.11907e-308;-1.0611e-271;0.287232
3262;2.44101e-260;1.67469e-274;0.275552
3263;2.76226e-279;1.12957e-197;0.270848
3264;2.70443e-154;4.96161e-82;0.295488
3265;8.25725e-289;1.23667e-268;0.269344
3266;1.2304e-274;1.00215e+108;0.279168
3267;2.66015e-260;3.37522e+286;0.19808
3268;1.86413e-178;1.75953e-109;0.752832
3269;2.95365e-289;7.07939e-110;0.21216
3270;1.12244e+89;1.9117e+84;0.295584
3271;1.04736e-279;2.6244e-83;0.638368
3272;1.35511e-250;1.10209e-206;0.579328
3273;1.37004e+126;-6.57592e+53;0.26048
3274;5.67424e-299;7.15005e+40;0.03616
3275;1.63396e-311;3.25974e-297;0.252992
3276;1.5131e-284;2.25096e-110;0.295296
3277;5.97758e-299;3.6826e-209;0.274432
3278;3.91668e-294;2.30449e-115;0.270592
3279;8.66536e-304;-2.43483e+287;0.285952
3280;1.68254e-284;-4.33831e-54;0.260768
3281;2.47033e-323;-9.36093e-107;0.280224
3282;3.13152e-294;9.35837e+88;0.207424
3283;3.9167e-294;5.44658e+06;0.76704
3284;4.44487e+94;-2.26994e+49;0.20736
3285;-2.12183e-52;1.19648e+104;0.285344
3286;-7.06405e-110;-2.41853e-254;0.620448
3287;-4.93183e-163;2.91099e+213;0.621216
3288;1.13889e-129;5.72563e-207;0.26064
3289;-1.8851e+296;1.00209e+210;0.03616
3290;1.42644e+07;2.05247e+277;0.252352
3291;1.68254e-284;7.56321e+209;0.295264
3292;6.27972e-299;1.88174e-100;0.266784
3293;7.76789e+107;-2.22492e-296;0.28032
3294;-3.77793e-38;-2.66581e-242;0.28624
3295;3.1438e+296;4.44805e-125;0.26976
3296;2.30239e-158;5.23796e-236;0.271296
3297;1.37603e-182;5.03034e+284;0.197824
3298;3.15123e+286;2.39467e+10;0.773568
3299;-3.7632e-273;1.24707e-32;0.19952
3300;1.72765e-240;1.5603e-128;0.276608
3301;4.87935e-154;1.33406e-76;0.610688
3302;3.58567e-168;-8.97495e-278;0.62208
3303;6.23312e+49;-4.5588e-120;0.260544
3304;1.19889e-36;-5.03981e-136;0.03616
3305;4.50238e-265;1.25059e-177;0.24896
3306;1.52184e-253;5.72994e-246;0.286048
3307;-9.45225e-137;3.13131e+165;0.266048
3308;1.35659e+166;9.53962e+127;0.271232
3309;5.92547e+171;3.8779e-76;0.294464
3310;2.01347e-144;1.84204e-57;0.260096
3311;5.97641e-299;-3.21576e-89;0.269888
3312;3.52448e-294;-5.26132e-156;0.207488
3313;1.51005e+206;9.9526e-96;0.773664
3314;7.77132e-170;6.56762e-212;0.199456
3315;-1.11604e-301;2.64746e-226;0.295552
3316;-1.60377e-187;2.54696e-260;0.630432
3317;1.4808e-105;2.83094e-289;0.639872
3318;1.09914e-259;2.34103e-207;0.260416
3319;2.57343e-81;1.61064e-245;0.03616
3320;8.17725e-140;1.433e-284;0.260864
3321;1.87135e+84;8.73946e-19;0.285376
3322;-2.7362e-280;5.20577e-144;0.266048
3323;-6.376e-22;6.15499e-308;0.270592
3324;-3.35571e+68;1.3578e-104;0.29616
3325;2.17773e+120;8.47605e-250;0.269312
3326;2.06799e-255;1.61984e-91;0.281536
3327;-4.24498e+73;1.68391e-284;0.207648
3328;2.84043e+222;1.27719e-303;0.77328
3329;2.93675e-255;-3.29933e-127;0.216544
3330;4.7654e-217;6.5959e-299;0.312992
3331;8.67487e-275;3.15947e-260;0.611392
3332;2.45904e-236;8.33018e-212;0.594816
3333;1.26867e-226;2.32662e+98;0.261376
3334;6.87105e-275;4.54727e-260;0.03616
3335;1.5838e-226;4.37737e-289;0.242816
3336;2.69613e-289;2.16053e+63;0.285376
3337;3.98432e-289;9.03044e-275;0.267072
3338;6.17668e-178;1.5468e-269;0.279776
3339;5.99166e-299;3.88148e-265;0.286944
3340;1.09374e-250;-1.55215e-35;0.269056
3341;2.93514e-308;1.86981e+122;0.271264
3342;7.94588e-275;7.37104e+228;0.197856
3343;9.80739e-294;3.13302e-159;0.743904
3344;6.73088e-164;7.76225e-34;0.20736
3345;7.97764e-289;-2.10221e-20;0.295296
3346;1.53231e-226;1.61489e-95;0.611872
3347;7.64837e-275;3.80644e+21;0.623168
3348;6.68668e-169;1.51012e+44;0.260736
3349;4.70263e-294;3.72988e-202;0.03616
3350;8.63026e+64;-1.81603e+240;0.260192
3351;3.72097e-294;2.09955e-250;0.294592
3352;4.26085e-270;6.56636e-96;0.263968
3353;5.7763e+111;2.50375e-132;0.317056
3354;5.56268e-309;1.36065e-12;0.285216
3355;1.63396e-311;-8.47263e+271;0.260448
3356;2.43707e-289;9.01809e-265;0.270944
3357;3.13153e-294;5.89897e-272;0.208096
3358;9.12102e-304;1.8661e+174;0.752832
3359;7.29293e-304;-1.13454e-264;0.216992
3360;2.05227e-289;-1.37162e+07;0.295264
3361;1.97626e-323;-2.44465e-181;0.629312
3362;2.56735e-289;-8.10803e+99;0.621152
3363;1.76627e-284;1.74677e-32;0.260416
3364;7.61641e+105;1.47832e+237;0.036224
3365;-2.02688e+175;-4.95649e-289;0.242912
3366;1.77365e-84;-7.08921e-298;0.295264
3367;6.20544e+295;-3.54381e-232;0.266304
3368;2.08583e-125;6.68465e-183;0.265504
3369;-2.56091e+166;6.04314e+44;0.28592
3370;4.07691e-27;1.89871e+132;0.261504
3371;1.51442e-284;3.80789e+11;0.271232
3372;4.73315e-270;1.57882e-66;0.206976
3373;4.48873e-57;5.24009e-91;0.798848
3374;5.03673e-77;3.831e-81;0.199488
3375;5.64102e-115;2.85859e-269;0.295264
3376;1.09031e-182;5.28559e-265;0.618976
3377;7.22873e+44;-1.70033e-125;0.6216
3378;-2.68285e-295;9.63577e+39;0.30704
3379;2.40485e+286;1.67163e-61;0.036192
3380;1.49109e-245;3.64893e+55;0.2704
3381;6.39024e-183;6.37765e-24;0.28608
3382;6.11574e-144;5.14708e+305;0.265696
3383;2.90917e-134;6.33103e+154;0.280096
3384;3.15926e+35;9.53838e-278;0.287296
3385;3.75957e-241;1.50351e-220;0.252608
3386;-1.38927e-258;2.25662e-231;0.29008
3387;3.24575e+12;2.19486e+88;0.197824
3388;1.70745e-192;-1.6466e+236;0.789504
3389;9.52571e+70;1.50026e-245;0.207872
3390;2.12614e-183;1.25547e-197;0.303776
3391;3.5245e-294;-5.96502e-267;0.6296
3392;1.7666e-284;-1.69286e-228;0.593664
3393;3.11805e+297;3.00407e-33;0.261024
3394;2.67187e-199;1.03459e+282;0.036288
3395;-1.54154e-253;1.12471e-66;0.260832
3396;6.43613e+154;1.07319e-13;0.286048
3397;1.33211e-269;5.26369e-120;0.264256
3398;1.01524e-278;5.47367e-207;0.271008
3399;2.1321e-105;6.87999e-159;0.285216
3400;6.95171e-92;2.86213e-110;0.26064
3401;3.34209e+160;5.70811e-159;0.272384
3402;8.17218e+183;-6.6823e+27;0.213504
3403;-9.00347e-94;3.87516e-304;0.789664
3404;-7.61057e+76;8.70515e+285;0.198112
3405;1.73713e+24;4.18859e-178;0.285344
3406;5.42851e-154;-3.10821e-254;0.630912
3407;-1.44011e+93;3.56916e-265;0.621952
3408;1.57749e+255;7.7905e-299;0.2608
3409;1.31873e-245;-1.21601e-205;0.036256
3410;8.78569e-198;1.79315e-134;0.25168
3411;4.18288e-309;2.74825e-260;0.285344
3412;5.67104e-217;4.43466e+83;0.265984
3413;2.09438e-236;2.10491e-52;0.271072
3414;1.76693e-284;7.65524e-288;0.287264
3415;2.06826e-255;4.37435e-289;0.259648
3416;4.30661e-294;4.55336e+53;0.272704
3417;7.19624e-188;6.63263e-270;0.197792
3418;1.01112e-211;4.60462e-255;0.800352
3419;1.13824e-250;1.21349e-279;0.207648
3420;3.92285e-294;4.48128e-135;0.295264
3421;8.37151e-309;2.46809e+194;0.639168
3422;1.85004e-284;2.0611e+112;0.611808
3423;1.09044e-269;5.67822e-38;0.259296
3424;6.46972e-188;4.23935e-106;0.036192
3425;1.28251e-269;2.57922e+99;0.27072
3426;2.70816e-236;1.44781e-57;0.295264
3427;5.13085e-299;5.58761e+305;0.275072
3428;3.62486e-188;1.5172e+204;0.279456
3429;2.06825e-255;4.98679e-269;0.453568
3430;4.69091e+40;1.0583e+27;0.269024
3431;3.72097e-294;3.00436e-212;0.271968
3432;5.67543e-299;1.17838e-08;0.207648
3433;1.34669e+97;1.77679e+296;0.761312
3434;5.67424e-299;8.83554e+136;0.21216
3435;5.47483e-312;-6.69459e+83;0.303776
3436;2.18054e-289;4.81712e-255;0.654784
3437;3.13153e-294;-4.11452e-53;0.63552
3438;5.58441e-309;-2.52318e+53;0.250368
3439;3.13152e-294;-9.40102e+238;0.036192
3440;2.43757e-289;-5.01817e+58;0.249024
3441;7.29112e-304;-5.02135e-20;0.304032
3442;3.91746e-294;7.31598e-62;0.247648
3443;1.10267e-279;1.49693e-115;0.270976
3444;1.14753e-12;8.36334e+159;0.294496
3445;-2.973e+61;6.39951e-232;0.262432
3446;2.11775e+271;-5.05549e-289;0.26208
3447;5.19856e+97;-7.47781e-122;0.197728
3448;6.15323e-91;7.83647e-246;0.763264
3449;-3.81439e-197;6.09186e-294;0.20736
3450;1.9318e-22;6.2049e-91;0.322208
3451;6.50435e-275;6.86477e-269;0.619392
3452;3.41325e-265;6.00436e+53;0.6392
3453;5.66204e-241;1.03464e+59;0.25952
3454;7.81463;2.88012e+196;0.036512
3455;1.5896e-226;2.83839e+26;0.253376
3456;7.20462e-265;7.59314e-275;0.295552
3457;-1.33985e+110;1.93533e+217;0.265184
3458;3.81898e+289;3.98273e+64;0.26992
3459;9.61465e-58;8.22003e+15;0.285216
3460;2.44223e-279;7.37268e+261;0.261248
3461;1.61975e-269;340161;0.271104
3462;9.33724e-149;1.20306e+73;0.19776
3463;1.22035e-163;4.19863e-53;0.753888
3464;2.84875e-202;1.78846e-16;0.209152
3465;3.0308e-207;2.54916e-207;0.312992
3466;-1.58671e-11;4.31481e-217;0.629248
3467;1.44121e-94;1.15794e+127;0.631584
3468;0.000139843;-2.55277e-152;0.274688
3469;1.16714e+90;2.74823e-260;0.036192
3470;6.5753e-130;7.23069e-275;0.242944
3471;1.68188e-284;1.30781e+16;0.295264
3472;4.97345e-270;-1.45792e+47;0.266752
3473;3.24518e+119;1.89132e-66;0.275328
3474;5.26951e+303;3.4657e-202;0.286944
3475;1.33441e+171;-1.64537e-40;0.2608
3476;1.5992e+30;-1.61534e-54;0.279456
3477;2.36397e-284;2.45735e-42;0.207648
3478;4.23826e-293;2.59922e-236;0.781536
3479;3.08895e-110;9.43989e-241;0.248992
3480;1.11857e-96;-4.60522e-147;0.304544
3481;1.9983e-13;4.68946e-241;0.63952
3482;1.07843e+194;-5.45934e-06;0.648736
3483;-1.42008e-147;2.71242e-307;0.260448
3484;-6.22225e+133;6.64057e-303;0.036192
3485;1.69512e-192;2.30994e-245;0.242144
3486;1.73396e-255;1.73517e+199;0.277024
3487;-1.3456e+175;4.95386e+117;0.26096
3488;-6.08165e-46;4.70497e-294;0.261792
3489;5.42868e-236;-1.37722e-218;0.27776
3490;9.6218e-198;2.48644e-178;0.242368
3491;1.00343e-303;1.7104e-279;0.270912
3492;1.21663e-62;5.06809e-241;0.207968
3493;7.00272e-251;4.07522e+257;0.771104
3494;1.17967e-250;2.05327e+239;0.198496
3495;5.67283e-217;4.50477e-294;0.290464
3496;4.2238e-09;5.30011e+48;0.638368
3497;6.04855e-207;6.58116e-217;0.612864
3498;3.01655e-197;3.21599e-274;0.2696
3499;3.71983e-202;3.72403e-294;0.036192
3500;5.44669e-270;2.82764e-183;0.242048
3501;2.51191e-308;9.81353e+203;0.295296
3502;1.35512e-250;8.59589e-246;0.266336
3503;1.80307e-221;9.07803e+237;0.269888
3504;4.08972e-207;5.08135e-178;0.287264
3505;8.25695e-294;-2.04557e+235;0.260768
3506;1.69367e-231;-8.43855e-196;0.280096
3507;2.58598e-289;-2.86257e-289;0.202464
3508;1.77036e-207;-4.63456e-16;0.77616
3509;8.67907e-275;-6.9007e+274;0.216864
3510;1.26811e+26;-2.87483e+230;0.295328
3511;8.30956e-275;-206.339;0.620704
3512;3.32954e-294;-2.33188e+120;0.621056
3513;4.27694e+58;8.15364e+257;0.26096
3514;5.37911e-299;2.03053e-220;0.036192
3515;2.43757e-289;-1.0874e-85;0.260448
3516;7.29112e-304;1.12955e-129;0.28608
3517;7.75219e-304;0.00349876;0.264992
3518;4.19381e-309;7.85643e-294;0.252704
3519;2.43757e-289;-1.01416e+21;0.287328
3520;3.91746e-294;-6.705e-144;0.270112
3521;2.43757e-289;-0.768952;0.270528
3522;7.29114e-304;-3.96876e-137;0.211744
3523;9.91841e-280;5.06743e-59;0.775648
3524;1.08205e-114;2.9931e+184;0.207488
3525;3.59437e+55;7.38368e+199;0.295584
3526;-2.67813e+245;-4.06713e-247;0.6312
3527;0.0017851;-4.08485e-127;0.622048
3528;-3.38006e-138;2.17385e-207;0.24928
3529;-2.2447e-124;8.77989e+15;0.036192
3530;1.3245e+07;1.30907e+166;0.25168
3531;4.73684e-270;1.64915e+287;0.286368
3532;1.3241e-279;3.80559e-08;0.264992
3533;1.11426e-100;4.70726e+106;0.26992
3534;1.60595e-168;-6.4457e+89;0.29616
3535;1.47971e+282;6.99526e+44;0.269824
3536;-3.54201e+37;8.74481e-251;0.271808
3537;-1.49217e-63;2.83408e-110;0.197792
3538;5.02139e+289;1.32221e-221;0.753952
3539;-2.28142e-195;3.45934e+97;0.202944
3540;1.54611e-192;-4.62344e-274;0.28736
3541;3.70004e-245;1.4276e+54;0.629568
3542;1.05268e-177;-1.32902e-287;0.603296
3543;2.17162e-57;-6.73278e-225;0.259936
3544;9.31702e-299;2.91924e-138;0.03616
3545;1.4714e-168;3.67851e-165;0.242304
3546;-7.29709e+26;7.62127e-19;0.295584
3547;1.06778e+308;-2.77906e-205;0.2752
3548;6.99851e+190;4.66033e-279;0.270144
3549;1.32811e+288;9.13354e-304;0.295616
3550;1.32801e-79;2.18204e-289;0.260608
3551;8.21142e-304;-7.96721e+260;0.259584
3552;7.23066e-275;-2.38067e-82;0.207424
3553;9.66377e-50;4.3441e+189;0.772832
3554;6.78425e-192;-2.30026e+139;0.200416
3555;-1.76712e-277;5.65895e-125;0.295264
3556;3.30944e-149;2.75746e+170;0.629728
3557;1.40936e-149;-8.22435e+114;0.62128
3558;2.67134e-288;5.93922e-255;0.2616
3559;1.81615e-81;-8.06882e+177;0.03616
3560;4.31775e+10;-5.00792e-180;0.241888
3561;-1.39952e+36;2.87067e-110;0.286368
3562;5.27395e+150;0.000352567;0.265792
3563;-4.10946e+126;5.2485e-304;0.26976
3564;-3.00451e+196;2.34019e+127;0.279904
3565;-2.08436e+247;1.08011e-211;0.241312
3566;1.53312e-226;1.58504e+198;0.272768
3567;2.67476e-269;-1.58765e-170;0.207808
3568;-7.28322e-18;3.24078e-231;0.77136
3569;4.04084e-231;1.62896e-269;0.212576
3570;3.7154e-212;2.93005e-115;0.276864
3571;3.05308e-260;1.73551e-255;0.647072
3572;6.76963e+102;2.44414e-260;0.61232
3573;4.8801e-241;3.97447e-202;0.26176
3574;1.03312e-245;-8.02812e-220;0.036192
3575;3.1771e-154;7.78599e-299;0.260864
3576;7.29514e-96;1.59489e+63;0.290176
3577;2.19056e-250;3.79508e-270;0.264864
3578;2.12291e-168;7.16207e-284;0.269792
3579;1.18946e-303;2.69813e-289;0.426912
3580;3.2655e-265;5.1408e-159;0.26064
3581;3.49194e-308;1.37712e+199;0.280096
3582;0.000680124;9.39412e-275;0.200992
3583;3.31861e-207;3.54356e+207;0.78512
3584;1.09721e-192;1.74442e-146;0.198336
3585;3.26707e-260;2.7802e-169;0.286048
3586;2.21624e-236;-1.44367e-231;0.628992
3587;3.94205e-294;-3.87759e-156;0.611968
3588;3.44456e-212;-9.13165e+286;0.26992
3589;2.02142e-284;1.9766e+304;0.036192
3590;2.95123e+16;1.72351e-289;0.25184
3591;2.56786e-289;-3.59835e+199;0.287072
3592;1.68253e-284;8.53397e+213;0.264544
3593;7.1021e+146;3.47588e+141;0.269824
3594;2.79768e-309;2.61439e-230;0.295456
3595;2.56684e-289;-2.61102e-18;0.25968
3596;5.07695e-299;2.42086e-192;0.276224
3597;9.12106e-304;2.69329e+195;0.19792
3598;7.75219e-304;9.22675e+129;0.781024
3599;3.91745e-294;-1.92961e-277;0.207488
3600;1.40705e-309;1.5644e+97;0.295584
3601;3.91668e-294;-4.1534e-270;0.619744
3602;3.13152e-294;-1.41646e-301;0.612352
3603;1.04671e-279;1.62119e-27;0.270752
3604;1.28186e-192;4.92116e+135;0.036192
3605;-2.75661e+60;-1.95658e+124;0.251136
3606;-1.29536e-301;-1.38846e-234;0.285472
3607;-7.06628e+83;-1.97866e-84;0.265376
3608;1.67822e-195;4.89871e-188;0.279104
3609;5.07278e+160;-6.13341e-286;0.291136
3610;6.05303e+26;1.6624e-134;0.26928
3611;5.21007e-270;-1.42787e+284;0.270496
3612;7.59456e-275;9.03467e-144;0.207712
3613;3.41308e+93;8.77765e+174;0.771776
3614;1.43615e-158;1.99777e+30;0.198336
3615;-9.00129e-70;6.42975e-37;0.276608
3616;5.55784e-255;1.85099e-284;0.638304
3617;2.22579e+166;-4.42739e-237;0.630752
3618;-1.0457e-261;2.36038e-183;0.260224
3619;2.07464e+79;9.57716e+39;0.036224
3620;1.09439e-269;-4.46614e-168;0.242272
3621;3.7488e-105;4.56696e+73;0.294528
3622;3.83293e-202;1.10878e-99;0.27424
3623;4.91963e+97;5.64181e-209;0.270784
3624;3.87555e-202;-1.47419e-286;0.295584
3625;2.45189e-163;7.01429e-156;0.260576
3626;2.00725e-164;7.52891e-14;0.271808
3627;3.6304e+286;-3.53455e-268;0.203968
3628;-8.22025e-243;-2.86438e-286;0.762112
3629;-3.33766e-58;4.51467e-294;0.207552
3630;-7.68309e-200;2.56685e-289;0.287072
3631;7.30006e-304;1.70225e+190;0.607264
3632;2.56885e-289;6.76033e-211;0.64
3633;1.27591e+90;-1.90761e-301;0.260256
3634;4.13259e-207;8.97391e-135;0.036224
3635;-7.23428e-205;8.9673e+78;0.24288
3636;2.26268e-168;1.75037e+64;0.278208
3637;8.76089e-10;4.51986e-144;0.2744
3638;1.6831e-283;1.13518e-61;0.2672
3639;4.57593e-96;4.7645e-47;0.286944
3640;1.98626e+185;1.57666e+151;0.250752
3641;3.01447e+271;4.40524e+112;0.269792
3642;6.76681e+169;-1.5846e-238;0.216032
3643;5.27415e-177;4.34057e-308;0.771424
3644;-7.52798e+220;3.92029e+68;0.198336
3645;-8.31088e+141;1.32286e+146;0.303776
3646;1.36688e-216;2.2472e+21;0.639392
3647;1.09818e-115;-2.01181e-176;0.61136
3648;9.48819e-152;2.33286e-226;0.260576
3649;1.18092e-264;4.86373e-173;0.03616
3650;3.56665e-236;28.1096;0.252064
3651;5.45039e-270;7.90076e-48;0.27616
3652;5.34956e-221;4.28388e-159;0.265024
3653;1.40074e-255;3.07011e+126;0.26976
3654;5.63414e-241;7.25781e+262;0.285216
3655;8.04144e-96;1.80293e-255;0.260288
3656;1.65165e-115;1.75157e+63;0.281216
3657;6.23178e-265;9.60928e-251;0.24928
3658;1.53684e-192;1.82687e-293;0.781312
3659;7.72484e-217;1.51507e-284;0.199008
3660;2.96069e-289;8.81109e-198;0.304512
3661;8.42053e-309;4.89199e+237;0.630656
3662;2.91892e+209;5.63268e-241;0.630752
3663;2.05519e+127;-6.55595e-212;0.260576
3664;1.35626e-66;1.48448e-129;0.036288
3665;6.83947e-125;-6.54573e-21;0.269184
3666;4.51385e-241;2.1795e-113;0.285344
3667;7.35193e-304;1.47221e+183;0.274496
3668;1.27673e-226;-2.77305e-55;0.270496
3669;1.76857e-284;-780.323;0.2944
3670;3.24706e+45;-1.16418e-196;0.259872
3671;1.6376e-226;-8.15825e+256;0.271872
3672;5.67541e-299;1.11919e-274;0.203584
3673;7.84165e-13;5.10539e+92;0.78976
3674;7.75394e-304;7.28193e-43;0.200384
3675;3.52449e-294;-2.4731e+160;0.3048
3676;3.71867e-294;1.04345e+175;0.619744
3677;2.56584e-289;1.77839e+296;0.621152
3678;3.13152e-294;6.52835e-143;0.260576
3679;7.75397e-304;5.2231e+40;0.036192
3680;2.14699e-314;-9.24703e-145;0.260416
3681;4.11395e-294;3.76975e+239;0.295584
3682;3.32954e-294;1.18312e+267;0.330176
3683;1.68122e-284;2.10594e-108;0.271456
3684;8.43298e-164;2.81134e-09;0.286208
3685;1.16952e+94;-1.03565e+98;0.260608
3686;-5.10049e+298;-2.16983e-221;0.270848
3687;-5.13533e+25;-4.83519e-138;0.197664
3688;-1.51029e-205;1.8742e-202;0.752416
3689;3.1255e+280;5.30908e-26;0.198464
3690;7.15835e+31;2.40395e+156;0.29456
3691;1.6822e-284;-1.0943e+133;0.619744
3692;7.2307e-275;7.84695e-120;0.62064
3693;8.70736e+198;3.36132e+174;0.260448
3694;8.44693e+261;-3.02754e-254;0.03616
3695;5.21002e-281;7.95089e-193;0.251488
3696;-4.0772e-263;2.15941e-57;0.295232
3697;-2.09068e+245;7.54178e+150;0.265888
3698;3.65749e+160;3.96506e+83;0.258496
3699;1.30394e-124;2.58907e-100;0.28624
3700;2.42918e-173;6.41344e+275;0.26064
3701;2.91306e-81;2.03531e+83;0.273056
3702;2.0756e-134;2.72868e+70;0.20736
3703;2.19513e-71;9.2984e-91;0.766848
3704;6.44516e-62;-9.21907e-138;0.203904
3705;1.04179e-66;2.42416e-213;0.295264
3706;-8.22365e+11;4.43646e-149;0.630304
3707;4.47541e+142;8.70725e-77;0.630272
3708;1.25518e+123;2.65352e+233;0.269792
3709;-6.45152e-275;3.56759e-284;0.036192
3710;4.66832e+161;8.31019e-222;0.251424
3711;8.20432e-304;-3.629e+289;0.304128
3712;1.10288e-279;2.01877e-177;0.265568
3713;-1.15598e+259;2.43715e-119;0.279232
3714;2.01962e-144;6.76808e-154;0.29136
3715;1.07187e+167;7.99302e+204;0.26576
3716;7.02957e-207;2.63557e-173;0.272064
3717;7.20526e-101;2.116e-96;0.197568
3718;1.01362e-254;3.47457e-240;0.780704
3719;1.54156e-110;8.9617e+20;0.19904
3720;1.70762e+16;5.87315e-130;0.294528
3721;-8.09567e-68;6.39506e-154;0.61024
3722;3.02001e+213;5.36636e+238;0.62224
3723;-3.31871e+129;1.81232e-307;0.268448
3724;-3.82518e+225;4.64217e-178;0.03616
3725;-2.48423e+113;8.27743e+63;0.24192
3726;4.28123e-270;3.7235e+213;0.295392
3727;1.65539e+40;-1.21175e+288;0.273824
3728;1.9066e-226;1.79883e+205;0.270784
3729;1.6139e-264;2.30107e-158;0.277056
3730;2.84864e-260;7.12878e-91;0.26048
3731;9.40398e-275;5.12269e-115;0.261664
3732;4.35708e-265;1.77023e-249;0.19808
3733;4.29509e-207;5.54095e-134;0.772128
3734;1.15884e-279;-1.87403e-238;0.199296
3735;1.90539e-76;2.33874e-231;0.295264
3736;2.7277e-207;3.59649e+53;0.611552
3737;6.54068e-265;4.73413e-270;0.622208
3738;2.90863e-231;3.02509e-298;0.260448
3739;1.35613e-250;6.50859e-275;0.036192
3740;3.53831e-294;5.77735e-188;0.260096
3741;9.7511e-309;2.18476e+252;0.286048
3742;5.57176e-188;2.14006e-260;0.273824
3743;4.6478e+54;-1.60677e-245;0.270176
3744;1.70066e+103;6.28664e-143;0.296096
3745;3.34456e+64;3.68922e-42;0.261248
3746;2.94011e-95;7.07476e-84;0.272544
3747;2.58245e-289;-3.96791e-60;0.20784
3748;9.68621e-251;1.39193e-113;0.780864
3749;5.98573e-299;9.3772e-44;0.207872
