0;0.657632;0.023552;1.31296
1;0.618144;0.026752;0.9968
2;0.419584;0.024576;0.420576
3;0.421184;0.024576;0.780096
4;0.345792;0.02048;0.350432
5;0.985952;0.062464;1.95466
6;0.355584;0.021504;0.353824
7;0.41072;0.022528;0.417056
8;0.847488;0.050176;1.60102
9;0.809536;0.050176;0.829568
10;0.439616;0.0256;0.426944
11;0.070816;0.00832;0.069472
12;0.44176;0.027648;0.460864
13;0.442368;0.026624;0.503808
14;0.418976;0.0256;0.414496
15;0.40016;0.023552;0.404896
16;0.442336;0.026656;0.493952
17;0.409952;0.023552;0.406944
18;0.421344;0.0256;0.423328
19;0.355136;0.021504;0.353024
20;0.986848;0.06144;1.2945
21;0.34752;0.021504;0.353056
22;0.40128;0.023552;0.409056
23;0.82928;0.050176;0.844832
24;0.831328;0.050176;0.946368
25;0.440832;0.0256;0.541824
26;0.070848;0.008192;0.069504
27;0.442336;0.026624;0.459872
28;0.441792;0.026624;0.438848
29;0.409536;0.024576;0.406208
30;0.4088;0.023552;0.405952
31;0.44208;0.026624;0.458592
32;0.40048;0.024576;0.406624
33;0.421888;0.024576;0.42592
34;0.345536;0.02048;0.351488
35;0.986496;0.06144;0.981984
36;0.346656;0.021504;0.353792
37;0.411072;0.023552;0.399232
38;0.829376;0.050176;0.827296
39;0.832128;0.050176;0.819968
40;0.420608;0.0256;0.41792
41;0.07088;0.008192;0.069472
42;0.442304;0.026624;0.460352
43;0.44224;0.026624;0.44832
44;0.408704;0.024672;0.413792
45;0.399552;0.023552;0.40592
46;0.451584;0.026624;0.45248
47;0.401088;0.024576;0.407392
48;0.420928;0.024576;0.42656
49;0.345888;0.02048;0.362208
50;0.98656;0.06144;0.972608
51;0.3464;0.021504;0.3616
52;0.40176;0.022528;0.409088
53;0.829792;0.050176;0.818624
54;0.85136;0.050176;0.838464
55;0.421088;0.0256;0.426048
56;0.070848;0.008192;0.069568
57;0.442016;0.026624;0.460352
58;0.442208;0.026624;0.448096
59;0.410016;0.024576;0.428832
60;0.399904;0.023552;0.405504
61;0.442016;0.026624;0.450944
62;0.400736;0.023552;0.41168
63;0.42192;0.024576;0.434848
64;0.3456;0.02048;0.353024
65;0.986048;0.06144;0.973472
66;0.34672;0.021504;0.352768
67;0.4016;0.022528;0.408736
68;0.837568;0.050176;0.827136
69;0.832064;0.0512;0.81984
70;0.430432;0.0256;0.426496
71;0.070848;0.00832;0.06944
72;0.442784;0.027648;0.460352
73;0.442208;0.026624;0.447872
74;0.40896;0.0256;0.42352
75;0.40016;0.023552;0.404864
76;0.442304;0.026784;0.488512
77;0.409792;0.024576;0.406272
78;0.42128;0.024576;0.424416
79;0.345952;0.020544;0.352992
80;0.9864;0.06144;0.982336
81;0.346368;0.021504;0.353888
82;0.401728;0.023552;0.40912
83;0.954592;0.050176;0.817856
84;0.832576;0.050176;0.820032
85;0.420992;0.0256;0.426592
86;0.070784;0.009216;0.069472
87;0.441664;0.026624;0.460736
88;0.45136;0.026624;0.439008
89;0.41008;0.0256;0.414272
90;0.40032;0.022528;0.405152
91;0.443424;0.026624;0.460864
92;0.409856;0.024576;0.406944
93;0.42112;0.024576;0.416832
94;0.3456;0.021504;0.350432
95;0.986336;0.06144;0.973472
96;0.346624;0.021504;0.35328
97;0.401856;0.022528;0.409152
98;0.82928;0.050176;0.818368
99;0.831296;0.050176;0.83008
100;0.421888;0.0256;0.417312
101;0.07088;0.008192;0.069472
102;0.441984;0.026624;0.470368
103;0.442624;0.026624;0.462336
104;0.418272;0.024576;0.414976
105;0.40016;0.023552;0.40656
106;0.442816;0.02672;0.4704
107;0.400736;0.024576;0.397824
108;0.421024;0.024576;0.417408
109;0.35488;0.02048;0.353056
110;0.986592;0.06144;0.98256
111;0.364832;0.021504;0.362848
112;0.401472;0.023552;0.40864
113;0.829984;0.050176;0.81824
114;0.831904;0.050176;0.829888
115;0.430368;0.0256;0.426528
116;0.070912;0.008192;0.069504
117;0.441984;0.026624;0.460896
118;0.442112;0.026624;0.447264
119;0.409472;0.024576;0.406368
120;0.409088;0.023552;0.404768
121;0.44224;0.027648;0.46944
122;0.400768;0.024576;0.407008
123;0.421952;0.024576;0.42688
124;0.34608;0.020576;0.34384
125;0.987296;0.06144;0.97248
126;0.355488;0.021504;0.363072
127;0.401824;0.023552;0.3992
128;0.829376;0.050176;0.827296
129;0.830944;0.050368;0.8192
130;0.420928;0.0256;0.41776
131;0.07088;0.009216;0.069472
132;0.442048;0.027648;0.460928
133;0.44272;0.027648;0.447904
134;0.409728;0.0256;0.414368
135;0.400352;0.022528;0.405664
136;0.443104;0.026624;0.451456
137;0.401024;0.024576;0.398304
138;0.420608;0.024576;0.42416
139;0.346432;0.02048;0.352416
140;1.10544;0.06144;0.973184
141;0.34656;0.021504;0.352224
142;0.40112;0.023552;0.407104
143;0.829792;0.050176;0.81712
144;0.834752;0.053248;0.819968
145;0.421792;0.0256;0.434784
146;0.070848;0.008192;0.06944
147;0.441952;0.026624;0.452608
148;0.442496;0.026624;0.448448
149;0.409344;0.024576;0.414816
150;0.399648;0.022528;0.405888
151;0.442944;0.026624;0.470176
152;0.400352;0.024576;0.398272
153;0.421088;0.024576;0.425056
154;0.345376;0.02048;0.352
155;0.98576;0.06144;0.97296
312;0.463616;0.026656;0.439424
313;0.431104;0.024576;0.406496
314;0.451648;0.024576;0.44576
315;0.376352;0.02048;0.353056
316;1.04259;0.06144;0.986464
317;0.376736;0.021504;0.353856
318;0.431936;0.023552;0.408256
319;0.864768;0.049152;0.827104
320;0.859136;0.050176;0.829888
321;0.451424;0.0256;0.436224
322;0.070752;0.008192;0.069504
323;0.463744;0.026624;0.447936
324;0.472928;0.026624;0.4888
325;0.439488;0.024576;0.407168
326;0.430432;0.022528;0.40592
327;0.472896;0.026624;0.462912
328;0.430848;0.024576;0.424384
329;0.442368;0.024608;0.427008
330;0.37696;0.021504;0.362432
331;1.04128;0.06144;0.9856
332;0.377088;0.021504;0.362464
333;0.432032;0.023552;0.421536
334;0.864096;0.0512;0.827552
335;0.875776;0.050176;0.820864
336;0.452064;0.0256;0.4272
337;0.070784;0.008288;0.069472
338;0.473088;0.026624;0.461824
339;0.472832;0.026624;0.488288
340;0.440064;0.024576;0.425312
341;0.431008;0.022528;0.406048
342;0.473088;0.026688;0.471872
343;0.374208;0.024576;0.425824
344;0.452;0.024576;0.436544
345;0.386432;0.021504;0.362304
346;1.03891;0.06144;0.987936
347;0.377856;0.021504;0.362752
348;0.431296;0.023552;0.408448
349;0.874528;0.050176;0.819776
350;0.856864;0.050176;0.821824
351;0.451904;0.0256;0.436928
352;0.070752;0.008192;0.069504
353;0.463968;0.026624;0.447776
354;0.473984;0.026624;0.460672
355;0.439776;0.024576;0.415584
356;0.431488;0.023552;0.414624
357;0.47328;0.026624;0.471072
358;0.432352;0.024576;0.406976
359;0.452032;0.024576;0.427232
360;0.376512;0.02048;0.343904
361;1.02486;0.06144;0.987808
362;0.37728;0.021504;0.354144
363;0.432352;0.023552;0.408224
364;0.880512;0.050176;0.819744
365;0.874208;0.050176;0.840704
366;0.390848;0.0256;0.437184
367;0.070784;0.008192;0.069472
368;0.464;0.027648;0.448704
369;0.473056;0.026624;0.489792
370;0.440352;0.024576;0.434464
371;0.430432;0.023552;0.405472
372;0.473344;0.026656;0.44832
373;0.431584;0.023808;0.424736
374;0.4528;0.024576;0.436736
375;0.377504;0.02048;0.362432
376;1.0385;0.06144;1.01526
377;0.37728;0.021504;0.36256
378;0.432352;0.023552;0.407872
379;0.882912;0.050176;0.829312
380;0.873184;0.050176;0.831136
381;0.460928;0.0256;0.442112
382;0.070784;0.008192;0.069504
383;0.46448;0.026624;0.447904
384;0.473824;0.026624;0.452736
385;0.44016;0.024576;0.41568
386;0.430816;0.023552;0.414464
387;0.473344;0.026624;0.471744
388;0.431456;0.023552;0.406368
389;0.452192;0.024576;0.42736
390;0.37648;0.02048;0.352864
391;1.02998;0.06144;0.983744
392;0.3024;0.021504;0.463936
393;0.432384;0.022528;0.417472
394;0.866656;0.050176;0.829344
395;0.865792;0.050176;0.822144
396;0.452;0.0256;0.41824
397;0.07072;0.008192;0.069472
398;0.47296;0.026624;0.457376
399;0.472896;0.026688;0.488512
400;0.439776;0.024704;0.42992
401;0.431488;0.023552;0.405792
402;0.470048;0.026624;0.439072
403;0.43152;0.024576;0.416192
404;0.452032;0.024576;0.428064
405;0.376416;0.02048;0.352608
406;1.02976;0.062464;0.983712
407;0.377632;0.021504;0.363136
408;0.423168;0.023552;0.40864
409;0.884224;0.050176;0.829088
410;0.86896;0.050176;0.822048
411;0.451712;0.0256;0.4416
412;0.070816;0.008192;0.069504
413;0.464032;0.026624;0.448704
414;0.473728;0.026624;0.460864
415;0.440192;0.024576;0.416128
416;0.430688;0.023552;0.405824
417;0.47312;0.026624;0.462784
418;0.431808;0.024576;0.415584
419;0.452;0.024576;0.436352
420;0.376448;0.02048;0.35344
421;1.02944;0.06144;1.00682
422;0.376928;0.021504;0.353088
423;0.432;0.022528;0.422368
424;0.87472;0.050176;0.829568
425;0.885888;0.050208;0.840992
426;0.45184;0.0256;0.437344
427;0.070784;0.009216;0.069472
428;0.473568;0.026624;0.4624
429;0.473056;0.026624;0.489536
430;0.440096;0.024576;0.416128
431;0.431136;0.023552;0.405536
432;0.473056;0.026624;0.461376
433;0.431488;0.023552;0.416032
434;0.452192;0.024576;0.417888
435;0.377056;0.021504;0.36224
436;1.03251;0.06144;0.978624
437;0.37728;0.021504;0.354176
438;0.432256;0.022528;0.417216
439;0.876224;0.050176;0.8288
440;0.877024;0.050176;0.84064
441;0.451904;0.0256;0.451136
442;0.070784;0.008192;0.069504
443;0.473152;0.026624;0.46176
444;0.473888;0.026624;0.48928
445;0.440192;0.024576;0.415456
446;0.43168;0.023552;0.397312
447;0.473056;0.026624;0.4624
448;0.4296;0.024576;0.415456
449;0.451648;0.024576;0.41888
450;0.37648;0.021504;0.3624
451;1.03802;0.06144;0.984352
452;0.37712;0.021504;0.362592
453;0.432256;0.023552;0.408064
454;0.894816;0.050176;0.829216
455;0.869824;0.050176;0.830592
456;0.452256;0.0256;0.436672
457;0.070752;0.008192;0.069472
458;0.464;0.026624;0.461632
459;0.473056;0.026624;0.460864
460;0.440352;0.024576;0.415648
461;0.431488;0.023552;0.405632
462;0.473184;0.026624;0.461888
463;0.422368;0.024576;0.40656
464;0.451776;0.024576;0.41824
465;0.376512;0.021504;0.35264
466;1.03008;0.06144;0.99808
467;0.377216;0.021504;0.353856
781;0.871392;0.049152;0.82832
782;0.861696;0.050336;0.830496
783;0.373088;0.0256;0.450336
784;0.070816;0.00832;0.069472
785;0.472704;0.026624;0.488
786;0.47312;0.026624;0.461888
787;0.439904;0.024576;0.423872
788;0.43088;0.023552;0.406176
789;0.473728;0.026624;0.471072
790;0.431648;0.023552;0.41648
791;0.4528;0.024576;0.43584
792;0.376576;0.021504;0.361952
793;1.02995;0.06144;0.974784
794;0.37712;0.021504;0.362912
795;0.423168;0.023552;0.409696
796;0.87152;0.050176;0.820192
797;0.874848;0.050176;0.82112
798;0.45184;0.0256;0.444768
799;0.070912;0.008192;0.06944
800;0.47296;0.027648;0.499072
801;0.473152;0.026624;0.470688
802;0.440448;0.024608;0.423808
803;0.43104;0.023552;0.398016
804;0.473152;0.026688;0.460832
805;0.428928;0.024576;0.417024
806;0.452096;0.024576;0.435488
807;0.376448;0.02048;0.353152
808;1.02989;0.06144;0.984128
809;0.489984;0.021504;0.362688
810;0.429312;0.023552;0.400448
811;0.881632;0.050176;0.830176
812;0.877088;0.050176;0.839872
813;0.452544;0.0256;0.435712
814;0.070848;0.008192;0.069472
815;0.473376;0.026624;0.489824
816;0.473184;0.026624;0.47216
817;0.440128;0.024768;0.415168
818;0.430976;0.023552;0.424992
819;0.46384;0.026656;0.460896
820;0.431456;0.024576;0.416544
821;0.443136;0.024608;0.425984
822;0.376416;0.02048;0.361856
823;1.03501;0.06144;0.974464
824;0.377216;0.021504;0.35376
825;0.432448;0.023552;0.418048
826;0.881632;0.050176;0.819936
827;0.878016;0.050176;0.840416
828;0.451936;0.0256;0.440608
829;0.07088;0.008192;0.069472
830;0.463904;0.029696;0.462208
831;0.47312;0.026624;0.448224
832;0.43088;0.024832;0.414592
833;0.43104;0.022528;0.4152
834;0.599072;0.027648;0.507936
835;0.431648;0.024576;0.421088
836;0.451584;0.024576;0.439904
837;0.366944;0.02048;0.352448
838;1.03469;0.06144;0.973792
839;0.377248;0.021504;0.353344
840;0.432992;0.023552;0.400512
841;0.87232;0.049152;0.828192
842;0.877536;0.050176;0.839136
843;0.451808;0.0256;0.436288
844;0.070816;0.008192;0.069472
845;0.464256;0.026624;0.470592
846;0.473056;0.026624;0.466944
847;0.439904;0.024576;0.429952
848;0.431168;0.023552;0.397856
849;0.473024;0.026624;0.471072
850;0.432128;0.023552;0.41648
851;0.45264;0.024576;0.435072
852;0.376736;0.02048;0.361824
853;1.03318;0.06144;0.974464
854;0.377376;0.021504;0.353664
855;0.432448;0.022528;0.422432
856;0.867392;0.050176;0.819872
857;0.878624;0.050176;0.839936
858;0.452064;0.026624;0.435744
859;0.070816;0.008192;0.069504
860;0.473664;0.02688;0.480608
861;0.473984;0.026624;0.46192
862;0.43968;0.024576;0.423808
863;0.428256;0.023552;0.405984
864;0.474208;0.026816;0.451648
865;0.431328;0.024576;0.417024
866;0.452128;0.024576;0.4488
867;0.376608;0.02048;0.362336
868;1.02899;0.06144;0.97392
869;0.377184;0.021504;0.363136
870;0.43248;0.023552;0.418112
871;0.871584;0.050176;0.829888
872;0.877824;0.050176;0.830752
873;0.452992;0.0256;0.426592
874;0.070848;0.009216;0.069504
875;0.472992;0.026624;0.490528
876;0.473056;0.026624;0.4576
877;0.439936;0.024576;0.42384
878;0.430528;0.023552;0.397664
879;0.470496;0.026656;0.46032
880;0.432416;0.024576;0.416992
881;0.452672;0.024576;0.439616
882;0.373536;0.02048;0.361696
883;1.03344;0.06144;0.974144
884;0.298048;0.021504;0.463008
885;0.432576;0.023552;0.422528
886;0.86656;0.050176;0.821024
887;0.87792;0.050176;0.830464
888;0.451872;0.0256;0.426304
889;0.070816;0.008192;0.069504
890;0.463872;0.026624;0.461344
891;0.472672;0.026624;0.47136
892;0.431008;0.024576;0.415104
893;0.430912;0.022528;0.39744
894;0.472896;0.026656;0.470048
895;0.43232;0.024576;0.416416
896;0.45264;0.024576;0.434944
897;0.376416;0.02048;0.361632
898;1.05402;0.06144;0.973856
899;0.377248;0.021504;0.353216
900;0.432672;0.023552;0.418432
901;0.875616;0.050176;0.820064
902;0.875808;0.050176;0.83152
903;0.452032;0.0256;0.435584
904;0.07088;0.008288;0.06976
905;0.464064;0.026624;0.46176
906;0.473312;0.026624;0.453664
907;0.439776;0.024576;0.41472
908;0.352832;0.023552;0.41584
909;0.473088;0.026688;0.48832
910;0.431328;0.024576;0.422144
911;0.45296;0.024576;0.425984
912;0.376512;0.02048;0.361856
913;1.04288;0.06144;0.97424
914;0.37776;0.021504;0.35392
915;0.43312;0.023552;0.408768
916;0.872384;0.050176;0.819488
917;0.851168;0.050176;0.831072
918;0.451936;0.0256;0.435552
919;0.070848;0.008192;0.069632
920;0.469984;0.027648;0.461184
921;0.47328;0.026624;0.452
922;0.44016;0.024576;0.415168
923;0.430528;0.023552;0.424832
924;0.473056;0.026624;0.480608
925;0.431808;0.024576;0.416896
926;0.451904;0.024576;0.435136
927;0.376576;0.021504;0.362368
928;1.0353;0.060416;0.974208
929;0.377088;0.021504;0.353408
930;0.432352;0.023552;0.422624
931;0.91072;0.050176;0.828544
932;0.872704;0.050176;0.829728
933;0.453024;0.0256;0.435872
934;0.07088;0.008288;0.069472
935;0.464064;0.026624;0.460288
936;0.472864;0.026624;0.447968
1093;0.070816;0.008192;0.06944
1094;0.44256;0.024576;0.417856
1095;0.376544;0.021504;0.344832
1096;1.03021;0.06144;0.975328
1097;0.368032;0.02048;0.35344
1098;0.432864;0.023552;0.408864
1099;0.872352;0.050176;0.8288
1100;0.872512;0.050176;0.830528
1101;0.451872;0.0256;0.435488
1102;0.070848;0.008416;0.069504
1103;0.464256;0.026624;0.461664
1104;0.47312;0.026624;0.453728
1105;0.44016;0.024576;0.415136
1106;0.43056;0.023552;0.396832
1107;0.40144;0.026624;0.498816
1108;0.431744;0.023552;0.41648
1109;0.45264;0.024576;0.43584
1110;0.37616;0.02048;0.361344
1111;1.04483;0.06144;0.982816
1112;0.377216;0.021504;0.362656
1113;0.433056;0.023552;0.418144
1114;0.875296;0.050176;0.837792
1115;0.872032;0.050176;0.820352
1116;0.451872;0.0256;0.426848
1117;0.070848;0.008192;0.069504
1118;0.473312;0.026624;0.460352
1119;0.473152;0.026624;0.457504
1120;0.440224;0.024576;0.424128
1121;0.43088;0.022528;0.415584
1122;0.47312;0.026624;0.461888
1123;0.431968;0.024576;0.408096
1124;0.452896;0.024576;0.445664
1125;0.376448;0.021504;0.353344
1126;1.02896;0.06144;0.974496
1127;0.377216;0.021504;0.36272
1128;0.43248;0.023552;0.408768
1129;0.885888;0.050176;0.837728
1130;0.856896;0.050176;0.821696
1131;0.491776;0.0256;0.44112
1132;0.071104;0.008192;0.069504
1133;0.463872;0.027392;0.460672
1134;0.472832;0.026624;0.447968
1135;0.440032;0.024576;0.414784
1136;0.430592;0.023552;0.415104
1137;0.473024;0.026656;0.48976
1138;0.432224;0.023552;0.421888
1139;0.452736;0.024576;0.42608
1140;0.376832;0.02048;0.363008
1141;1.03341;0.06144;0.974624
1142;0.377952;0.021504;0.36352
1143;0.432384;0.023552;0.423072
1144;0.86288;0.050176;0.819712
1145;0.873888;0.050176;0.840288
1146;0.452128;0.0256;0.436096
1147;0.07088;0.008192;0.069472
1148;0.46384;0.026624;0.460672
1149;0.463936;0.026624;0.453472
1150;0.439936;0.024576;0.41488
1151;0.430976;0.023552;0.4152
1152;0.473056;0.026656;0.48832
1153;0.431872;0.024576;0.41648
1154;0.451648;0.0256;0.416928
1155;0.367264;0.02048;0.3624
1156;1.02893;0.062464;0.973984
1157;0.386144;0.021504;0.353728
1158;0.432448;0.023552;0.42256
1159;0.87248;0.049152;0.81984
1160;0.877536;0.050176;0.82144
1161;0.452608;0.0256;0.435584
1162;0.07088;0.008192;0.069504
1163;0.473024;0.026624;0.48848
1164;0.473184;0.026624;0.454048
1165;0.430816;0.0248;0.414688
1166;0.430816;0.023552;0.406176
1167;0.473024;0.026624;0.470112
1168;0.43184;0.024576;0.417024
1169;0.453152;0.024576;0.436608
1170;0.37648;0.02048;0.361856
1171;1.0335;0.06144;0.974592
1172;0.377376;0.021504;0.353952
1173;0.432576;0.023552;0.409312
1174;0.870976;0.050176;0.82816
1175;0.874272;0.050176;0.831552
1176;0.452864;0.0256;0.436576
1177;0.070816;0.008192;0.069824
1178;0.46384;0.026624;0.469536
1179;0.473376;0.026624;0.462592
1180;0.44064;0.024576;0.415104
1181;0.35296;0.023552;0.42448
1182;0.473248;0.026624;0.480288
1183;0.431712;0.024576;0.416672
1184;0.452768;0.024576;0.435104
1185;0.37648;0.02048;0.361888
1186;1.04314;0.06144;0.98368
1187;0.377216;0.021504;0.344896
1188;0.432704;0.023552;0.418656
1189;0.876704;0.050176;0.819712
1190;0.877408;0.050176;0.831232
1191;0.451968;0.0256;0.435232
1192;0.07088;0.008192;0.069472
1193;0.47296;0.026624;0.489344
1194;0.470112;0.026624;0.461184
1195;0.441024;0.024576;0.414592
1196;0.430176;0.023552;0.424416
1197;0.473056;0.026624;0.480064
1198;0.43168;0.024576;0.416608
1199;0.451904;0.024576;0.426208
1200;0.376544;0.02048;0.361888
1201;1.03443;0.06144;0.98352
1202;0.377248;0.021504;0.353664
1203;0.432512;0.023552;0.408992
1204;0.874688;0.050176;0.829152
1205;0.883168;0.050176;0.84048
1206;0.563648;0.0256;0.450816
1207;0.070912;0.009216;0.069568
1208;0.46064;0.02688;0.471072
1209;0.473152;0.026624;0.462656
1210;0.44;0.024576;0.42384
1211;0.431072;0.023552;0.406496
1212;0.473344;0.026624;0.46032
1213;0.431776;0.023552;0.416032
1214;0.449696;0.024576;0.435136
1215;0.376512;0.02048;0.361856
1216;1.03395;0.06144;0.983456
1217;0.377536;0.021504;0.344768
1218;0.432448;0.023552;0.418432
1219;0.871232;0.050176;0.82848
1220;0.874176;0.050176;0.8488
1221;0.452096;0.0256;0.436224
1222;0.070848;0.008192;0.069472
1223;0.463872;0.026624;0.48864
1224;0.473024;0.026816;0.462848
1225;0.430816;0.024576;0.424352
1226;0.430944;0.023552;0.406048
1227;0.464064;0.026624;0.46064
1228;0.429312;0.023552;0.417056
1229;0.452032;0.024576;0.4264
1230;0.376096;0.020608;0.362368
1231;1.03424;0.06144;0.983008
1232;0.377056;0.021504;0.345568
1233;0.536;0.023552;0.42256
1234;0.870976;0.050176;0.818848
1235;0.85552;0.050176;0.821312
1236;0.451872;0.0256;0.436288
1237;0.07088;0.008192;0.069568
1238;0.472928;0.026624;0.488768
1239;0.473632;0.027648;0.472
1240;0.43792;0.024576;0.428928
1241;0.430944;0.023552;0.4064
1242;0.473856;0.026624;0.470016
1243;0.431616;0.023552;0.416768
1244;0.452448;0.024576;0.439936
1245;0.36736;0.02048;0.352416
1246;1.03968;0.062464;0.974688
1247;0.378176;0.021504;0.353888
1248;0.43248;0.023552;0.418464
1249;0.885216;0.049152;0.828608
1406;0.377568;0.021504;0.363104
1407;0.390112;0.026624;0.448448
1408;0.439904;0.024576;0.414656
1409;0.430944;0.023552;0.429024
1410;0.473024;0.026624;0.488
1411;0.43184;0.023808;0.406784
1412;0.451936;0.024576;0.417344
1413;0.376384;0.02048;0.343808
1414;1.02483;0.06144;0.983744
1415;0.367648;0.020768;0.35296
1416;0.432416;0.023552;0.409536
1417;0.875136;0.050176;0.82016
1418;0.873184;0.050176;0.830624
1419;0.452064;0.0256;0.435744
1420;0.07088;0.008192;0.069472
1421;0.46384;0.026624;0.489824
1422;0.473088;0.026624;0.447712
1423;0.440064;0.024576;0.415648
1424;0.421856;0.023552;0.415712
1425;0.464096;0.026624;0.46144
1426;0.431712;0.024576;0.399104
1427;0.451872;0.024576;0.41728
1428;0.376448;0.020672;0.343616
1429;1.02954;0.06144;0.973792
1430;0.377184;0.021504;0.362624
1431;0.371424;0.023552;0.431552
1432;0.875584;0.050176;0.838016
1433;0.871968;0.050176;0.822272
1434;0.451872;0.0256;0.43552
1435;0.070816;0.008192;0.069568
1436;0.464576;0.027648;0.460832
1437;0.473472;0.026624;0.44832
1438;0.440128;0.024576;0.414816
1439;0.430624;0.023552;0.415776
1440;0.4736;0.026624;0.480608
1441;0.43168;0.023776;0.40752
1442;0.451872;0.024576;0.417632
1443;0.37648;0.02048;0.352704
1444;1.0385;0.06144;0.98272
1445;0.377312;0.021504;0.353536
1446;0.432096;0.023552;0.417632
1447;0.870496;0.050176;0.818912
1448;0.874304;0.050176;0.821856
1449;0.452;0.0256;0.426848
1450;0.070816;0.008192;0.069472
1451;0.473152;0.026624;0.489856
1452;0.473248;0.026624;0.462176
1453;0.439936;0.024576;0.423936
1454;0.43088;0.023552;0.405984
1455;0.39504;0.026624;0.498848
1456;0.431744;0.024576;0.417184
1457;0.451872;0.024576;0.43568
1458;0.376448;0.02048;0.362656
1459;1.03437;0.06144;0.974496
1460;0.377248;0.021504;0.354208
1461;0.432608;0.023552;0.418496
1462;0.875648;0.050176;0.821024
1463;0.877568;0.050176;0.822784
1464;0.451904;0.0256;0.426336
1465;0.07088;0.008192;0.069504
1466;0.472704;0.026624;0.490048
1467;0.47328;0.026624;0.471008
1468;0.440736;0.0256;0.424096
1469;0.43088;0.022528;0.406432
1470;0.473696;0.026624;0.470368
1471;0.431072;0.024576;0.421664
1472;0.452032;0.024576;0.435392
1473;0.36816;0.02048;0.353152
1474;1.03354;0.06144;0.974368
1475;0.368096;0.021504;0.353248
1476;0.433152;0.023552;0.409792
1477;0.883712;0.050176;0.820416
1478;0.868352;0.050176;0.829888
1479;0.4528;0.0256;0.435616
1480;0.070848;0.008192;0.069472
1481;0.47344;0.026624;0.4888
1482;0.473248;0.026624;0.461344
1483;0.441248;0.024576;0.41472
1484;0.421728;0.023552;0.406624
1485;0.473664;0.026624;0.497248
1486;0.431712;0.024576;0.421632
1487;0.453056;0.024576;0.425952
1488;0.37648;0.02048;0.362144
1489;1.02579;0.06144;0.98432
1490;0.37728;0.021504;0.362624
1491;0.43248;0.022784;0.4088
1492;0.884128;0.050176;0.827648
1493;0.883136;0.050176;0.830784
1494;0.452224;0.0256;0.435552
1495;0.070944;0.008192;0.069504
1496;0.46384;0.026784;0.46016
1497;0.473856;0.026624;0.448352
1498;0.44;0.0256;0.406592
1499;0.43104;0.022528;0.419936
1500;0.472992;0.026624;0.497824
1501;0.43168;0.024576;0.406976
1502;0.451904;0.024576;0.426208
1503;0.376448;0.02048;0.352704
1504;1.03002;0.06144;0.974176
1505;0.368;0.021504;0.353408
1506;0.432352;0.022528;0.408768
1507;0.872896;0.050176;0.837952
1508;0.87696;0.050176;0.83008
1509;0.45184;0.0256;0.43568
1510;0.070816;0.008288;0.069472
1511;0.463808;0.026624;0.45216
1512;0.47312;0.026624;0.44768
1513;0.431264;0.024672;0.414592
1514;0.430912;0.023552;0.415808
1515;0.474208;0.026624;0.46064
1516;0.431584;0.024576;0.407968
1517;0.452224;0.024576;0.435072
1518;0.376512;0.02048;0.353472
1519;1.02931;0.06144;0.974976
1520;0.377376;0.021504;0.362336
1521;0.432992;0.023552;0.41856
1522;0.873824;0.050176;0.827808
1523;0.877664;0.050176;0.830816
1524;0.45216;0.0256;0.418144
1525;0.07088;0.008192;0.069504
1526;0.473248;0.026624;0.469536
1527;0.473184;0.026624;0.45744
1528;0.440352;0.024576;0.424096
1529;0.430912;0.023552;0.415808
1530;0.47296;0.026816;0.460608
1531;0.431776;0.024576;0.407424
1532;0.574016;0.0256;0.459936
1533;0.376832;0.02048;0.352672
1534;1.03021;0.062464;0.97408
1535;0.377248;0.021504;0.362752
1536;0.432736;0.022528;0.418496
1537;0.875552;0.049152;0.828224
1538;0.885888;0.050176;0.839488
1539;0.461376;0.026624;0.4264
1540;0.070784;0.008288;0.069504
1541;0.473088;0.026624;0.47056
1542;0.47312;0.026624;0.462688
1543;0.44032;0.024576;0.424288
1544;0.43056;0.023552;0.397632
1545;0.47376;0.026624;0.460352
1546;0.431616;0.024576;0.417376
1547;0.451968;0.024576;0.439648
1548;0.376864;0.02048;0.361824
1549;1.03424;0.06144;0.983104
1550;0.377216;0.021504;0.345344
1551;0.432736;0.023552;0.40848
1552;0.875712;0.050176;0.828128
1553;0.876416;0.050176;0.849152
1554;0.451936;0.026624;0.436
1555;0.070848;0.008192;0.069504
1556;0.473728;0.026624;0.471616
1557;0.473088;0.026624;0.462112
1558;0.440064;0.024576;0.42416
1559;0.430592;0.022784;0.3968
1560;0.474176;0.027648;0.451648
1561;0.43136;0.024576;0.4168
1718;0.430592;0.023552;0.405056
1719;0.472704;0.026688;0.479072
1720;0.86432;0.050176;0.83664
1721;0.876096;0.0512;0.829856
1722;0.45168;0.0256;0.426816
1723;0.070784;0.008192;0.069472
1724;0.46976;0.026624;0.456608
1725;0.47264;0.026624;0.469568
1726;0.439488;0.0256;0.429952
1727;0.430464;0.023552;0.413952
1728;0.463584;0.026624;0.447392
1729;0.359872;0.023744;0.42128
1730;0.451648;0.024576;0.427104
1731;0.376288;0.020672;0.361696
1732;1.02899;0.06144;1.00038
1733;0.368128;0.02048;0.353568
1734;0.433024;0.023552;0.407744
1735;0.875456;0.049152;0.818784
1736;0.868608;0.050176;0.839008
1737;0.442752;0.0256;0.42704
1738;0.070784;0.008288;0.069472
1739;0.463712;0.026624;0.447584
1740;0.473664;0.026656;0.479296
1741;0.439936;0.024576;0.406144
1742;0.430432;0.023552;0.414688
1743;0.473056;0.026624;0.461376
1744;0.431872;0.024576;0.415424
1745;0.451712;0.024576;0.426848
1746;0.376512;0.021504;0.361696
1747;1.02995;0.062464;0.981792
1748;0.37728;0.021504;0.36256
1749;0.432064;0.023552;0.408096
1750;0.874016;0.049152;0.826976
1751;0.867648;0.050176;0.829568
1752;0.451776;0.0256;0.42704
1753;0.070816;0.008192;0.069536
1754;0.472928;0.026624;0.4608
1755;0.473024;0.026624;0.48848
1756;0.439776;0.024576;0.423936
1757;0.430432;0.024576;0.404832
1758;0.47312;0.026848;0.438368
1759;0.431328;0.023552;0.4152
1760;0.451264;0.024576;0.42704
1761;0.376928;0.02048;0.343904
1762;1.03354;0.06144;0.989984
1763;0.378112;0.021504;0.353056
1764;0.431968;0.023552;0.416704
1765;0.873344;0.050176;0.826912
1766;0.859008;0.050176;0.829504
1767;0.451808;0.0256;0.42704
1768;0.070752;0.008192;0.069504
1769;0.473184;0.026624;0.471008
1770;0.463456;0.026624;0.479616
1771;0.434208;0.0256;0.424896
1772;0.43024;0.023552;0.39632
1773;0.472768;0.026624;0.456992
1774;0.432064;0.024576;0.415168
1775;0.451488;0.0256;0.427328
1776;0.376256;0.02048;0.353408
1777;0.99792;0.06144;1.11318
1778;0.377344;0.021504;1.01248
1779;0.43232;0.022528;0.417024
1780;0.873888;0.050176;1.60867
1781;0.876992;0.050208;0.829472
1782;0.451744;0.0256;0.435392
1783;0.070816;0.008192;0.069472
1784;0.461088;0.026624;0.446784
1785;0.463968;0.026688;0.460864
1786;0.430784;0.0248;0.41536
1787;0.430624;0.022528;0.414272
1788;0.4728;0.026624;0.447584
1789;0.431456;0.023552;0.415232
1790;0.451776;0.024576;0.435936
1791;0.376192;0.021504;0.36128
1792;1.04301;0.06144;1.61802
1793;0.377088;0.021504;0.993952
1794;0.432;0.022528;0.416832
1795;0.872288;0.050176;1.39587
1796;0.878208;0.050176;0.828992
1797;0.451712;0.0256;0.426464
1798;0.070784;0.008192;0.069504
1799;0.41264;0.026624;0.475968
1800;0.473376;0.026624;0.4888
1801;0.439776;0.024576;0.415424
1802;0.430368;0.023552;0.405472
1803;0.472704;0.026624;0.461376
1804;0.431168;0.024576;0.416096
1805;0.451776;0.024576;0.42672
1806;0.376;0.021504;0.362464
1807;1.02832;0.06144;1.36454
1808;0.377088;0.021504;0.84656
1809;0.432064;0.023552;0.417056
1810;0.90112;0.049152;1.2753
1811;0.866816;0.050176;0.820256
1812;0.452224;0.0256;0.436352
1813;0.070784;0.008192;0.069568
1814;0.47936;0.026624;0.471008
1815;0.472672;0.026816;0.479968
1816;0.430592;0.024576;0.405952
1817;0.430176;0.023552;0.42352
1818;0.472896;0.026624;0.462688
1819;0.422112;0.024576;0.40608
1820;0.45232;0.024576;0.42624
1821;0.37648;0.021504;0.36192
1822;1.03997;0.06144;1.45648
1823;0.377056;0.021504;0.99328
1824;0.432032;0.023552;0.408096
1825;0.874112;0.050176;1.39514
1826;0.876576;0.050176;0.838304
1827;0.442528;0.0256;0.426656
1828;0.070816;0.008192;0.0696
1829;0.463648;0.026624;0.461024
1830;0.472768;0.026624;0.460864
1831;0.439392;0.024576;0.415296
1832;0.431168;0.023552;0.41456
1833;0.472832;0.026624;0.462528
1834;0.431104;0.024576;0.415456
1835;0.45168;0.024576;0.426848
1836;0.376288;0.021504;0.36192
1837;1.02534;0.06144;1.40614
1838;0.37696;0.021504;0.846272
1839;0.431936;0.023552;0.416704
1840;0.883104;0.050176;1.2943
1841;0.875872;0.050176;0.820704
1842;0.452416;0.025664;0.42768
1843;0.070784;0.008192;0.069504
1844;0.472768;0.026624;0.461376
1845;0.410592;0.026624;0.498816
1846;0.439552;0.024576;0.424736
1847;0.427264;0.023552;0.41472
1848;0.472864;0.026624;0.437856
1849;0.431232;0.024576;0.406016
1850;0.45248;0.024576;0.417088
1851;0.376256;0.02048;0.361664
1852;1.02922;0.06144;1.43456
1853;0.376992;0.021504;0.911744
1854;0.432064;0.022528;0.421504
1855;0.868032;0.050176;1.40378
1856;0.875872;0.050176;0.829568
1857;0.44256;0.0256;0.427008
1858;0.070784;0.008192;0.069504
1859;0.472832;0.026624;0.470464
1860;0.472736;0.02672;0.4792
1861;0.439552;0.024576;0.434048
1862;0.430272;0.023552;0.396448
1863;0.472704;0.026624;0.456736
1864;0.431232;0.024576;0.415328
1865;0.451776;0.024576;0.44016
1866;0.367072;0.02048;0.343968
1867;1.02944;0.06144;1.40618
1868;0.311392;0.021504;1.06669
1869;0.432;0.023552;0.41664
1870;0.870112;0.050176;1.28477
1871;0.87392;0.050176;0.828896
1872;0.451744;0.0256;0.418432
1873;0.070784;0.008192;0.069504
1874;0.473216;0.026624;0.461344
2031;0.451392;0.0256;0.436288
2032;0.070816;0.008192;0.069568
2033;0.443136;0.024576;0.426208
2034;0.37632;0.021504;0.36176
2035;1.02848;0.06144;0.986688
2036;0.377088;0.021504;0.939296
2037;0.432352;0.023552;0.408096
2038;0.865312;0.050176;1.92093
2039;0.866048;0.050176;0.829696
2040;0.451712;0.0256;0.436192
2041;0.070784;0.008192;0.069504
2042;0.463296;0.026624;0.460896
2043;0.472416;0.026624;0.46064
2044;0.439872;0.024576;0.414432
2045;0.431232;0.023552;0.414368
2046;0.472832;0.026624;0.461504
2047;0.432288;0.024576;0.425024
2048;0.451712;0.0248;0.435712
2049;0.377344;0.021504;0.361152
2050;1.03491;0.06144;0.99088
2051;0.377504;0.021504;0.882976
2052;0.431936;0.023552;0.430784
2053;0.87328;0.050176;2.01466
2054;0.866464;0.050176;0.8296
2055;0.451968;0.0256;0.436224
2056;0.070784;0.008192;0.069472
2057;0.463616;0.026624;0.447104
2058;0.472672;0.026624;0.471072
2059;0.439648;0.024576;0.41536
2060;0.430464;0.023552;0.414144
2061;0.473152;0.027648;0.461888
2062;0.357504;0.024576;0.415264
2063;0.451712;0.024576;0.426816
2064;0.37664;0.02048;0.3616
2065;1.02982;0.06144;0.981568
2066;0.377056;0.021504;0.911712
2067;0.432032;0.022528;0.421504
2068;0.870688;0.050176;1.22134
2069;0.885216;0.050176;0.828992
2070;0.451712;0.0256;0.42704
2071;0.070816;0.008192;0.06944
2072;0.4728;0.027648;0.456928
2073;0.472704;0.026624;0.479264
2074;0.439776;0.024704;0.424608
2075;0.430496;0.023552;0.414656
2076;0.411392;0.026688;0.55584
2077;0.431584;0.023552;0.397216
2078;0.45136;0.0256;0.436064
2079;0.37728;0.02048;0.361824
2080;1.04256;0.06144;0.995488
2081;0.377056;0.021504;0.800576
2082;0.422784;0.023552;0.407968
2083;0.882912;0.050176;1.7369
2084;0.879904;0.050176;0.829184
2085;0.451872;0.0256;0.427392
2086;0.07072;0.00832;0.069472
2087;0.47248;0.026624;0.456288
2088;0.472416;0.026656;0.47936
2089;0.43984;0.024608;0.424576
2090;0.421408;0.023552;0.405568
2091;0.464064;0.026624;0.446944
2092;0.431232;0.024576;0.415392
2093;0.451488;0.024576;0.440608
2094;0.373248;0.020608;0.352256
2095;1.03389;0.06144;1.0001
2096;0.377088;0.021504;0.864768
2097;0.432032;0.022528;0.421248
2098;0.882496;0.050176;1.96758
2099;0.875968;0.050176;0.829152
2100;0.451936;0.0256;0.43632
2101;0.070848;0.008192;0.069472
2102;0.463936;0.026624;0.469984
2103;0.47344;0.026624;0.480224
2104;0.439808;0.024576;0.415008
2105;0.430496;0.022528;0.413696
2106;0.472416;0.026624;0.456384
2107;0.431104;0.024576;0.428736
2108;0.45168;0.024576;0.41712
2109;0.376352;0.02048;0.36176
2110;1.03738;0.06144;0.990912
2111;0.377056;0.021504;0.846624
2112;0.432064;0.023552;0.422048
2113;0.873504;0.050176;1.61754
2114;0.874272;0.050176;0.8384
2115;0.451744;0.0256;0.436256
2116;0.070816;0.008192;0.069504
2117;0.46368;0.026624;0.451584
2118;0.4728;0.026624;0.4616
2119;0.439808;0.024576;0.414784
2120;0.430496;0.023552;0.41424
2121;0.472544;0.026624;0.47056
2122;0.431264;0.024576;0.415584
2123;0.451712;0.024576;0.436448
2124;0.376032;0.021504;0.35248
2125;1.02896;0.06144;0.986304
2126;0.367872;0.021504;0.80928
2127;0.432032;0.023552;0.416864
2128;0.874144;0.049152;2.03302
2129;0.879936;0.050176;0.82128
2130;0.451744;0.0256;0.42704
2131;0.070784;0.008192;0.069504
2132;0.464448;0.026624;0.447104
2133;0.47264;0.026624;0.479264
2134;0.439968;0.024576;0.428416
2135;0.421344;0.023552;0.40512
2136;0.472832;0.026624;0.438944
2137;0.431104;0.024576;0.424704
2138;0.45168;0.024576;0.436192
2139;0.376128;0.02064;0.36176
2140;1.04301;0.06144;0.9816
2141;0.377056;0.021504;0.96608
2142;0.431968;0.023552;0.407712
2143;0.869536;0.050176;1.71002
2144;0.886048;0.050176;0.829184
2145;0.451808;0.0256;0.43584
2146;0.070784;0.008192;0.069472
2147;0.463584;0.026624;0.447936
2148;0.472928;0.026848;0.460864
2149;0.43984;0.024608;0.415264
2150;0.43056;0.023552;0.414144
2151;0.4728;0.026624;0.461408
2152;0.423264;0.023552;0.4152
2153;0.45168;0.024576;0.418304
2154;0.37632;0.021504;0.361312
2155;1.0288;0.06144;0.995168
2156;0.376992;0.021504;0.892704
2157;0.431968;0.023552;0.416832
2158;0.889856;0.050176;1.21027
2159;0.876928;0.050176;0.82944
2160;0.451808;0.0256;0.427008
2161;0.070752;0.008192;0.069504
2162;0.473056;0.026624;0.462336
2163;0.463552;0.027648;0.47152
2164;0.430976;0.024576;0.42464
2165;0.431264;0.023552;0.414976
2166;0.463872;0.026624;0.448064
2167;0.431232;0.024576;0.4152
2168;0.451744;0.024576;0.442336
2169;0.376224;0.02048;0.464512
2170;1.04397;0.06144;0.976544
2171;0.376736;0.020736;0.96624
2172;0.432256;0.023552;0.407104
2173;0.873888;0.050176;1.19267
2174;0.885664;0.0512;0.829024
2175;0.451712;0.025856;0.444768
2176;0.070816;0.008192;0.06976
2177;0.46352;0.026624;0.470592
2178;0.472768;0.026688;0.452448
2179;0.439392;0.024576;0.41488
2180;0.421312;0.023552;0.414048
2181;0.472672;0.026624;0.456384
2182;0.428128;0.024576;0.428832
2183;0.451648;0.024576;0.417792
2184;0.376352;0.02048;0.36176
2185;1.03766;0.06144;0.981696
2186;0.37712;0.021504;0.902944
2343;0.376352;0.02048;0.352512
2344;1.04298;0.06144;0.981664
2345;0.377216;0.021504;0.772544
2346;1.73369e-255;6.59016e-96;0.45184
2347;8.67198e-275;1.34302e-235;0.070752
2348;1.12148e-274;7.88044e-251;0.473568
2349;2.85143e-260;5.36201e-212;0.472768
2350;1.43988e-245;1.90785e-226;0.440512
2351;1.58525e-226;4.4079e-62;0.430944
2352;4.11395e-294;8.04467e-212;0.472768
2353;5.73102e-246;1.32519e-279;0.431584
2354;5.66132e-212;3.24524e+88;0.452416
2355;2.69511e-289;5.68688e+15;0.37744
2356;9.92274e-280;2.82847e-86;1.03437
2357;1.65868e-168;5.73157e-159;0.377568
2358;9.45794e-183;8.22037e-33;0.433376
2359;8.29796e-164;1.00175e-269;0.870816
2360;5.2607e-241;3.53146e-18;0.877184
2361;4.35034e-265;8.56442e-159;0.451776
2362;5.63487e-241;1.15586e-192;0.070816
2363;8.31438e-246;4.25409e-309;0.47312
2364;5.06373e-212;3.91746e-294;0.473024
2365;1.66735e-255;4.94066e-324;0.440032
2366;4.11956e-202;2.05278e-289;0.431488
2367;1.26033e-158;3.13152e-294;0.473792
2368;6.27854e-299;2.43907e-289;0.5536
2369;1.73472e-221;3.13382e-294;0.451936
2370;3.91672e-294;3.91746e-294;0.37744
2371;2.2267e-221;2.05428e-289;1.02957
2372;1.8414e-250;2.95186e-260;0.377216
2373;3.86433e-178;3.89726e-207;0.432512
2374;7.27144e-222;5.07697e-299;0.868032
2375;1.99223e-168;3.32954e-294;0.895776
2376;2.10449e-284;1.68254e-284;0.452032
2377;2.0027e-255;5.67892e-299;0.070816
2378;1.18052e-250;2.31031e-289;0.47312
2379;2.92504e-207;4.50538e-265;0.473408
2380;3.92805e-154;1.68188e-284;0.440416
2381;9.40825e-275;1.18121e-250;0.421856
2382;1.10332e-279;2.05428e-289;0.472864
2383;4.67898e-149;7.22646e-275;0.432544
2384;4.88063e-241;1.75134e-250;0.452
2385;3.32046e-236;3.90946e-207;0.37648
2386;5.44575e-270;3.47433e-260;1.03386
2387;1.49084e-250;3.34249e-289;0.376864
2388;2.18154e-289;9.86796e-106;0.432224
2389;8.88192e-246;2.03366e-260;0.874624
2390;1.9357e-284;2.18954e-284;0.870048
2391;1.32142e-226;4.50601e-265;0.383232
2392;2.90989e-231;7.59597e-275;0.070752
2393;3.07988e-105;1.53197e-202;0.463968
2394;2.65113e-226;1.34795e-284;0.473216
2395;7.79671e-87;2.44056e-260;0.440416
2396;2.203e-192;2.13177e-173;0.431872
2397;1.0743e-221;4.50131e-241;0.473376
2398;6.02826e-246;2.44454e-260;0.431456
2399;3.32955e-294;2.04597e-207;0.45168
2400;9.17786e-251;4.87769e-241;0.37744
2401;1.93708e-231;5.20913e-270;1.03347
2402;7.13768e-67;2.5596e-202;0.37712
2403;6.52993e-178;3.01933e-207;0.423808
2404;3.03232e-86;3.93819e-241;0.885632
2405;9.41247e-275;3.07448e-226;0.86832
2406;5.68009e-299;2.18888e-284;0.451712
2407;2.14699e-314;2.04627e-202;0.070752
2408;2.56735e-289;8.88535e-246;0.46368
2409;8.38669e-317;4.07608e-260;0.473088
2410;0;3.33784e-255;0.440576
2411;0;3.92129e-294;0.430784
2412;0;3.65105e-183;0.47312
2413;1.59913e-284;1.60129e-221;0.871392
2414;7.18386e-299;4.19442e-236;0.861696
2415;5.64373e-241;1.04736e-279;0.373088
2416;3.32012e-207;2.25787e-231;0.070816
2417;4.36925e-231;1.71471e-279;0.472704
2418;1.26923e-279;5.4439e-270;0.47312
2419;3.68998e-236;1.13653e-250;0.439904
2420;2.6454e-260;1.4345e-279;0.43088
2421;2.13649e-260;5.67776e-299;0.473728
2422;2.7342e-207;2.54497e-260;0.431648
2423;4.05935e-86;1.12404e-274;0.4528
2424;1.03183e-158;2.33076e-173;0.376576
2425;4.02463e-178;1.93768e-284;1.02995
2426;1.92987e-144;1.3463e-284;0.37712
2427;1.30338e-76;2.25882e-231;0.423168
2428;5.35264e-212;6.56179e-212;0.87152
2429;8.02047e-246;1.04737e-279;0.874848
2430;9.10599e-217;3.13228e-294;0.45184
2431;2.21994e-139;1.46748e-216;0.070912
2432;1.727e-168;2.02175e-284;0.47296
2433;1.26739e-192;8.30986e-246;0.473152
2434;7.63654e-270;5.36081e-212;0.440448
2435;4.61586e-212;2.72013e-250;0.43104
2436;4.6873e-120;2.84903e-260;0.473152
2437;2.05496e-81;1.76594e-284;0.428928
2438;1.3211e-192;5.25995e-241;0.452096
2439;3.20552e-202;5.47524e-207;0.376448
2440;1.99353e-168;4.51076e-294;1.02989
2441;1.14957e-245;2.16915e-144;0.489984
2442;2.71579e-163;5.45961e-120;0.429312
2443;2.44414e-260;1.18291e-216;0.881632
2444;7.95821e-193;8.88983e-246;0.877088
2445;7.95441e-169;1.90785e-226;0.452544
2446;5.04725e-188;6.39962e-270;0.070848
2447;5.4198e-149;9.75651e-309;0.473376
2448;5.58997e-67;9.1264e-304;0.473184
2449;2.75062e-260;6.86399e-275;0.440128
2450;3.56666e-236;6.09677e-130;0.430976
2451;2.39337e-178;2.49942e-231;0.46384
2452;1.89543e-206;4.19345e-236;0.431456
2453;1.34205e+11;1.86688e-255;0.443136
2454;3.93546e-207;1.26781e-250;0.376416
2455;2.4257e-66;1.26798e-250;1.03501
2456;1.64772e-85;2.68969e-202;0.377216
2457;1.86381e+142;4.4353e-236;0.432448
2458;3.3848e-14;1.09304e-269;0.881632
2459;2.95862e-125;1.33436e-255;0.878016
2460;1.66683e-255;8.31522e-275;0.451936
2461;1.40156e-309;1.60179e-255;0.07088
2462;2.56735e-289;2.18756e-284;0.463904
2463;1.4822e-323;2.13569e-260;0.47312
2464;0;9.19376e-246;0.43088
2465;0;1.48762e-163;0.43104
2466;0;4.97285e-91;0.599072
2467;0;1.73525e-255;0.431648
2468;7.29112e-304;9.77069e-275;0.451584
2469;7.22221e-275;1.41246e-309;0.366944
2470;4.73871e-270;0;1.03469
2471;5.93103e-270;0;0.377248
2472;3.32857e-316;0;0.432992
2473;5.07695e-299;3.7252e-265;0.87232
2474;2.17296e-311;5.6713e-183;0.877536
2475;5.49622e-312;3.81816e-236;0.451808
2476;0;1.8682e-255;0.070816
2477;2.0543e-289;1.84599e-197;0.464256
2478;2.80324e-309;1.09912e-192;0.473056
2479;3.08645e-289;7.46761e-246;0.439904
2480;2.05228e-289;1.15754e-279;0.431168
2481;5.77663e-275;4.34911e-265;0.473024
2482;3.91439e-294;1.32031e-216;0.432128
2483;2.09813e-197;8.07811e-270;0.45264
2484;1.60153e-255;2.43942e-284;0.376736
2485;2.82781e-183;1.03591e-134;1.03318
2486;3.19616e-236;1.08183e-187;0.377376
2487;6.28794e-299;1.04363e-182;0.432448
2488;8.93808e-212;1.53352e-226;0.867392
2489;4.34911e-265;1.15776e-279;0.878624
2490;5.44296e-270;1.4615e-168;0.452064
2491;2.5576e-202;2.10581e-284;0.070816
2492;3.13003e-207;8.31522e-275;0.473664
2493;2.95185e-260;8.31527e-275;0.473984
2494;5.26144e-241;2.2389e-260;0.43968
2495;4.74616e-270;1.20274e-245;0.428256
2496;1.92423e-250;1.64558e-216;0.474208
2497;1.13324e-255;1.64071e-226;0.431328
2498;1.10397e-279;1.80792e-187;0.452128
2499;1.84566e-197;2.75819e+93;0.376608
2656;9.01527e-270;2.42161e-245;0.431648
2657;2.70282e-236;5.07619e-241;0.451936
2658;3.72887e-265;5.93176e-236;0.37648
2659;1.24924e-221;7.29921e+97;1.03395
2660;1.42655e-226;1.58504e-226;0.377184
2661;2.56888e-289;3.90643e-207;0.432512
2662;4.73592e-270;4.67496e-144;0.862688
2663;2.74821e-260;1.67091e-23;0.877664
2664;3.72644e-265;2.84212e-173;0.451872
2665;9.03342e-241;2.50005e-231;0.070912
2666;6.29864e-246;3.93433e-149;0.472992
2667;2.56735e-289;4.7854e-221;0.472768
2668;6.86911e-270;6.87852e-246;0.439936
2669;1.60153e-255;2.65058e-260;0.431616
2670;3.6075e-139;9.99451e-265;0.473696
2671;3.67196e-260;6.62656e-183;0.432384
2672;2.44055e-260;2.39487e-178;0.453088
2673;2.45808e-236;8.67482e-275;0.376512
2674;2.03606e-260;4.6294e+107;1.04352
2675;5.09792e-294;1.51633e+06;0.377312
2676;2.18105e-289;7.27714e-217;0.432416
2677;5.89743e-183;8.65447e-217;0.871168
2678;1.26238e-163;7.43484e-33;0.877056
2679;7.94541e-188;1.67128e-255;0.452192
2680;1.09315e-216;0.000494498;0.070816
2681;7.73443e-246;1.93247e-47;0.463744
2682;8.88193e-246;1.22136e-163;0.47312
2683;4.69046e-207;1.25761e-308;0.44
2684;7.27697e-217;0;0.431008
2685;8.67626e-275;7.29112e-304;0.473312
2686;2.49074e-144;2.56734e-289;0.431296
2687;1.01141e-187;7.22501e-275;0.45248
2688;4.78418e-299;2.05428e-289;0.376544
2689;2.43432e-279;2.05227e-289;1.02941
2690;1.76594e-284;1.97626e-323;0.377216
2691;2.266e-197;2.05428e-289;0.43248
2692;1.40288e-250;3.9823e-289;0.871744
2693;6.12162e-217;1.15242e-192;0.89504
2694;1.66079e-202;1.07014e-313;0.451552
2695;8.26983e-159;5.67893e-299;0.070816
2696;1.26815e-279;3.13151e-294;0.47264
2697;7.73554e-246;3.32954e-294;0.473088
2698;2.18054e-289;6.14332e-275;0.440832
2699;2.49941e-231;2.60951e-284;0.430848
2700;1.04562e-192;2.56634e-289;0.473056
2701;2.95367e-289;9.19375e-246;0.431584
2702;2.85063e-260;2.05428e-289;0.451904
2703;4.33854e-178;2.03407e-260;0.376384
2704;9.19607e-246;3.47192e-260;1.03325
2705;1.10929e-221;4.10337e-207;0.36768
2706;1.68287e-284;1.9348e-255;0.433088
2707;1.58504e-226;1.09783e-192;0.884416
2708;2.95517e-289;3.2704e-139;0.87744
2709;2.74701e-260;2.34053e-260;0.451488
2710;1.93505e-284;3.85704e-289;0.070816
2711;1.60075e-255;1.30426e-274;0.463872
2712;1.53414e-226;2.44095e-260;0.473088
2713;4.37028e-115;1.8019e-226;0.44
2714;9.91051e-193;8.68761e-275;0.431136
2715;6.0155e+10;6.02379e-241;0.472992
2716;4.95706e-183;4.96084e-178;0.431808
2717;6.16775e-236;5.362e-212;0.45264
2718;9.707e-222;8.68195e-275;0.37648
2719;4.21015e-309;1.10874e-221;1.05194
2720;2.44215e-260;3.91823e-294;0.377184
2721;1.11098e-226;7.34418e-270;0.432576
2722;1.76885e-105;1.08943e-245;0.875424
2723;1.05142e-52;1.71341e-279;0.863488
2724;7.72703e-125;8.50078e-193;0.452128
2725;2.70315e-289;8.40877e-265;0.070816
2726;3.91976e-294;7.44613e-246;0.44256
2727;4.94066e-324;1.04957e-250;0.376544
2728;0;1.42882e-226;1.03021
2729;0;1.41498e-303;0.368032
2730;0;2.27375e-250;0.432864
2731;0;2.18607e-289;0.872352
2732;0;1.53447e-202;0.872512
2733;6.58686e-246;1.5894e-226;0.451872
2734;2.69864e-289;6.87655e-270;0.070848
2735;2.34219e-231;1.15884e-279;0.464256
2736;5.3713e-212;1.40115e-250;0.47312
2737;1.76925e-284;1.49563e-250;0.44016
2738;6.8739e-275;1.06612e-255;0.43056
2739;3.07092e-202;7.16011e-246;0.40144
2740;1.35476e-250;5.6833e-270;0.431744
2741;5.44576e-270;9.12282e-304;0.45264
2742;3.2005e-236;6.27972e-299;0.37616
2743;3.19382e-115;1.3658e-216;1.04483
2744;3.06641e-144;3.23193e-231;0.377216
2745;4.48597e-154;4.12161e-294;0.433056
2746;1.84633e-197;1.93571e-284;0.875296
2747;1.41187e-86;1.93479e-255;0.872032
2748;5.42197e-236;3.32316e-207;0.451872
2749;2.64539e-260;8.68904e-275;0.070848
2750;1.09225e-216;4.76903e-212;0.473312
2751;4.1844e-149;1.66911e-221;0.473152
2752;1.63213e-139;2.56786e-289;0.440224
2753;2.57139e-289;1.04872e-250;0.43088
2754;1.1861e-216;3.51173e-207;0.47312
2755;3.82055e-236;6.7128e-294;0.431968
2756;7.9372e-115;1.73368e-255;0.452896
2757;1.38743e-134;1.76858e-284;0.376448
2758;6.6164e-183;1.17949e-250;1.02896
2759;2.31047e-202;2.49137e-144;0.377216
2760;1.99405e-168;6.24627e-125;0.43248
2761;5.20805e-183;9.14179e+15;0.885888
2762;1.26347e-42;7.13956e-154;0.856896
2763;1.73447e-255;1.35058e-163;0.491776
2764;2.90609e-231;8.90217e-246;0.071104
2765;1.42433e-197;4.19406e-265;0.463872
2766;7.50182e-212;2.44255e-260;0.472832
2767;6.75481e-154;9.75653e-309;0.440032
2768;1.38472e-134;4.97346e-270;0.430592
2769;1.90867e-226;1.60023e-255;0.473024
2770;5.45131e-270;1.4206e-110;0.432224
2771;3.07532e-231;1.73158e-260;0.452736
2772;3.61924e-134;2.30545e-202;0.376832
2773;1.57508e-52;1.26946e-279;1.03341
2774;4.98196e-183;2.54258e-260;0.377952
2775;6.60797e-129;3.44571e-236;0.432384
2776;4.78956e-182;2.50226e-231;0.86288
2777;4.83641e+122;7.34605e-270;0.873888
2778;1.51954e-28;2.10292e-250;0.452128
2779;1.82957e-62;3.52011e-207;0.07088
2780;1.76859e-284;5.44522e-241;0.46384
2781;2.79223e-309;1.26815e-279;0.463936
2782;2.05227e-289;1.35579e-250;0.439936
2783;1.97626e-323;2.11891e-226;0.430976
2784;0;6.28444e-299;0.473056
2785;0;2.81677e-202;0.431872
2786;0;7.07485e-96;0.451648
2787;0;1.32003e-221;0.367264
2788;0;1.57779e-250;1.02893
2789;2.56735e-289;2.30981e-289;0.386144
2790;1.68353e-284;4.94066e-324;0.432448
2791;5.69719e-270;0;0.87248
2792;3.32857e-316;7.29112e-304;0.877536
2793;3.72174e-294;1.01218e-274;0.452608
2794;2.17296e-311;4.02643e-178;0.07088
2795;7.29112e-304;1.41749e-173;0.473024
2796;3.91746e-294;6.02375e-241;0.473184
2797;2.4396e-289;4.80062e-178;0.430816
2798;1.41794e-309;1.27032e-279;0.430816
2799;2.1068e-284;4.60894e-212;0.473024
2800;2.56734e-289;1.15776e-279;0.43184
2801;1.68254e-284;8.50829e-193;0.453152
2802;3.52448e-294;1.93505e-255;0.37648
2803;4.68813e-207;3.69191e-236;1.0335
2804;1.54533e-279;1.93244e-260;0.377376
2805;1.98099e-202;8.27428e-159;0.432576
2806;9.40826e-275;9.01709e-188;0.870976
2807;3.47376e-289;3.66487e-62;0.874272
2808;1.38756e-221;1.38892e-221;0.452864
2809;4.88358e-241;1.85132e-284;0.070816
2810;1.00392e-221;3.0724e-226;0.46384
2811;1.04218e-192;8.60039e-246;0.473376
2968;6.0179e-241;9.33883e-193;0.070816
2969;1.22468e-250;1.26782e-250;0.464032
2970;1.58463e-226;2.28024e-250;0.473248
2971;1.15199e-192;2.10614e-284;0.440192
2972;7.52787e-241;1.86819e-255;0.430912
2973;1.73212e-255;7.22505e-275;0.472992
2974;8.66005e-222;1.7342e-255;0.43168
2975;1.12064e-274;2.68319e-202;0.451968
2976;7.11775e-270;1.66439e-168;0.376608
2977;4.87695e-241;3.95929e-236;1.04256
2978;2.69965e-289;1.48077e-226;0.37744
2979;1.86793e-255;9.15327e-29;0.432352
2980;7.60916e-222;4.24541e-183;0.876256
2981;2.56686e-289;5.96772e-212;0.878976
2982;6.87469e-299;4.87184e-120;0.442624
2983;1.13653e-250;1.79192e-81;0.070816
2984;8.02158e-246;1.92964e-168;0.473056
2985;1.03116e-158;1.46307e-168;0.47312
2986;3.08394e-289;4.36296e-231;0.440192
2987;4.11243e-294;1.7148e-182;0.430816
2988;5.44482e-270;1.32088e-192;0.401184
2989;9.12643e-304;2.51782e-197;0.431648
2990;2.92906e-115;9.35176e-193;0.460992
2991;8.56103e-159;1.18672e-235;0.376512
2992;1.93558e-255;2.91049e-231;1.04314
2993;4.31603e-241;4.97253e-270;0.376928
2994;2.44295e-260;1.83856e-28;0.432384
2995;1.63864e-226;5.01499e-23;0.874848
2996;1.93571e-284;1.40528e-250;0.873952
2997;8.64522e-188;2.80919e-255;0.452576
2998;1.80361e-221;6.54565e+199;0.07088
2999;2.95745e-260;3.32289e-236;0.464192
3000;5.97003e-212;6.99088e-43;0.473376
3001;9.18708e-246;1.02766e+16;0.440672
3002;7.7086e-159;2.57719e-149;0.43056
3003;4.61529e-212;1.67372e-308;0.47264
3004;5.6018e-265;0;0.431616
3005;2.01355e-197;2.05227e-289;0.452768
3006;3.78027e-183;1.34531e-284;0.376416
3007;3.40308e-231;1.26859e-279;1.02928
3008;2.95415e-289;2.05428e-289;0.377344
3009;1.24816e-221;2.18054e-289;0.432672
3010;5.92173e-270;1.4822e-323;0.871584
3011;2.94187e-255;2.05428e-289;0.877696
3012;2.01216e-226;4.50539e-265;0.452192
3013;2.01286e-231;1.50762e-197;0.070912
3014;3.81235e-236;5.07699e-299;0.46384
3015;8.63687e-188;5.07695e-299;0.473216
3016;1.32324e-279;7.29112e-304;0.440352
3017;9.40117e-275;2.56635e-289;0.430592
3018;1.4822e-323;8.31097e-275;0.472992
3019;2.44055e-260;4.65803e-265;0.429152
3020;2.43508e-226;7.29112e-304;0.442368
3021;2.95356e-265;2.11849e-226;0.37648
3022;2.33933e-260;2.05428e-289;1.03322
3023;3.32094e-236;3.10374e-265;0.377408
3024;1.18001e-250;8.02608e-246;0.432576
3025;3.9041e-207;5.19691e-183;0.859232
3026;2.18994e-311;1.83967e-250;0.878112
3027;1.33304e-255;2.34213e-260;0.452032
3028;9.75511e-275;1.05845e-177;0.07088
3029;1.15776e-279;1.53415e-255;0.463808
3030;8.31097e-275;5.63414e-241;0.47312
3031;2.54576e-260;3.05228e-260;0.439936
3032;2.24155e-178;7.77647e-299;0.421728
3033;2.53693e-139;8.26741e-241;0.473056
3034;1.21368e-197;1.84276e-250;0.428576
3035;2.3967e-18;1.93341e-284;0.452
3036;4.46506e-212;2.27922e-250;0.376448
3037;6.16197e-236;6.11474e-188;1.02653
3038;1.2981e-197;6.87006e-270;0.377568
3039;2.69712e-289;2.31806e-178;0.390112
3040;1.0489e-250;1.93603e-284;0.439904
3041;5.44973e-217;5.69071e-270;0.430944
3042;7.12133e-72;8.86963e-246;0.473024
3043;4.11281e+49;7.26813e-217;0.43184
3044;1.45378e-134;2.08342e-144;0.451936
3045;5.69255e-270;8.08188e-270;0.376384
3046;5.60077e-309;3.72824e-265;1.02483
3047;0;2.13847e-260;0.367648
3048;0;3.4271e-212;0.432416
3049;0;1.54533e-279;0.875136
3050;0;2.0468e-202;0.873184
3051;0;2.10382e-284;0.452064
3052;0;1.07309e-221;0.07088
3053;1.66734e-255;1.40733e-250;0.46384
3054;5.6009e-309;3.2655e-260;0.473088
3055;3.571e-236;2.43897e-260;0.440064
3056;1.79714e-168;6.63436e-270;0.421856
3057;7.7311e-246;5.08742e-207;0.464096
3058;2.58592e-231;2.95266e-289;0.431712
3059;7.35719e-270;7.73555e-246;0.451872
3060;2.0006e-255;2.18056e-289;0.376448
3061;5.06736e-241;5.38146e-299;1.02954
3062;2.24171e-260;2.13688e-260;0.377184
3063;4.10415e-207;1.25744e-197;0.371424
3064;2.74633e-231;1.26867e-250;0.875584
3065;7.89987e-241;3.34298e-289;0.871968
3066;7.5919e-183;6.87349e-299;0.451872
3067;3.18442e-154;1.54511e-279;0.070816
3068;1.18104e-250;1.80273e-226;0.464576
3069;1.61061e-231;1.08896e-158;0.473472
3070;8.19057e-217;3.70347e-91;0.440128
3071;1.57513e-163;1.15457e-192;0.430624
3072;2.86426e-226;7.45527e-212;0.4736
3073;4.19347e-236;1.09271e-250;0.43168
3074;1.57546e-163;9.32052e-135;0.451872
3075;4.1977e-265;9.79337e-275;0.37648
3076;1.46435e-95;1.93571e-284;1.0385
3077;1.76634e-197;3.81428e-236;0.377312
3078;2.73825e-173;2.13688e-260;0.432096
3079;4.38926e-289;3.25042e-178;0.870496
3080;2.29507e-115;2.25155e-23;0.874304
3081;9.7484e-154;1.76236e-18;0.452
3082;2.1098e-52;5.25925e-241;0.070816
3083;1.93355e-197;2.5361e-173;0.473152
3084;6.57665e-217;1.25358e-221;0.473248
3085;1.59816e-284;3.94678e-236;0.439936
3086;1.15799e-115;1.37963e-279;0.43088
3087;5.66484e-183;5.68011e-299;0.39504
3088;2.26317e-168;8.66534e-304;0.431744
3089;4.19344e-265;2.64619e-260;0.451872
3090;2.49972e-231;2.17136e-110;0.376448
3091;6.3914e-241;1.16014e-279;1.03437
3092;1.48909e-71;6.27274e-299;0.377248
3093;1.34656e-76;8.59591e-246;0.432608
3094;4.24658e-96;1.01148e-274;0.875648
3095;1.7291e-167;1.35528e-250;0.877568
3096;5.33603e-192;2.34155e-231;0.451904
3097;5.39858e+64;4.28488e-260;0.07088
3098;2.09994e-52;7.15705e-212;0.472704
3099;8.94795e-82;1.26919e-250;0.47328
3100;1.05449e-240;1.80107e-255;0.440736
3101;1.5341e-308;1.43299e-279;0.43088
3102;7.29112e-304;4.11318e-294;0.473696
3103;2.56735e-289;8.64027e-217;0.431072
3104;1.4822e-323;1.22331e-250;0.452032
3105;0;2.16292e-178;0.36816
3106;0;3.83478e-115;1.03354
3107;0;5.96653e-212;0.368096
3108;0;9.55745e-217;0.433152
3109;2.69561e-289;3.5245e-294;0.883712
3110;2.56886e-289;4.94066e-324;0.868352
3111;6.40702e-270;0;0.4528
3112;3.32857e-316;2.05227e-289;0.070848
3113;2.05227e-289;2.64659e-260;0.47344
3114;2.17296e-311;6.1457e-183;0.473248
3115;3.72174e-294;1.09955e-192;0.441248
3116;2.56735e-289;1.66683e-255;0.421728
3117;2.69914e-289;2.75202e-231;0.473664
3118;1.41794e-309;5.7578e-193;0.431712
3119;2.36029e-284;1.49125e-245;0.453056
3120;8.52114e-314;9.04011e-275;0.37648
3121;3.91746e-294;6.39133e-241;1.02579
3122;9.1139e-304;2.03407e-260;0.37728
3123;5.96301e-212;5.66365e-212;0.43248
3124;2.44454e-260;2.84825e-260;0.884128
3281;1.40705e-309;9.74569e-246;0.3776
3282;2.56534e-289;1.04715e-279;0.432416
3283;3.51628e-207;1.15414e-192;0.884512
3284;3.20195e-236;3.72885e-265;0.868928
3285;1.65979e-202;1.32003e-221;0.451808
3286;1.59944e-255;6.03118e-241;0.070944
3287;6.26354e-212;6.77951e-241;0.464224
3288;8.01822e-246;1.3214e-221;0.402016
3289;7.34977e-270;1.79506e-168;0.431072
3290;9.48851e-270;5.93197e-270;0.430656
3291;9.34746e-193;1.59947e-284;0.47376
3292;9.75912e-246;4.69169e-241;0.348448
3293;3.47032e-260;2.64859e-260;0.45184
3294;2.53493e-207;2.1892e-284;0.376512
3295;1.42634e-226;2.17287e-202;1.03856
3296;1.60283e-255;5.67593e-183;0.37728
3297;1.10875e-221;3.85234e-130;0.432448
3298;5.63637e-241;1.80398e-226;0.875424
3299;3.26391e-260;7.35487e-140;0.867712
3300;3.56716e-236;3.46077e-260;0.451968
3301;3.72462e-265;5.42777e-236;0.07088
3302;2.0201e-284;8.52069e-72;0.463488
3303;5.68515e-270;3.69249e-28;0.473216
3304;1.7666e-284;1.26682e-42;0.439936
3305;5.42334e-154;3.89994e-120;0.430528
3306;4.3479e-265;7.95825e-193;0.473728
3307;2.30932e-289;1.95347e-158;0.43168
3308;1.48895e-279;2.10043e-197;0.452896
3309;6.39497e-270;1.66268e-250;0.376416
3310;1.1002e-192;9.2317e-212;1.03498
3311;1.35143e-163;2.08913e-178;0.377216
3312;9.10245e-217;7.08983e-183;0.536864
3313;2.09905e-231;1.31163e-250;0.874496
3314;1.76891e-284;2.7339e-173;0.868864
3315;1.93392e-231;2.25976e-110;0.452928
3316;5.57915e-309;1.13004e-168;0.07088
3317;5.66757e-183;5.29771e-265;0.464672
3318;1.3563e-250;4.1867e-236;0.473152
3319;1.53077e-221;1.90701e-226;0.441024
3320;2.74024e-173;6.82878e-96;0.43072
3321;1.26502e-192;4.01271e-91;0.473024
3322;1.26416e-192;1.31553e-105;0.432352
3323;1.66919e-255;1.67425e-308;0.451904
3324;4.68295e-236;0;0.377472
3325;1.38838e-221;2.05227e-289;1.04416
3326;9.6712e-135;7.22503e-275;0.377248
3327;7.30364e-217;7.75397e-304;0.43264
3328;8.31095e-275;1.68287e-284;0.874816
3329;1.93614e-231;9.12103e-304;0.867488
3330;9.76217e-275;0;0.451872
3331;5.49242e-294;2.44059e-289;0.070816
3332;4.44209e-236;2.95107e-260;0.46432
3333;6.38399e-241;4.71332e-183;0.472896
3334;1.40046e-250;7.74689e-304;0.440768
3335;2.11602e-226;2.56735e-289;0.43056
3336;7.73442e-246;7.29112e-304;0.395104
3337;2.95416e-289;2.56684e-289;0.431552
3338;4.94066e-324;8.66535e-304;0.451456
3339;9.57497e-304;9.39836e-275;0.375936
3340;6.24725e-212;2.79229e-309;1.03878
3341;6.88401e-270;3.69288e-236;0.377152
3342;2.33933e-260;1.68188e-284;0.432064
3343;1.21423e-226;1.53311e-255;0.892288
3344;8.31378e-275;1.2085e-192;0.876928
3345;1.10848e-221;3.0576e-144;0.452192
3346;2.18997e-311;9.4125e-275;0.070816
3347;4.73591e-270;8.30833e-251;0.472928
3348;2.95015e-289;9.42606e-241;0.473152
3349;6.5737e-299;2.44177e-260;0.439712
3350;4.7034e-294;9.91841e-280;0.430592
3351;9.61773e-251;3.98482e-289;0.472704
3352;4.72626e-183;2.95026e-260;0.86432
3353;2.09148e-110;1.32891e-269;0.876096
3354;9.68668e-222;1.47426e-139;0.45168
3355;4.25123e-139;1.68221e-284;0.070784
3356;1.4581e-221;1.01014e-187;0.46976
3357;7.52934e-241;6.24736e-212;0.47264
3358;1.08839e-163;3.25991e-260;0.439488
3359;3.56953e-265;3.44817e-202;0.430464
3360;1.73526e-255;6.50862e-275;0.463584
3361;3.02314e-207;7.59745e-270;0.359872
3362;3.54374e-38;5.68421e-270;0.451648
3363;1.0718e-13;2.31083e-289;0.376288
3364;5.28271e-178;1.46021e-168;1.02899
3365;5.92639e-270;3.34451e-289;0.368128
3366;5.58441e-309;7.59003e-270;0.433024
3367;0;8.656e-222;0.875456
3368;0;1.69597e-226;0.868608
3369;0;2.27459e-284;0.442752
3370;0;4.43722e-236;0.070784
3371;0;1.43298e-284;0.463712
3372;3.13151e-294;5.60543e-265;0.473664
3373;2.52578e-284;2.95825e-260;0.439936
3374;5.67894e-299;4.43819e-236;0.430432
3375;1.63823e-226;8.30673e-275;0.473056
3376;7.43849e-125;7.17214e-299;0.431872
3377;5.79994e-154;9.79659e-241;0.451712
3378;8.68195e-275;6.27623e-299;0.376512
3379;3.94775e-236;1.46938e-255;1.02995
3380;2.95431e-236;1.1412e-303;0.37728
3381;8.31097e-275;3.52526e-294;0.432064
3382;1.32143e-226;9.61265e-251;0.874016
3383;5.95609e-212;3.71021e-207;0.867648
3384;3.15511e-260;1.66394e-221;0.451776
3385;1.38946e-221;6.8899e-299;0.070816
3386;3.07595e-202;2.56735e-289;0.472928
3387;4.93637e-236;5.25703e-241;0.473024
3388;4.69096e-241;6.91072e-236;0.439776
3389;5.44574e-270;1.24816e-221;0.430432
3390;1.63781e-226;7.19127e-101;0.47312
3391;6.21897e-178;1.69514e-226;0.431328
3392;1.31061e-250;7.57926e-188;0.451264
3393;4.50643e-241;1.86131e-168;0.376928
3394;1.35193e-163;1.92285e-110;1.03354
3395;4.77138e-212;5.39084e-299;0.378112
3396;6.12495e-57;6.16114e-270;0.431968
3397;9.02222e-222;1.73369e-255;0.873344
3398;4.73685e-270;4.50461e-294;0.859008
3399;4.21688e-284;1.10983e-221;0.451808
3400;1.60263e-158;2.68325e-115;0.070752
3401;6.1383e-183;8.07462e-178;0.473184
3402;2.69379e-110;3.57099e-236;0.463456
3403;5.01752e+20;3.80441e-149;0.434208
3404;1.0899e-197;7.91165e-241;0.43024
3405;9.41718e-241;1.68287e-284;0.472768
3406;5.18882e-149;1.1584e-279;0.432064
3407;6.64414e-120;4.11548e-294;0.451488
3408;5.91315e-183;1.68155e-284;0.376256
3409;2.41065e-255;5.25482e-241;0.99792
3410;3.34148e-289;2.38799e-81;0.377344
3411;2.43304e-202;4.38018e-289;0.43232
3412;1.21139e-66;3.72252e-294;0.873888
3413;8.175e-130;1.04838e-250;0.876992
3414;4.83391e-101;5.45225e-270;0.451744
3415;3.26557e-230;4.34911e-265;0.070816
3416;4.93919e-250;1.93645e-231;0.461088
3417;8.73186e+59;6.8077e-217;0.463968
3418;3.91888e-62;6.39574e-241;0.430784
3419;2.23971e-67;6.58289e-217;0.430624
3420;9.37775e-120;1.0497e-274;0.4728
3421;1.53084e-308;2.8269e-289;0.431456
3422;4.77831e-299;1.15841e-279;0.451776
3423;3.13151e-294;2.54537e-260;0.376192
3424;3.91746e-294;3.57051e-236;1.04301
3425;4.94066e-324;2.16202e-178;0.377088
3426;0;5.95434e-125;0.432
3427;0;5.07075e-212;0.872288
3428;0;4.04402e-231;0.878208
3429;2.95215e-289;8.67625e-275;0.451712
3430;1.76726e-284;3.82901e-321;0.070784
3431;2.95425e-260;0;0.41264
3432;1.40703e-309;7.29112e-304;0.473376
3433;3.13229e-294;1.60049e-255;0.439776
3434;7.29648e-304;3.14574e-173;0.430368
3435;5.58991e-309;1.42695e-226;0.472704
3436;8.66536e-304;3.5163e-207;0.431168
3593;7.2947e-304;2.95237e-236;0.430368
3594;4.77949e-299;3.25909e-173;0.472896
3595;9.12282e-304;7.96576e-222;0.432064
3596;3.91746e-294;5.61348e-154;0.451328
3597;7.73441e-246;5.90849e-183;0.37616
3598;5.97524e-299;2.14546e-134;1.03773
3599;2.96071e-289;2.14426e-255;0.367872
3600;6.39918e-314;8.08183e-270;0.431936
3601;3.72174e-294;1.97799e-202;0.871488
3602;4.96974e-270;2.18104e-289;0.875424
3603;2.27378e-255;2.34172e-260;0.451744
3604;1.13705e-250;3.44574e-236;0.070784
3605;1.8778e-279;2.39397e-178;0.46336
3606;3.19665e-236;3.1178e-120;0.47232
3607;2.22403e-226;1.20744e-245;0.43984
3608;1.26764e-250;1.74912e-163;0.430624
3609;6.40239e-270;9.75939e-275;0.472448
3610;2.69719e-284;1.00439e-250;0.431296
3611;4.46267e-212;5.08283e-299;0.451712
3612;2.43193e-197;3.81669e-236;0.375968
3613;2.27525e-284;3.94869e-236;1.04813
3614;6.26237e-212;5.68607e-270;0.376992
3615;1.18155e-250;9.55388e-217;0.432032
3616;1.03891e-221;6.84955e-159;0.882976
3617;2.267e-255;3.46296e-77;0.873888
3618;1.13671e-250;1.37398e-226;0.451776
3619;1.41498e-303;6.92969e-222;0.070816
3620;9.08649e-217;7.00789e-309;0.463712
3621;2.18307e-289;9.35032e-222;0.472896
3622;2.74701e-260;1.19758e-168;0.439456
3623;9.04718e-275;2.4141e+35;0.4312
3624;5.38147e-299;3.56281e-28;0.4728
3625;7.12729e-159;1.98777e-81;0.431136
3626;2.95172e-265;3.50734e-120;0.451872
3627;5.68608e-270;7.6127e-149;0.376704
3628;1.27809e-303;6.86055e-265;1.04304
3629;4.02609e-270;4.48793e-178;0.376992
3630;7.16905e-246;3.04201e-284;0.432192
3631;2.5357e-173;1.13006e-240;0.87344
3632;2.82027e-202;5.26367e-241;0.873856
3633;1.53476e-226;7.27873e-217;0.452224
3634;2.54298e-260;5.85693e-207;0.070816
3635;8.31098e-275;1.75238e-250;0.463616
3636;4.1155e-294;1.77258e-231;0.472896
3637;1.31888e-216;3.5565e-231;0.439552
3638;1.38071e-279;2.41985e-231;0.430368
3639;5.27748e-207;5.07177e-241;0.472384
3640;1.18052e-250;4.46382e-212;0.362912
3641;7.73912e-217;2.33246e-226;0.451776
3642;7.99313e-159;2.65112e-226;0.37632
3643;4.70037e-294;7.00254e-309;1.05312
3644;9.76364e-275;2.15528e-314;0.377056
3645;1.18086e-250;2.05227e-289;0.432128
3646;7.90706e-101;4.11547e-294;0.8872
3647;1.21022e-192;2.56685e-289;0.876
3648;3.91823e-294;2.18256e-289;0.45136
3649;1.42799e-226;5.51744e-312;0.070752
3650;1.04772e-274;0;0.463712
3651;1.08524e-274;7.23208e-275;0.473472
3652;7.8999e-241;2.25851e-231;0.439744
3653;1.37929e-245;2.78165e-178;0.431552
3654;3.2275e-231;1.59749e-284;0.472928
3655;5.82676e-241;5.97639e-299;0.428416
3656;3.20251e-202;7.29112e-304;0.451776
3657;4.51076e-294;7.29112e-304;0.37632
3658;1.68254e-284;3.13382e-294;1.02896
3659;5.56273e-309;3.46875e-289;0.37712
3660;1.85191e-202;2.18055e-289;0.430048
3661;1.81341e-274;1.31214e-250;0.88032
3662;3.52834e-294;7.94711e-275;0.8704
3663;6.12338e-217;2.95189e-236;0.451392
3664;3.92052e-294;2.53979e-226;0.070816
3665;6.756e-241;3.19228e-197;0.443136
3666;2.18997e-311;7.22787e-275;0.37632
3667;6.87068e-246;1.18103e-250;1.02848
3668;8.66184e-304;7.74461e-246;0.377088
3669;2.18625e-284;5.92305e-236;0.432352
3670;5.91989e-270;1.22383e-250;0.865312
3671;8.31022e-222;6.39721e-241;0.866048
3672;2.33513e-173;1.13602e-250;0.451712
3673;1.84723e-115;6.40793e-270;0.070784
3674;2.35733e-284;3.86614e-178;0.463296
3675;3.34537e-168;8.66919e-275;0.472416
3676;2.12099e-226;3.31858e-207;0.439872
3677;5.92111e-236;5.24976e-241;0.431232
3678;3.09195e-178;1.24951e-221;0.472832
3679;3.31934e-207;5.18864e-183;0.432288
3680;4.19152e-236;3.56746e-212;1.45532e-319
3681;1.10041e-192;1.32346e-279;8.10465e-320
3682;4.04539e-43;1.33304e-255;0.023552
3683;8.02246e-125;7.22642e-275;0.026752
3684;3.28434e-226;2.03918e-120;0.024576
3685;2.2389e-260;7.48605e-299;0.024576
3686;2.43908e-289;6.86819e-270;0.02048
3687;1.4822e-323;3.514e-207;0.062464
3688;0;1.23291e-274;0.021504
3689;0;2.34212e-260;0.022528
3690;0;2.44402e-284;0.050176
3691;0;5.68238e-270;0.050176
3692;7.29112e-304;6.87967e-246;0.0256
3693;2.35766e-284;2.97144e-226;0.00832
3694;5.88685e-222;1.47993e-226;0.027648
3695;8.27477e-241;5.97758e-299;0.026624
3696;3.18818e-149;3.66562e-260;0.0256
3697;2.27693e-255;4.1209e-294;0.023552
3698;1.13232e-163;7.22786e-275;0.026656
3699;2.82542e-289;3.67755e-260;0.023552
3700;4.92862e-236;1.18677e-303;0.0256
3701;1.59749e-284;1.7666e-284;0.021504
3702;6.74096e-164;1.93506e-284;0.06144
3703;4.87368e-207;2.33036e-173;0.021504
3704;6.29636e-246;1.09078e-245;0.023552
3705;4.48351e-183;8.31661e-246;0.050176
3706;1.47993e-226;3.91746e-294;0.050176
3707;4.96974e-270;1.75409e-250;0.0256
3708;2.31284e-289;2.94198e-173;0.008192
3709;6.15837e-270;5.63415e-241;0.026624
3710;1.59914e-284;5.41502e-149;0.026624
3711;2.84251e-173;4.49577e-207;0.024576
3712;3.07155e-231;6.85416e-212;0.023552
3713;7.10943e-270;1.18052e-250;0.026624
3714;5.65531e-125;5.8661e-207;0.024576
3715;1.84797e-197;4.11624e-294;0.024576
3716;1.45038e-42;1.16147e-226;0.02048
3717;3.18079e-154;2.70331e-236;0.06144
3718;1.21285e-279;2.74543e-260;0.021504
3719;1.20914e-192;1.04693e-279;0.023552
3720;1.84824e-250;1.38115e-279;0.050176
3721;1.7446e-274;6.30756e-294;0.050176
3722;9.63239e+73;3.06787e-149;0.0256
3723;3.25345e+35;1.37195e-105;0.008192
3724;3.65335e-183;2.58846e-231;0.026624
3725;2.84666e-260;3.72021e-294;0.026624
3726;4.88607e-284;3.71944e-294;0.024672
3727;5.40882e-284;1.68155e-284;0.023552
3728;4.95328e-183;7.29471e-304;0.026624
3729;2.27694e-255;7.58751e-275;0.024576
3730;9.17568e-111;1.91112e-76;0.024576
3731;1.08959e-163;1.18035e-221;0.02048
3732;7.74807e-57;7.7344e-246;0.06144
3733;5.23618e-154;6.63807e-270;0.021504
3734;1.99884e-91;5.97758e-299;0.022528
3735;1.44872e-201;3.72643e-265;0.050176
3736;2.34536e-231;6.58352e-246;0.050176
3737;3.45248e+40;8.64026e-217;0.0256
3738;4.6209e-91;1.00594e-250;0.008192
3739;4.11135e-217;1.26881e-279;0.026624
3740;1.14193e-71;2.6454e-260;0.026624
3741;9.77841e-309;4.50023e-270;0.024576
3742;7.29112e-304;1.69513e-226;0.023552
3743;3.91746e-294;6.29636e-246;0.026624
3744;2.05227e-289;2.32997e-226;0.023552
3745;1.97626e-323;5.42586e-236;0.024576
3746;0;2.8198e-202;0.02048
3747;0;1.07444e-221;0.06144
3748;0;1.94383e-221;0.021504
3749;5.98107e-299;7.22646e-275;0.022528
3906;0;5.96894e-212;0.06144
3907;0;4.19731e-236;0.021504
3908;0;6.90492e-236;0.023552
3909;3.92052e-294;7.23214e-275;0.050176
3910;1.93505e-284;2.49969e-316;0.050176
3911;1.16013e-274;0;0.0256
3912;2.56684e-289;0;0.009216
3913;6.39918e-314;2.0959e-231;0.026624
3914;7.29112e-304;4.7964e-178;0.026624
3915;1.51343e-284;1.2723e-216;0.024576
3916;9.11924e-304;3.7125e-207;0.023552
3917;5.63267e-241;1.46411e-168;0.026688
3918;1.68254e-284;1.66911e-221;0.024576
3919;1.87002e-255;4.49453e-260;0.024576
3920;7.29112e-304;3.41933e-265;0.021504
3921;7.75397e-304;1.2673e-250;0.06144
3922;1.17983e-250;2.18154e-289;0.021504
3923;5.4489e-241;3.68856e-236;0.023552
3924;1.98174e-202;3.87114e-173;0.050176
3925;1.15871e-274;8.35338e-212;0.050176
3926;3.56377e-236;3.6666e-173;0.0256
3927;9.10064e-217;8.60378e-246;0.008192
3928;2.10581e-284;1.63967e-226;0.026624
3929;2.93664e-255;1.18036e-221;0.026624
3930;4.5057e-241;5.68793e-270;0.024576
3931;7.68962e-193;5.92825e-270;0.022528
3932;1.04551e-216;7.59739e-275;0.026624
3933;1.01247e-274;4.9781e-270;0.024576
3934;1.39604e-168;2.18457e-289;0.024576
3935;3.44621e-236;1.17437e-163;0.02048
3936;8.7939e-198;6.40904e-241;0.06144
3937;2.44255e-260;2.22933e-96;0.023552
3938;2.74981e-260;3.02314e-207;0.023552
3939;1.15991e-279;6.86685e-275;0.049152
3940;1.38649e-221;2.10418e-284;0.050368
3941;3.33946e-289;8.59701e-246;0.0256
3942;5.443e-241;2.74104e-144;0.00832
3943;1.6374e-226;1.15045e+74;0.026624
3944;2.56785e-289;5.61615e+54;0.026624
3945;1.34073e-197;2.20359e-105;0.024736
3946;3.92515e-294;4.96925e-91;0.023552
3947;5.09637e-294;1.79936e-134;0.026624
3948;9.40397e-275;1.25196e-221;0.024576
3949;2.33894e-260;1.99457e-168;0.024576
3950;2.14162e-255;2.95146e-260;0.02048
3951;3.12543e-207;2.87123e-284;0.06144
3952;1.31949e-221;1.2113e-192;0.021504
3953;1.38892e-221;4.66411e-265;0.023552
3954;4.96975e-270;8.22359e-193;0.050176
3955;2.02109e-284;3.34047e-289;0.050176
3956;3.33108e-294;1.00456e-250;0.0256
3957;2.01666e-250;4.08247e-260;0.008192
3958;8.54762e-270;8.3076e-246;0.026624
3959;4.7667e-212;1.60101e-255;0.026624
3960;4.97624e-270;6.87066e-246;0.024576
3961;4.9354e-236;2.69763e-289;0.023552
3962;1.08764e-129;6.9806e-309;0.026624
3963;4.50497e-241;5.58995e-309;0.023552
3964;8.67909e-275;6.39918e-314;0.024576
3965;6.01929e-246;7.29112e-304;0.02048
3966;3.67059e-173;2.69712e-289;0.06144
3967;4.93346e-236;2.56735e-289;0.021504
3968;6.27622e-299;2.56736e-289;0.022784
3969;4.46384e-212;2.15528e-314;0.050176
3970;4.34912e-265;0;0.050176
3971;1.15754e-279;4.73962e-270;0.0256
3972;1.66556e-221;3.44717e-236;0.008192
3973;2.53106e-284;6.83425e-188;0.026624
3974;6.54894e-212;2.56734e-289;0.026624
3975;7.11686e-270;2.56735e-289;0.024576
3976;1.24897e-221;3.91668e-294;0.023552
3977;1.93834e-284;2.05227e-289;0.026816
3978;1.80055e-255;2.56735e-289;0.023552
3979;3.91746e-294;2.95107e-260;0.024576
3980;1.26804e-226;1.76627e-284;0.02048
3981;3.6126e-255;3.26549e-260;0.06144
3982;9.04151e-275;4.11318e-294;0.021504
3983;2.41764e-231;4.50276e-241;0.023552
3984;2.02142e-284;2.22527e-226;0.050176
3985;6.39281e-241;1.76418e-192;0.050336
3986;2.56886e-289;9.1693e-251;0.026624
3987;1.1322e-255;5.17626e-236;0.008192
3988;1.39886e-255;1.71105e-279;0.026624
3989;2.74583e-260;5.57177e-188;0.026688
3990;3.91746e-294;5.08517e-299;0.02464
3991;7.16342e-246;3.56809e-236;0.023552
3992;3.52089e-207;4.18093e-236;0.026624
3993;3.07593e-202;1.24707e-221;0.024576
3994;3.60205e-289;8.63823e-188;0.026656
3995;3.64678e-226;3.10434e-265;0.024576
3996;3.45816e-202;2.64619e-260;0.024576
3997;1.18273e-216;5.99178e-299;0.02048
3998;1.59451e-168;3.4438e-236;0.06144
3999;6.37735e-183;2.43224e-173;0.021504
4000;4.03899e-265;1.54598e-279;0.023552
4001;7.71645e-159;7.06273e-294;0.049152
4002;5.83203e-48;5.44817e-241;0.050176
4003;8.54436e-183;1.26781e-250;0.0256
4004;2.54272e-226;3.43301e-149;0.008192
4005;5.69071e-270;6.64274e-270;0.026624
4006;2.05428e-289;9.40398e-275;0.026624
4007;1.97626e-323;1.80065e-226;0.024576
4008;0;3.2687e-260;0.022528
4009;0;8.54948e-270;0.026624
4010;0;1.18856e-303;0.024576
4011;0;1.59914e-284;0.024608
4012;2.43857e-289;1.00594e-250;0.021504
4013;1.86793e-255;5.6008e-178;0.06144
4014;4.41441e-159;2.13728e-260;0.021504
4015;7.74115e-246;9.6143e-251;0.023552
4016;2.23435e-120;2.44255e-260;0.0512
4017;2.10614e-284;3.72582e-265;0.050176
4018;6.16207e-270;6.86963e-275;0.0256
4019;1.00474e-250;1.90618e-226;0.008288
4020;1.79735e-226;1.51442e-284;0.026624
4021;4.50275e-241;6.86115e-275;0.026624
4022;1.03526e-62;6.86824e-275;0.024576
4023;5.06491e-212;3.25161e-178;0.022528
4024;1.85165e-284;4.44587e-236;0.026688
4025;3.8961e-120;3.23194e-231;0.024576
4026;6.14473e-275;1.15733e-279;0.024576
4027;2.30931e-289;1.15327e-192;0.021504
4028;4.8143e-265;1.85191e-202;0.06144
4029;9.76506e-275;1.92993e-197;0.021504
4030;5.60623e-309;9.77214e-275;0.023552
4031;4.49961e-207;1.00125e-216;0.050176
4032;2.52874e-284;7.03879e-217;0.050176
4033;5.63266e-241;1.86209e-168;0.0256
4034;3.67933e-149;2.14374e-255;0.008192
4035;6.38107e-183;6.39683e-270;0.026624
4036;3.6776e-28;1.04546e-197;0.026624
4037;4.02024e-183;1.93487e-231;0.024576
4038;1.0477e-250;9.03164e-275;0.023552
4039;1.09254e-250;2.13648e-260;0.026624
4040;1.22e-163;1.53572e-255;0.024576
4041;1.17555e-42;6.17325e-270;0.024576
4042;3.92638e+25;1.80049e-139;0.02048
4043;1.0678e+161;3.56192e-178;0.06144
4044;1.68855e-139;1.17981e-221;0.021504
4045;2.61322e-33;7.58889e-275;0.023552
4046;1.36944e-182;3.45846e-323;0.050176
4047;5.55457e-101;4.77831e-299;0.050176
4048;8.26847e-101;2.56685e-289;0.0256
4049;1.207e-245;9.1282e-304;0.008192
4050;1.04176e-192;3.49081e-33;0.027648
4051;1.04711e-216;1.00053e-216;0.026624
4052;8.56029e-33;1.01303e-274;0.024576
4053;2.01214e-226;3.72887e-265;0.023552
4054;2.19731e-62;3.69098e-236;0.026656
4055;9.4507e-120;2.25882e-231;0.023808
4056;4.52489e-241;3.10374e-265;0.024576
4057;3.18638e+06;2.95417e-289;0.02048
4058;3.44013e-115;7.73103e-246;0.06144
4059;3.4501e-236;5.82383e-241;0.021504
4060;6.12585e-139;5.44522e-241;0.023552
4061;4.22672e-309;1.76923e-284;0.050176
4218;0.023552;1.06383e+10;2.71521e-316
4219;0.027648;1.11143e+10;1.16338e-319
4220;0.024576;1.08847e+10;6.90625e-310
4221;0.024576;1.09813e+10;6.90618e-310
4222;0.020576;1.06371e+10;4.94066e-324
4223;0.06144;1.19483e+10;2.71521e-316
4224;0.021504;1.03844e+10;1.16338e-319
4225;0.023552;1.08816e+10;6.90625e-310
4226;0.050176;1.1825e+10;6.90618e-310
4227;0.050368;1.18396e+10;4.19956e-322
4228;0.0256;1.10081e+10;6.90625e-310
4229;0.009216;1.30023e+10;4.2804e-314
4230;0.027648;1.11192e+10;4.2804e-314
4231;0.027648;1.11023e+10;4.2804e-314
4232;0.0256;1.09216e+10;4.24187e-311
4233;0.022528;1.08704e+10;9.88131e-324
4234;0.026624;1.10927e+10;0
4235;0.024576;1.08778e+10;0
4236;0.024576;1.10164e+10;0
4237;0.02048;1.06263e+10;4.19956e-322
4238;0.06144;1.06713e+10;6.90625e-310
4239;0.021504;1.06519e+10;4.2804e-314
4240;0.023552;1.09007e+10;4.2804e-314
4241;0.050176;1.18191e+10;4.2804e-314
4242;0.053248;1.17856e+10;4.23975e-311
4243;0.0256;1.09855e+10;9.88131e-324
4244;0.008192;1.30081e+10;0
4245;0.026624;1.11216e+10;0
4246;0.026624;1.11079e+10;0
4247;0.024576;1.09318e+10;6.57107e-322
4248;0.022528;1.08896e+10;3.12178e-316
4249;0.026624;1.10967e+10;9.88131e-324
4250;0.024576;1.0896e+10;6.90625e-310
4251;0.024576;1.10039e+10;6.90625e-310
4252;0.02048;1.06588e+10;6.90625e-310
4253;0.06144;1.19669e+10;0
4254;0.027648;1.11167e+10;4.24399e-314
4255;0.026624;1.11288e+10;6.90625e-310
4256;0.024576;1.06887e+10;0
4257;0.023552;1.08565e+10;0
4258;0.02672;1.11071e+10;6.90625e-310
4259;0.024576;1.06201e+10;0
4260;0.024576;1.10047e+10;0
4261;0.02048;1.06361e+10;0
4262;0.06144;1.18534e+10;0
4263;0.021504;1.06489e+10;1.05236e-321
4264;0.023552;1.09033e+10;2.12803e-316
4265;0.050176;1.15657e+10;1.67481e-316
4266;0.050176;1.18442e+10;0
4267;0.0256;1.10039e+10;6.90625e-310
4268;0.008192;1.30317e+10;1.97626e-323
4269;0.026624;1.11216e+10;6.90625e-310
4270;0.026656;1.11071e+10;4.28032e-314
4271;0.024576;1.09216e+10;6.90604e-310
4272;0.023552;1.06134e+10;2.73991e-316
4273;0.026624;1.11095e+10;3.22842e-319
4274;0.024576;1.08647e+10;1.58101e-322
4275;0.024576;1.0988e+10;4.28032e-314
4276;0.02048;1.06243e+10;6.90604e-310
4277;0.06144;1.19649e+10;2.73991e-316
4278;0.02048;1.06244e+10;3.22921e-319
4279;0.023552;1.06509e+10;4.94066e-324
4280;0.049152;1.18168e+10;2.71521e-316
4281;0.050176;1.1836e+10;1.16496e-319
4282;0.0256;1.1003e+10;6.90625e-310
4283;0.008192;1.3014e+10;6.90618e-310
4284;0.027424;1.08882e+10;4.94066e-324
4285;0.026624;1.08682e+10;2.71521e-316
4286;0.024576;1.07976e+10;1.16496e-319
4287;0.023552;1.08783e+10;6.90625e-310
4288;0.026624;1.11159e+10;6.90618e-310
4289;0.023552;1.06367e+10;4.19956e-322
4290;0.0256;1.0988e+10;6.90625e-310
4291;0.02048;1.06459e+10;4.2804e-314
4292;0.06144;1.14169e+10;4.2804e-314
4293;0.021504;9.78207e+09;4.2804e-314
4294;0.023552;8.10968e+09;4.19094e-311
4295;0.050176;1.13461e+10;9.88131e-324
4296;0.050336;1.12012e+10;0
4297;0.0256;1.04609e+10;0
4298;0.008288;1.30258e+10;0
4299;0.026624;1.03917e+10;4.19956e-322
4300;0.026624;1.03966e+10;6.90625e-310
4301;0.024576;1.01761e+10;4.2804e-314
4302;0.023552;1.0107e+10;4.2804e-314
4303;0.026624;1.03959e+10;4.2804e-314
4304;0.023552;1.01143e+10;4.18882e-311
4305;0.024576;1.02564e+10;9.88131e-324
4306;0.021504;1.002e+10;0
4307;0.06144;1.11699e+10;0
4308;0.021504;9.78955e+09;0
4309;0.022528;1.0117e+10;6.57107e-322
4310;0.050176;1.12851e+10;3.12178e-316
4311;0.050176;1.12258e+10;9.88131e-324
4312;0.0256;1.02651e+10;6.90625e-310
4313;0.008192;1.30199e+10;6.90625e-310
4314;0.027648;1.03959e+10;6.90625e-310
4315;0.026624;1.03889e+10;0
4316;0.024576;1.01761e+10;4.24399e-314
4317;0.023552;1.0107e+10;6.90625e-310
4318;0.026624;1.03903e+10;0
4319;0.024576;1.03171e+10;0
4320;0.120832;1.04685e+10;6.90625e-310
4321;0.02048;9.75494e+09;0
4322;0.06144;1.13655e+10;0
4323;0.021504;9.79786e+09;0
4324;0.023552;1.0339e+10;0
4325;0.050176;1.12124e+10;4.19956e-322
4326;0.050176;1.12599e+10;6.90625e-310
4327;0.0256;1.02593e+10;4.2804e-314
4328;0.009216;1.30081e+10;4.2804e-314
4329;0.026624;1.03931e+10;4.2804e-314
4330;0.026624;1.03756e+10;4.17397e-311
4331;0.024576;1.01761e+10;9.88131e-324
4332;0.023552;1.01085e+10;0
4333;0.026688;1.04016e+10;0
4334;0.024576;1.00918e+10;0
4335;0.024576;1.0263e+10;4.19956e-322
4336;0.021504;9.77566e+09;6.90625e-310
4337;0.06144;1.14183e+10;4.2804e-314
4338;0.021504;9.79038e+09;4.2804e-314
4339;0.023552;1.01215e+10;4.2804e-314
4340;0.050176;1.12272e+10;4.17184e-311
4341;0.050176;1.12814e+10;9.88131e-324
4342;0.0256;1.02499e+10;0
4343;0.008192;1.30258e+10;0
4344;0.026624;1.05953e+10;0
4345;0.026624;1.03988e+10;4.99006e-322
4346;0.024576;1.01754e+10;3.12178e-316
4347;0.022528;1.011e+10;9.88131e-324
4348;0.026624;1.06019e+10;6.90625e-310
4349;0.024576;1.0115e+10;6.90625e-310
4350;0.024576;1.02557e+10;6.90625e-310
4351;0.02048;1.24826e+10;0
4352;0.06144;1.12775e+10;2.122e-314
4353;0.023552;1.00165e+10;0
4354;0.023552;1.01177e+10;0
4355;0.049152;1.12482e+10;0
4356;0.050368;1.14418e+10;0
4357;0.0256;1.02564e+10;1.63042e-322
4358;0.00832;1.30199e+10;6.90625e-310
4359;0.026624;1.06011e+10;6.90625e-310
4360;0.026624;1.03882e+10;1.58101e-322
4361;0.024736;1.038e+10;1.04742e-321
4362;0.023552;1.011e+10;2.12803e-316
4363;0.026624;1.03966e+10;1.67481e-316
4364;0.024576;1.01158e+10;0
4365;0.024576;1.02564e+10;6.90625e-310
4366;0.02048;9.76405e+09;1.97626e-323
4367;0.06144;1.14169e+10;1.58101e-322
4368;0.021504;9.75973e+09;2.17878e-316
4369;0.023552;1.01058e+10;9.67628e-320
4370;0.050176;1.12059e+10;6.90625e-310
4371;0.050176;1.13417e+10;6.90618e-310
4372;0.0256;1.02593e+10;4.94066e-324
4373;0.008192;1.30199e+10;2.17878e-316
4374;0.026624;1.06063e+10;9.67628e-320
4531;0.023552;1.01098e+10;0
4532;0.024576;1.0247e+10;0
4533;0.021504;9.76322e+09;0
4534;0.06144;1.1425e+10;2.66795e-322
4535;0.021504;9.78456e+09;3.95253e-322
4536;0.022528;1.01155e+10;4.94066e-324
4537;0.050176;1.11928e+10;7.90505e-323
4538;0.050176;1.12176e+10;7.90505e-323
4539;0.0256;1.02535e+10;4.94066e-324
4540;0.008192;1.30199e+10;0
4541;0.026624;1.03882e+10;0
4542;0.026624;1.03721e+10;0
4543;0.024576;1.01657e+10;0
4544;0.023552;1.00815e+10;0
4545;0.026624;1.03903e+10;0
4546;0.024576;1.01542e+10;0
4547;0.024576;1.02593e+10;0
4548;0.021504;9.77816e+09;0
4549;0.06144;1.13644e+10;0
4550;0.021504;9.78871e+09;6.90625e-310
4551;0.023552;1.01155e+10;0
4552;0.050176;1.09602e+10;0
4553;0.050176;1.13104e+10;5.78057e-322
4554;0.0256;1.02455e+10;6.90625e-310
4555;0.008192;1.30258e+10;6.90625e-310
4556;0.026624;1.05931e+10;6.90625e-310
4557;0.026624;1.03903e+10;0
4558;0.024576;1.01621e+10;0
4559;0.023552;1.0086e+10;4.94066e-324
4560;0.026624;1.03875e+10;0
4561;0.024576;1.03281e+10;0
4562;0.024576;1.02564e+10;4.94066e-324
4563;0.021504;9.77732e+09;0
4564;0.06144;1.1452e+10;0
4565;0.021504;9.78622e+09;0
4566;0.027648;1.03875e+10;0
4567;0.024576;1.01657e+10;4.19956e-322
4568;0.023552;1.01115e+10;1.27621e-192
4569;0.026624;1.03903e+10;1.27621e-192
4570;0.024576;1.01e+10;1.67481e-316
4571;0.024576;1.02521e+10;6.90625e-310
4572;0.02064;9.85185e+09;6.90625e-310
4573;0.06144;1.14194e+10;6.90625e-310
4574;0.021504;9.78539e+09;0
4575;0.023552;1.0108e+10;2.39786e-312
4576;0.050176;1.11989e+10;0
4577;0.050176;1.12086e+10;4.19956e-322
4578;0.0256;1.02513e+10;6.90625e-310
4579;0.008288;1.30199e+10;4.2804e-314
4580;0.026624;1.05792e+10;4.2804e-314
4581;0.026656;1.03924e+10;4.2804e-314
4582;0.024576;1.01731e+10;4.16972e-311
4583;0.023552;1.0104e+10;9.88131e-324
4584;0.027648;1.03931e+10;0
4585;0.024576;1.03296e+10;0
4586;0.024576;1.02506e+10;0
4587;0.021504;1.22526e+10;4.19956e-322
4588;0.06144;1.13153e+10;6.90625e-310
4589;0.021504;9.75973e+09;4.2804e-314
4590;0.023552;1.03351e+10;4.2804e-314
4591;0.050176;1.11245e+10;4.2804e-314
4592;0.050176;1.13059e+10;4.1676e-311
4593;0.0256;1.02506e+10;9.88131e-324
4594;0.008288;1.3014e+10;0
4595;0.026624;1.05946e+10;0
4596;0.026624;1.03938e+10;0
4597;0.024576;1.01761e+10;5.78057e-322
4598;0.023552;1.00988e+10;6.90625e-310
4599;0.026624;1.03889e+10;6.90625e-310
4600;0.024576;1.0094e+10;6.90625e-310
4601;0.024576;1.02434e+10;0
4602;0.02048;9.77982e+09;0
4603;0.062464;1.1407e+10;4.94066e-324
4604;0.021504;9.78705e+09;0
4605;0.022528;1.01102e+10;0
4606;0.050176;1.12067e+10;4.94066e-324
4607;0.0512;1.13623e+10;0
4608;0.026624;1.02513e+10;0
4609;0.008192;1.3014e+10;0
4610;0.130048;1.05858e+10;0
4611;0.026624;1.03917e+10;6.57107e-322
4612;0.024576;1.01731e+10;3.12178e-316
4613;0.023552;1.01033e+10;9.88131e-324
4614;0.026624;1.03791e+10;6.90625e-310
4615;0.023552;1.01113e+10;6.90625e-310
4616;0.024576;1.02521e+10;6.90625e-310
4617;0.02064;9.77816e+09;0
4618;0.06144;1.14059e+10;4.24399e-314
4619;0.021504;9.78539e+09;6.90625e-310
4620;0.023552;1.00968e+10;0
4621;0.050176;1.12054e+10;0
4622;0.050176;1.13665e+10;6.90625e-310
4623;0.0256;1.02506e+10;0
4624;0.008192;1.3014e+10;0
4625;0.026624;1.05946e+10;0
4626;0.026656;1.05982e+10;0
4627;0.0256;1.01731e+10;1.05236e-321
4628;0.023552;1.00868e+10;2.12803e-316
4629;0.026624;1.06004e+10;1.67481e-316
4630;0.024576;1.01083e+10;0
4631;0.024576;1.02535e+10;6.90625e-310
4632;0.02048;9.77649e+09;1.97626e-323
4633;0.06144;1.1209e+10;1.58101e-322
4634;0.021504;9.79536e+09;4.28032e-314
4635;0.023552;9.42085e+09;6.90604e-310
4636;0.050176;1.12034e+10;2.73991e-316
4637;0.050176;1.13723e+10;3.22842e-319
4638;0.0256;1.02484e+10;6.90625e-310
4639;0.008192;1.3014e+10;4.28032e-314
4640;0.026624;1.03875e+10;6.90604e-310
4641;0.026656;1.03931e+10;2.73991e-316
4642;0.0256;1.01746e+10;3.22921e-319
4643;0.023552;1.00875e+10;4.94066e-324
4644;0.026624;1.03875e+10;2.71521e-316
4645;0.024576;1.00821e+10;1.16901e-319
4646;0.024576;1.02557e+10;6.90625e-310
4647;0.02048;9.76156e+09;6.90618e-310
4648;0.06144;1.14091e+10;4.94066e-324
4649;0.021504;9.77959e+09;2.71521e-316
4650;0.023552;1.03093e+10;1.16901e-319
4651;0.050176;1.12009e+10;6.90625e-310
4652;0.050176;1.12562e+10;6.90618e-310
4653;0.0256;1.02513e+10;4.19956e-322
4654;0.008192;1.3014e+10;6.90625e-310
4655;0.026624;1.05916e+10;4.2804e-314
4656;0.027648;1.03903e+10;4.2804e-314
4657;0.024576;1.0168e+10;4.2804e-314
4658;0.023552;1.01025e+10;4.10182e-311
4659;0.026624;1.03896e+10;9.88131e-324
4660;0.024576;1.0109e+10;0
4661;0.024576;1.18659e+10;0
4662;0.02048;9.55561e+09;0
4663;0.06144;1.14144e+10;4.19956e-322
4664;0.021504;9.78622e+09;6.90625e-310
4665;0.023552;1.01102e+10;4.2804e-314
4666;0.050176;1.12128e+10;4.2804e-314
4667;0.050176;1.12168e+10;4.2804e-314
4668;0.0256;1.02506e+10;4.0997e-311
4669;0.008192;1.3014e+10;9.88131e-324
4670;0.026624;1.05858e+10;0
4671;0.026624;1.03735e+10;0
4672;0.024576;1.01643e+10;0
4673;0.023552;1.00853e+10;6.57107e-322
4674;0.026624;1.05953e+10;3.12178e-316
4675;0.024576;1.00918e+10;9.88131e-324
4676;0.024576;1.02571e+10;6.90625e-310
4677;0.021504;9.78065e+09;6.90625e-310
4678;0.06144;1.14705e+10;6.90625e-310
4679;0.021504;1.00269e+10;0
4680;0.022528;1.0114e+10;4.24399e-314
4681;0.049152;1.12219e+10;6.90625e-310
4682;0.050176;1.12574e+10;0
4683;0.0256;1.02521e+10;0
4684;0.008192;1.30199e+10;6.90625e-310
4685;0.026624;1.19403e+10;0
4686;0.026784;1.03924e+10;0
