0;0.472288;0.027776;1.09475
1;0.438624;0.026624;0.301536
2;0.27616;0.026624;0.302016
3;0.277152;0.026624;0.283936
4;0.294624;0.026624;0.302496
5;0.286272;0.026624;0.30336
6;0.285344;0.027648;0.285088
7;0.296512;0.026624;0.303168
8;0.287072;0.027648;0.284608
9;0.294464;0.026624;0.275392
10;0.294624;0.026624;0.285056
11;0.305792;0.026624;0.293856
12;0.287424;0.026624;0.302528
13;0.287328;0.026624;0.30288
14;0.285376;0.026624;0.304576
15;0.287328;0.026624;0.312096
16;0.2768;0.026624;0.294112
17;0.296512;0.026624;0.302912
18;0.2864;0.026624;0.30208
19;0.285952;0.026624;0.29824
20;0.29456;0.026624;0.28592
21;0.277056;0.026624;0.284128
22;0.28144;0.026624;0.321216
23;0.340544;0.026624;0.302848
24;0.286464;0.026624;0.35968
25;0.303648;0.026624;0.284128
26;0.285344;0.026624;0.285152
27;0.276;0.026624;0.284416
28;0.34064;0.026624;0.294144
29;0.285248;0.026624;0.356608
30;0.322592;0.026624;0.29504
31;0.28624;0.026624;0.283104
32;0.286432;0.026624;0.29472
33;0.341536;0.026624;0.293312
34;0.285376;0.026624;0.361088
35;0.30512;0.026624;0.292832
36;0.28608;0.026624;0.284896
37;0.277696;0.026624;0.286208
38;0.340672;0.026752;0.294176
39;0.388352;0.026624;0.443968
40;0.3048;0.02688;0.294144
41;0.295136;0.026624;0.283808
42;0.28544;0.026624;0.275872
43;0.3416;0.026624;0.284224
44;0.286464;0.026688;0.352544
45;0.312832;0.026624;0.284096
46;0.286688;0.026624;0.284608
47;0.276064;0.026624;0.284128
48;0.349888;0.026624;0.284256
49;0.286944;0.026624;0.360256
50;0.303744;0.026624;0.294304
51;0.286304;0.026624;0.284256
52;0.285344;0.026624;0.294656
53;0.341568;0.026624;0.293664
54;0.287072;0.026624;0.360192
55;0.303648;0.026624;0.294176
56;0.287744;0.026624;0.286144
57;0.287296;0.026624;0.29344
58;0.2952;0.026624;0.30448
59;0.295136;0.026624;0.28464
60;0.286336;0.026624;0.294656
61;0.286304;0.026624;0.293312
62;0.285984;0.026624;0.286176
63;0.285248;0.026624;0.284096
64;0.294528;0.026624;0.28512
65;0.296512;0.026624;0.284928
66;0.295616;0.026624;0.284096
67;0.286176;0.026624;0.284128
68;0.285984;0.026624;0.28512
69;0.285184;0.026624;0.29264
70;0.285952;0.026624;0.285632
71;0.28592;0.026624;0.29344
72;0.285376;0.026624;0.295136
73;0.295488;0.026624;0.284512
74;0.285952;0.026624;0.294656
75;0.286816;0.026624;0.28464
76;0.29456;0.026624;0.284864
77;0.284896;0.026624;0.28464
78;0.361056;0.026624;0.311168
79;0.285248;0.026624;0.275936
80;0.285376;0.026624;0.275392
81;0.285248;0.026624;0.274432
82;0.285408;0.026624;0.285088
83;0.314592;0.026624;0.284128
84;0.360096;0.026624;0.2856
85;0.33232;0.026624;0.30256
86;0.294592;0.026624;0.332128
87;0.295328;0.026624;0.350464
88;0.304768;0.026624;0.358816
89;0.303648;0.026624;0.357952
90;0.313024;0.026624;0.340704
91;0.304672;0.026624;0.34944
92;0.303808;0.026624;0.34192
93;0.313952;0.026624;0.358816
94;0.2952;0.026624;0.34912
95;0.305024;0.026624;0.365344
96;0.3048;0.026624;0.358848
97;0.304704;0.026624;0.34864
98;0.303808;0.026624;0.340544
99;0.295456;0.026624;0.34864
100;0.29456;0.02688;0.341824
101;0.3128;0.026624;0.367392
102;0.294592;0.026624;0.359456
103;0.304672;0.026624;0.358656
104;0.303744;0.026624;0.358688
105;0.313888;0.026624;0.340224
106;0.304832;0.026624;0.350432
107;0.303616;0.026624;0.34976
108;0.295584;0.026624;0.340736
109;0.304672;0.026624;0.368928
110;0.305824;0.026624;0.359136
111;0.398944;0.026624;0.450272
112;0.295584;0.026624;0.331712
113;0.286976;0.026624;0.339744
114;0.294592;0.026624;0.348928
115;0.295488;0.026624;0.349472
116;0.312992;0.026624;0.367296
117;0.305312;0.026624;0.3592
118;0.295296;0.026624;0.350976
119;0.303648;0.026624;0.352032
120;0.30448;0.026624;0.33312
121;0.303776;0.026624;0.330336
122;0.303808;0.026624;0.350752
123;0.295456;0.026624;0.34976
124;0.313024;0.026624;0.359136
125;0.313952;0.026624;0.367072
126;0.294656;0.026624;0.359904
127;0.303648;0.026624;0.358656
128;0.295584;0.026624;0.349632
129;0.312896;0.026624;0.340224
130;0.304832;0.026624;0.349728
131;0.294432;0.026624;0.340832
132;0.295296;0.026624;0.34992
133;0.304672;0.026624;0.3592
134;0.312992;0.026624;0.358944
135;0.303584;0.026624;0.35888
136;0.312992;0.026624;0.35888
137;0.30464;0.026624;0.34944
138;0.303808;0.026688;0.349728
139;0.294432;0.026624;0.339712
140;0.303808;0.026624;0.34992
141;0.30496;0.026624;0.358656
142;0.303776;0.026624;0.35952
143;0.304672;0.026624;0.35888
144;0.387072;0.026624;0.437088
145;0.295648;0.026656;0.348768
146;0.295264;0.026624;0.34176
147;0.294432;0.026624;0.34128
148;0.3048;0.026624;0.358944
149;0.304608;0.026624;0.358336
150;0.304512;0.026624;0.350432
151;0.304768;0.026624;0.340224
152;0.312992;0.026624;0.34176
153;0.295136;0.026624;0.348704
154;0.29456;0.026624;0.340512
155;0.312896;0.026624;0.358912
156;0.303808;0.026624;0.368384
157;0.303648;0.026624;0.358656
158;0.304832;0.02672;0.349408
159;0.313888;0.026624;0.340224
160;0.303648;0.026624;0.333024
161;0.304096;0.026624;0.339616
162;0.294528;0.026624;0.341344
163;0.295136;0.026624;0.34896
164;0.29456;0.026624;0.349696
165;0.305664;0.026624;0.3576
166;0.305568;0.026624;0.36064
167;0.304736;0.026624;0.339872
168;0.303744;0.026624;0.342752
169;0.295488;0.026624;0.33072
170;0.294592;0.026624;0.34976
171;0.294432;0.026624;0.339392
172;0.314048;0.026624;0.359648
173;0.295488;0.026624;0.34896
174;0.304832;0.026624;0.36
175;0.303648;0.02672;0.358176
176;0.30384;0.026656;0.341312
177;0.296512;0.026624;0.489792
178;0.303808;0.026624;0.359008
179;0.312832;0.02688;0.358176
180;0.303712;0.026624;0.3608
181;0.30368;0.026624;0.357952
182;0.312928;0.026624;0.340608
183;0.305376;0.026624;0.341088
184;0.2952;0.026624;0.349984
185;0.28624;0.026624;0.339968
186;0.303776;0.026624;0.35888
187;0.30464;0.02672;0.357984
188;0.303808;0.026624;0.359968
189;0.296192;0.026624;0.340544
190;0.304512;0.02688;0.340896
191;0.303712;0.026624;0.34896
192;0.303776;0.026624;0.339712
193;0.285824;0.026624;0.339968
194;0.303936;0.026624;0.360928
195;0.313888;0.026624;0.359168
196;0.304992;0.026624;0.3496
197;0.304672;0.026624;0.339744
198;0.303808;0.026688;0.332544
199;0.304704;0.026624;0.34896
200;0.28608;0.026624;0.340864
201;0.304672;0.026624;0.359136
202;0.305664;0.026624;0.358848
203;0.303648;0.026624;0.35872
204;0.313024;0.026624;0.34016
205;0.295488;0.026624;0.340544
206;0.304832;0.026624;0.341344
207;0.295456;0.026624;0.340352
208;0.303808;0.026624;0.349632
209;0.295488;0.026624;0.34832
210;0.31328;0.026624;0.360288
211;0.305664;0.026624;0.362048
212;0.313024;0.026624;0.340512
213;0.305696;0.026624;0.514752
214;0.295616;0.026624;0.34992
215;0.295488;0.026624;0.348736
216;0.304352;0.026624;0.368672
217;0.312896;0.026624;0.3568
218;0.303808;0.026624;0.350976
219;0.305152;0.026624;0.330496
220;0.303776;0.026624;0.34064
221;0.304672;0.026624;0.339424
222;0.313184;0.026624;0.360064
223;0.296032;0.026624;0.358144
224;0.285376;0.026624;0.350752
225;0.305056;0.026624;0.35696
226;0.313248;0.026624;0.349952
227;0.298208;0.023552;0.339168
228;0.269568;0.022528;0.321792
229;0.26304;0.022528;0.302464
230;0.259968;0.022528;0.29184
231;0.260992;0.023552;0.293696
232;0.26032;0.022528;0.274848
233;0.307424;0.023552;0.2656
234;0.250752;0.023552;0.32224
235;0.321824;0.023552;0.265696
236;0.269504;0.022528;0.331008
237;0.270784;0.022752;0.303104
238;0.259968;0.022528;0.284896
239;0.261056;0.023552;0.293088
240;0.250944;0.023552;0.266144
241;0.307456;0.022528;0.265536
242;0.279488;0.022528;0.340224
243;0.32176;0.023552;0.293536
244;0.269504;0.023552;0.322272
245;0.261312;0.023552;0.274272
246;0.270208;0.023552;0.285088
247;0.261344;0.023552;0.293056
248;0.26128;0.022528;0.265632
249;0.307296;0.022528;0.265568
250;0.270496;0.022528;0.350496
251;0.306304;0.022528;0.293824
252;0.424192;0.023552;0.438432
253;0.271552;0.023552;0.312032
254;0.26;0.023552;0.285376
255;0.259968;0.022528;0.293056
256;0.26032;0.023552;0.285568
257;0.26128;0.023552;0.2656
258;0.307136;0.022528;0.274336
259;0.270208;0.023552;0.330464
260;0.297088;0.023552;0.313184
261;0.270304;0.023552;0.321056
262;0.269472;0.022528;0.284032
263;0.262368;0.023552;0.292992
264;0.269984;0.023552;0.284128
265;0.261312;0.023552;0.265536
266;0.30608;0.022528;0.26672
267;0.25248;0.023552;0.320352
268;0.30736;0.023552;0.322272
269;0.270528;0.022528;0.330944
270;0.269184;0.023552;0.284032
271;0.270496;0.023552;0.294624
272;0.250848;0.023552;0.285472
273;0.252128;0.022752;0.265568
274;0.306432;0.023552;0.266784
275;0.261312;0.022528;0.339424
276;0.320736;0.023552;0.26512
277;0.271552;0.022528;0.32176
278;0.269696;0.022528;0.285056
279;0.26;0.022528;0.294208
280;0.26;0.023552;0.284352
281;0.260192;0.023552;0.265152
282;0.306208;0.022528;0.266112
283;0.270208;0.022528;0.32128
284;0.306112;0.023552;0.321856
285;0.26208;0.023552;0.330912
286;0.260288;0.022528;0.285312
287;0.261056;0.023552;0.293088
288;0.265088;0.023552;0.284384
289;0.260288;0.023552;0.265664
290;0.306688;0.023552;0.266848
291;0.251744;0.022528;0.330688
292;0.34416;0.022528;0.52448
293;0.31216;0.022528;0.265056
294;0.260416;0.023552;0.292928
295;0.261088;0.023552;0.292992
296;0.269504;0.023552;0.293088
297;0.252352;0.023552;0.284032
298;0.26032;0.023552;0.266112
299;0.307072;0.023552;0.273312
300;0.260384;0.022528;0.340704
301;0.298176;0.022528;0.330752
302;0.259968;0.023552;0.301856
303;0.26192;0.023552;0.284
304;0.271264;0.023552;0.285376
305;0.25936;0.022528;0.283488
306;0.260768;0.023552;0.266112
307;0.307072;0.022528;0.274656
308;0.260992;0.022528;0.332384
309;0.3064;0.022528;0.340672
310;0.26032;0.022816;0.303936
311;0.260032;0.022528;0.293088
312;0.269504;0.023552;0.284096
313;0.256352;0.023552;0.284928
314;0.260096;0.023552;0.264608
315;0.3064;0.022528;0.274432
316;0.260064;0.022528;0.328928
317;0.29712;0.023552;0.310464
318;0.269664;0.023552;0.302656
319;0.252064;0.023552;0.28432
320;0.26032;0.022528;0.293088
321;0.25696;0.023552;0.283552
322;0.250752;0.023552;0.266624
323;0.3064;0.022528;0.274624
324;0.26992;0.023552;0.348576
325;0.32144;0.022528;0.28432
326;0.259968;0.022528;0.295808
327;0.26144;0.022528;0.292576
328;0.260768;0.023552;0.29152
329;0.26112;0.022528;0.283872
330;0.259936;0.023552;0.27568
331;0.308448;0.023552;0.265024
332;0.251264;0.023552;0.348128
333;0.321568;0.023552;0.265664
334;0.269504;0.023552;0.320512
335;0.270432;0.023552;0.303744
336;0.260352;0.023552;0.450304
337;0.262144;0.022528;0.283776
338;0.260352;0.023552;0.275712
339;0.315648;0.022528;0.275072
340;0.250912;0.022528;0.340224
341;0.3216;0.022528;0.265184
342;0.269664;0.022752;0.367776
343;0.269664;0.022528;0.3112
344;0.26016;0.023552;0.303296
345;0.261504;0.022528;0.284288
346;0.2608;0.023552;0.2936
347;0.261184;0.023552;0.274144
348;0.306496;0.022528;0.265088
349;0.279648;0.023552;0.349312
350;0.32064;0.023552;0.2936
351;0.269344;0.023552;0.320896
352;0.270304;0.023552;0.302432
353;0.27072;0.023552;0.284384
354;0.256352;0.023552;0.284928
355;0.261472;0.023552;0.265536
356;0.296992;0.023552;0.273824
357;0.269344;0.022528;0.339808
358;0.31984;0.023552;0.294304
359;0.270432;0.022528;0.338144
360;0.260448;0.022528;0.295584
361;0.260832;0.023552;0.28384
362;0.260448;0.022528;0.294624
363;0.260416;0.022528;0.26512
364;0.315712;0.023552;0.266144
365;0.270688;0.023552;0.339584
366;0.297152;0.023552;0.341216
367;0.269664;0.022528;0.32256
368;0.269696;0.023552;0.303776
369;0.26128;0.023552;0.285536
370;0.260128;0.023552;0.293568
371;0.260448;0.023552;0.265536
372;0.297312;0.023552;0.27616
373;0.271392;0.023552;0.341696
374;0.343232;0.023552;0.51168
375;0.325056;0.023552;0.292608
376;0.260128;0.023552;0.294944
377;0.252384;0.023552;0.293728
378;0.26048;0.022528;0.286112
379;0.261248;0.022528;0.28432
380;0.261152;0.023552;0.265152
381;0.307232;0.022528;0.274112
382;0.250912;0.022528;0.330944
383;0.297344;0.022528;0.311136
384;0.269664;0.023552;0.320224
385;0.2624;0.022528;0.283072
386;0.261344;0.022528;0.285792
387;0.261184;0.022784;0.282528
388;0.261696;0.023552;0.26672
389;0.307552;0.023552;0.266176
390;0.252;0.022784;0.331968
391;0.321792;0.022784;0.265248
392;0.269312;0.023552;0.359872
393;0.269632;0.023552;0.301952
394;0.260192;0.022528;0.285568
395;0.259136;0.022528;0.283872
396;0.260096;0.023552;0.28576
397;0.261472;0.022784;0.265632
398;0.297408;0.022528;0.265632
399;0.316832;0.023552;0.339232
400;0.269568;0.022528;0.328928
401;0.270528;0.023552;0.303296
402;0.252352;0.022528;0.293088
403;0.267264;0.022528;0.29312
404;0.261472;0.023552;0.274368
405;0.307584;0.022528;0.265088
406;0.26976;0.023552;0.321952
407;0.311968;0.022528;0.274656
408;0.270656;0.022784;0.33248
409;0.27152;0.023552;0.302464
410;0.26944;0.023552;0.284416
411;0.261664;0.023552;0.283904
412;0.261152;0.023552;0.274528
413;0.298368;0.023552;0.266176
414;0.279104;0.023552;0.349376
415;0.32176;0.023552;0.283008
416;0.26976;0.022528;0.321888
417;0.26048;0.022752;0.30288
418;0.260256;0.023552;0.28448
419;0.260448;0.022528;0.293184
420;0.252576;0.023552;0.276192
421;0.307552;0.022528;0.265632
422;0.269728;0.023552;0.340224
423;0.32112;0.023552;0.294656
424;0.269536;0.023552;0.322272
425;0.26016;0.023552;0.285536
426;0.261248;0.023552;0.29296
427;0.261088;0.022528;0.283968
428;0.260448;0.022528;0.275392
429;0.306272;0.022528;0.265024
430;0.269728;0.023552;0.359648
431;0.29808;0.023552;0.339232
432;0.429792;0.023552;0.437824
433;0.270624;0.022528;0.320192
434;0.260128;0.023552;0.293056
435;0.261504;0.022528;0.28448
436;0.260416;0.023552;0.285568
437;0.2696;0.023552;0.275168
438;0.306912;0.023552;0.275552
439;0.270688;0.022528;0.329952
440;0.322176;0.022528;0.28512
441;0.270976;0.023552;0.320704
442;0.26016;0.022528;0.284352
443;0.27072;0.022528;0.284288
444;0.261152;0.023552;0.292288
445;0.262176;0.022528;0.273216
446;0.298112;0.022528;0.274688
447;0.271424;0.023552;0.356992
448;0.320576;0.022528;0.28544
449;0.269408;0.023552;0.322304
450;0.269728;0.022528;0.302976
451;0.261472;0.022528;0.284352
452;0.256064;0.022528;0.292736
453;0.251904;0.022784;0.26512
454;0.316416;0.022528;0.265632
455;0.260192;0.022528;0.328672
456;0.296992;0.022784;0.331136
457;0.270688;0.022528;0.32272
458;0.261152;0.022528;0.284704
459;0.27088;0.022752;0.284416
460;0.261376;0.023552;0.294144
461;0.2616;0.022528;0.266016
462;0.306752;0.022528;0.265152
463;0.280064;0.023552;0.357984
464;0.320832;0.023552;0.294624
465;0.280576;0.023552;0.321184
466;0.260064;0.022528;0.303488
467;0.270752;0.023552;0.284288
468;0.264672;0.022528;0.292896
469;0.252288;0.023552;0.265088
470;0.315392;0.022528;0.2656
471;0.269856;0.023552;0.339616
472;0.330144;0.023552;0.302272
473;0.335328;0.023552;0.31088
474;0.25232;0.027648;0.295328
475;0.258336;0.022528;0.29216
476;0.260448;0.022752;0.286048
477;0.261408;0.023552;0.292672
478;0.252192;0.023552;0.2952
479;0.26016;0.023552;0.265024
480;0.306944;0.023552;0.274368
481;0.260384;0.023552;0.338144
482;0.29728;0.023552;0.321248
483;0.253056;0.023552;0.32112
484;0.270048;0.023552;0.284576
485;0.261472;0.022528;0.293728
486;0.257376;0.022816;0.295104
487;0.26048;0.022528;0.265152
488;0.306656;0.023552;0.285056
489;0.261152;0.022528;0.344256
490;0.306912;0.022528;0.338752
491;0.270752;0.023552;0.330336
492;0.260416;0.023552;0.30144
493;0.261504;0.023552;0.284288
494;0.247872;0.023552;0.295648
495;0.251904;0.022528;0.274176
496;0.30736;0.022784;0.265632
497;0.261184;0.022528;0.34048
498;0.307616;0.023552;0.313664
499;0.25232;0.022528;0.291968
500;0.250912;0.023552;0.285568
501;0.260448;0.022528;0.265088
502;0.288128;0.023552;0.311712
503;0.312352;0.022528;0.329504
504;0.260512;0.023552;0.302048
505;0.270784;0.022528;0.283552
506;0.257792;0.023552;0.293568
507;0.251904;0.023552;0.264704
508;0.325088;0.023552;0.265632
509;0.298336;0.022784;0.336864
510;0.269664;0.022528;0.380064
511;0.279616;0.023552;0.301152
512;0.252288;0.023552;0.29248
513;0.260864;0.022528;0.274144
514;0.33488;0.023552;0.301472
515;0.279648;0.022528;0.32128
516;0.30416;0.023552;0.31168
517;0.278912;0.023552;0.361376
518;0.26048;0.023552;0.290208
519;0.270752;0.023552;0.284064
520;0.260864;0.023552;0.285376
521;0.2704;0.023552;0.27424
522;0.250976;0.023552;0.349952
523;0.306528;0.023552;0.283488
524;0.262464;0.022528;0.302784
525;0.269696;0.022784;0.284448
526;0.26016;0.022528;0.283872
527;0.25232;0.022752;0.275072
528;0.279968;0.022528;0.321632
529;0.31232;0.022752;0.353984
530;0.26032;0.023552;0.370336
531;0.270336;0.022528;0.28464
532;0.261472;0.023552;0.294656
533;0.260512;0.022528;0.283552
534;0.261216;0.023552;0.275168
535;0.26992;0.022528;0.349536
536;0.298016;0.022528;0.2928
537;0.262176;0.023552;0.301952
538;0.269664;0.022528;0.303296
539;0.26048;0.022528;0.293088
540;0.260128;0.022528;0.27328
541;0.290432;0.022528;0.273856
542;0.260128;0.023552;0.358144
543;0.284992;0.023552;0.340256
544;0.25328;0.023552;0.283328
545;0.26208;0.022528;0.2936
546;0.260448;0.022528;0.28384
547;0.271712;0.022528;0.25744
548;0.260448;0.023552;0.287648
549;0.260032;0.022816;0.288608
550;0.260768;0.022528;0.265664
551;0.261568;0.022528;0.395552
552;0.269664;0.023552;0.274816
553;0.271712;0.022528;0.293664
554;0.269376;0.022528;0.293056
555;0.270368;0.023552;0.270528
556;0.262144;0.022528;0.299712
557;0.261472;0.023552;0.283936
558;0.260512;0.023552;0.29456
559;0.261504;0.022528;0.265536
560;0.26112;0.022528;0.293024
561;0.278944;0.022528;0.294208
562;0.260416;0.023552;0.312
563;0.260608;0.023552;0.29456
564;0.260096;0.023552;0.293536
565;0.261792;0.023552;0.292224
566;0.26112;0.023552;0.26544
567;0.261472;0.022528;0.285824
568;0.27872;0.022784;0.282272
569;0.252032;0.022528;0.297952
570;0.251936;0.023552;0.273152
571;0.26112;0.022528;0.293152
572;0.262208;0.023552;0.293056
573;0.270688;0.023552;0.265728
574;0.26016;0.022528;0.285952
575;0.27952;0.022528;0.285376
576;0.26112;0.023552;0.305376
577;0.270016;0.022528;0.289824
578;0.260416;0.022528;0.302784
579;0.271712;0.023552;0.28432
580;0.251232;0.023552;0.294112
581;0.252992;0.023552;0.265632
582;0.270944;0.022528;0.294592
583;0.269696;0.022528;0.303776
584;0.270688;0.023552;0.276448
585;0.26048;0.022528;0.275328
586;0.2616;0.022784;0.284032
587;0.243296;0.023552;0.264064
588;0.262688;0.022528;0.287136
589;0.27072;0.022528;0.293056
590;0.260416;0.023552;0.2912
591;0.270688;0.022528;0.275296
592;0.269664;0.023552;0.29376
593;0.279872;0.023552;0.284352
594;0.252288;0.022528;0.293248
595;0.327104;0.023552;0.299936
596;0.26016;0.023552;0.265824
597;0.270752;0.023552;0.30384
598;0.274816;0.023552;0.294112
599;0.260864;0.023552;0.282336
600;0.269664;0.023552;0.286912
601;0.269024;0.022528;0.293152
602;0.251936;0.023552;0.286368
603;0.270656;0.023552;0.264576
604;0.261184;0.023552;0.293024
605;0.271392;0.022528;0.283488
606;0.251264;0.022528;0.283584
607;0.253024;0.023552;0.265184
608;0.260448;0.022528;0.283808
609;0.250912;0.022752;0.282528
610;0.260512;0.023552;0.28432
611;0.26048;0.022528;0.285408
612;0.260096;0.023552;0.292544
613;0.261184;0.023552;0.256832
614;0.2704;0.023552;0.28432
615;0.270304;0.023552;0.283008
616;0.260448;0.023552;0.284128
617;0.261152;0.023552;0.284032
618;0.260448;0.023552;0.274336
619;0.243008;0.023552;0.284064
620;0.262144;0.023552;0.282976
621;0.261184;0.022528;0.292224
622;0.251232;0.023552;0.284544
623;0.26208;0.023552;0.257312
624;0.252288;0.023552;0.264096
625;0.271712;0.023552;0.284128
626;0.261696;0.023552;0.265152
627;0.26048;0.023552;0.284512
628;0.269504;0.023552;0.284544
629;0.252256;0.023552;0.265056
630;0.260192;0.022528;0.284576
631;0.260512;0.023552;0.283584
632;0.251232;0.023552;0.421344
633;0.260448;0.023552;0.257952
634;0.260448;0.023552;0.285184
635;0.260448;0.022528;0.283072
636;0.250912;0.023552;0.291232
637;0.252384;0.022528;0.256544
638;0.260128;0.023552;0.285024
639;0.252224;0.023552;0.28224
640;0.269312;0.023552;0.287136
641;0.260128;0.023552;0.293024
642;0.251232;0.023552;0.284544
643;0.25216;0.022784;0.264096
644;0.25088;0.022528;0.266688
645;0.26128;0.023552;0.284608
646;0.260608;0.023552;0.26512
647;0.26176;0.023552;0.284128
648;0.251616;0.023552;0.266176
649;0.251552;0.022528;0.263904
650;0.260448;0.023552;0.284352
651;0.269984;0.023552;0.282976
652;0.252128;0.022528;0.284256
653;0.261472;0.023552;0.274336
654;0.261152;0.023552;0.294048
655;0.261472;0.023552;0.28352
656;0.263232;0.023552;0.266112
657;0.261472;0.022816;0.284768
658;0.270016;0.023552;0.292544
659;0.250944;0.022528;0.265696
660;0.260352;0.023552;0.293056
661;0.261504;0.023552;0.284896
662;0.25216;0.022528;0.284032
663;0.260896;0.022528;0.265824
664;0.26128;0.023552;0.293024
665;0.263136;0.022528;0.284768
666;0.269824;0.022528;0.266624
667;0.261184;0.022528;0.283424
668;0.270272;0.022528;0.290496
669;0.251232;0.022528;0.282016
670;0.316224;0.023552;0.396192
671;0.2624;0.022528;0.265088
672;0.260448;0.023552;0.284832
673;0.265888;0.022528;0.283968
674;0.248544;0.023552;0.28512
675;0.260192;0.023552;0.255904
676;0.270464;0.023552;0.285952
677;0.269856;0.023552;0.30304
678;0.25088;0.022752;0.292992
679;0.26144;0.022784;0.293632
680;0.260128;0.023552;0.294272
681;0.27024;0.024576;0.459584
682;0.279104;0.024576;0.292
683;0.270368;0.024576;0.302144
684;0.270432;0.024576;0.293152
685;0.263328;0.024576;0.29296
686;0.288864;0.024576;0.293152
687;0.275712;0.024576;0.292736
688;0.280384;0.024576;0.26608
689;0.270208;0.024576;0.292608
690;0.271264;0.024576;0.303744
691;0.271232;0.024576;0.302176
692;0.259968;0.024576;0.274304
693;0.270208;0.024576;0.309824
694;0.27024;0.024576;0.275648
695;0.28048;0.0256;0.283392
696;0.269888;0.024576;0.29168
697;0.29904;0.024576;0.320608
698;0.317024;0.024576;0.29408
699;0.282112;0.024576;0.320128
700;0.280256;0.024576;0.311648
701;0.288288;0.024576;0.311392
702;0.279424;0.024576;0.292736
703;0.280224;0.024576;0.301152
704;0.325472;0.024576;0.293024
705;0.289344;0.024576;0.312
706;0.28864;0.024576;0.312608
707;0.285984;0.024576;0.309856
708;0.271264;0.024576;0.292992
709;0.261728;0.024576;0.283744
710;0.32112;0.024576;0.284128
711;0.279392;0.024576;0.293952
712;0.270944;0.024576;0.284352
713;0.261984;0.024576;0.282912
714;0.270336;0.024576;0.283936
715;0.26992;0.024576;0.283744
716;0.270368;0.024576;0.275072
717;0.317056;0.024576;0.273152
718;0.270272;0.024576;0.275936
719;0.273504;0.024576;0.283744
720;0.279072;0.024576;0.283488
721;0.270048;0.024576;0.282528
722;0.261696;0.024576;0.274272
723;0.271872;0.024576;0.2832
724;0.31712;0.024576;0.275328
725;0.271808;0.024576;0.283456
726;0.26976;0.024576;0.285856
727;0.271264;0.024576;0.283744
728;0.27024;0.024576;0.282464
729;0.27104;0.024576;0.283136
730;0.279296;0.024576;0.284864
731;0.318592;0.024576;0.283008
732;0.262048;0.024576;0.284384
733;0.279424;0.024576;0.301152
734;0.270208;0.024576;0.28528
735;0.28832;0.024576;0.27424
736;0.288768;0.024576;0.293728
737;0.28048;0.024576;0.287456
738;0.280448;0.024608;0.302752
739;0.269888;0.024576;0.291584
740;0.280128;0.024576;0.293696
741;0.326336;0.024576;0.30576
742;0.275968;0.024576;0.293056
743;0.271264;0.024576;0.273504
744;0.279488;0.024576;0.303776
745;0.269984;0.024576;0.301856
746;0.266752;0.024576;0.27376
747;0.276928;0.024576;0.302176
748;0.270176;0.024576;0.293376
749;0.279456;0.024576;0.301856
750;0.270208;0.024576;0.274944
751;0.271264;0.024576;0.29568
752;0.279136;0.024576;0.266144
753;0.271936;0.024576;0.282464
754;0.270176;0.024576;0.293152
755;0.267168;0.024768;0.28272
756;0.261152;0.024576;0.273792
757;0.281696;0.024576;0.301568
758;0.260992;0.024576;0.312608
759;0.280448;0.024576;0.27264
760;0.27664;0.024576;0.303264
761;0.27136;0.024576;0.311392
762;0.269888;0.024576;0.284512
763;0.289568;0.024576;0.29296
764;0.261696;0.024576;0.29232
765;0.27024;0.024576;0.274144
766;0.270784;0.0256;0.293536
767;0.2712;0.024576;0.292608
768;0.274976;0.024576;0.30256
769;0.261664;0.024576;0.283744
770;0.27968;0.024576;0.302176
771;0.260704;0.024576;0.30144
772;0.279584;0.024576;0.273248
773;0.277536;0.024576;0.292928
774;0.27104;0.024576;0.30384
775;0.271232;0.024576;0.302144
776;0.28112;0.024576;0.275296
777;0.326912;0.024576;0.3288
778;0.270816;0.024576;0.303264
779;0.276064;0.024576;0.29168
780;0.272288;0.024576;0.293664
781;0.269888;0.024576;0.302144
782;0.270464;0.024576;0.282784
783;0.2856;0.024576;0.284416
784;0.279552;0.024576;0.295072
785;0.271168;0.024576;0.300992
786;0.270176;0.024576;0.301856
787;0.280448;0.024576;0.292608
788;0.270176;0.024576;0.276256
789;0.280448;0.024576;0.265568
790;0.280448;0.024576;0.283808
791;0.288672;0.024576;0.29264
792;0.270208;0.024576;0.311968
793;0.280416;0.024576;0.310368
794;0.280448;0.024576;0.30288
795;0.279392;0.024576;0.3032
796;0.279744;0.024576;0.29376
797;0.27136;0.024576;0.27216
798;0.279424;0.024576;0.283488
799;0.269888;0.024576;0.292864
800;0.279424;0.024576;0.303264
801;0.280096;0.024576;0.302176
802;0.279456;0.024576;0.30224
803;0.272288;0.024576;0.302144
804;0.279392;0.024576;0.284064
805;0.317248;0.024576;0.320384
806;0.271936;0.024576;0.302208
807;0.281184;0.024576;0.292416
808;0.28928;0.024576;0.311488
809;0.317376;0.024576;0.302176
810;0.28864;0.024576;0.312416
811;0.290656;0.024576;0.311264
812;0.271264;0.024576;0.424544
813;0.34096;0.024576;0.325248
814;0.280128;0.024576;0.312
815;0.334848;0.024576;0.29296
816;0.28864;0.024576;0.317568
817;0.288896;0.024576;0.311584
818;0.279456;0.024576;0.31248
819;0.270976;0.024576;0.283392
820;0.27952;0.024576;0.293984
821;0.271456;0.024576;0.283424
822;0.270592;0.024576;0.284544
823;0.271424;0.024576;0.283264
824;0.26992;0.024576;0.275296
825;0.270944;0.024576;0.28272
826;0.280064;0.024576;0.294016
827;0.308448;0.024576;0.283744
828;0.270592;0.024576;0.285504
829;0.270912;0.024576;0.282944
830;0.26992;0.024576;0.27424
831;0.262048;0.024576;0.282688
832;0.270112;0.024576;0.282464
833;0.27088;0.024576;0.2832
834;0.316448;0.024576;0.284864
835;0.262144;0.024576;0.28288
836;0.270208;0.024576;0.273696
837;0.271232;0.024576;0.283232
838;0.270176;0.024576;0.283872
839;0.27024;0.024576;0.283872
840;0.270048;0.024576;0.284608
841;0.31776;0.024576;0.274144
842;0.279392;0.024576;0.301184
843;0.271264;0.024576;0.274208
844;0.280448;0.024576;0.284992
845;0.271104;0.024576;0.29168
846;0.279328;0.024576;0.302752
847;0.270912;0.024576;0.292448
848;0.27104;0.024576;0.292672
849;0.321824;0.024576;0.32512
850;0.334816;0.024576;0.337248
851;0.336608;0.024576;0.311168
852;0.27936;0.024576;0.293504
853;0.279456;0.0256;0.283424
854;0.279424;0.024576;0.301536
855;0.271296;0.024576;0.292608
856;0.270976;0.024576;0.30288
857;0.270976;0.024576;0.29264
858;0.267968;0.024576;0.292704
859;0.262016;0.024576;0.263488
860;0.269888;0.024576;0.28384
861;0.279168;0.024576;0.309344
862;0.28032;0.024576;0.303232
863;0.269344;0.024576;0.301632
864;0.270208;0.024576;0.304128
865;0.28048;0.024576;0.273184
866;0.289536;0.024576;0.283968
867;0.271232;0.024576;0.274752
868;0.26992;0.024576;0.302144
869;0.280768;0.024576;0.291008
870;0.270048;0.024576;0.293056
871;0.267136;0.024576;0.29088
872;0.260704;0.024576;0.266624
873;0.272288;0.024576;0.291616
874;0.26176;0.024576;0.276128
875;0.272;0.024576;0.30224
876;0.268064;0.024576;0.293696
877;0.270208;0.024576;0.302272
878;0.270208;0.024576;0.275296
879;0.282016;0.024576;0.283424
880;0.270176;0.024576;0.29376
881;0.270304;0.024576;0.292544
882;0.270592;0.024576;0.301216
883;0.262336;0.024576;0.292096
884;0.268544;0.024576;0.29264
885;0.26128;0.024576;0.264992
886;0.270208;0.024576;0.293728
887;0.331744;0.024576;0.332192
888;0.282624;0.024576;0.274784
889;0.279072;0.024576;0.30112
890;0.279424;0.024576;0.30272
891;0.281248;0.024576;0.30016
892;0.271488;0.024576;0.292992
893;0.261248;0.024608;0.29296
894;0.26208;0.024576;0.266048
895;0.270016;0.024576;0.28272
896;0.27088;0.024576;0.307488
897;0.280448;0.024576;0.29088
898;0.275968;0.024576;0.293024
899;0.28048;0.024576;0.292608
900;0.260992;0.024576;0.302944
901;0.2712;0.024576;0.274176
902;0.275296;0.024576;0.293248
903;0.279104;0.024576;0.301088
904;0.280448;0.024576;0.303232
905;0.281568;0.024576;0.292928
906;0.271968;0.024576;0.301216
907;0.261344;0.024576;0.265344
908;0.270432;0.024576;0.265984
909;0.280416;0.024576;0.292608
910;0.274976;0.024576;0.301184
911;0.280576;0.024576;0.29264
912;0.270208;0.024576;0.303296
913;0.28048;0.024576;0.302144
914;0.265472;0.024576;0.293664
915;0.280416;0.024576;0.302144
916;0.270976;0.024576;0.275264
917;0.27984;0.024576;0.283392
918;0.270208;0.024576;0.294048
919;0.270208;0.024576;0.292608
920;0.260672;0.024576;0.273568
921;0.271232;0.024576;0.292608
922;0.260672;0.024576;0.265536
923;0.331008;0.024576;0.328
924;0.271264;0.024576;0.30256
925;0.269888;0.024576;0.302144
926;0.269056;0.024576;0.293728
927;0.271296;0.024576;0.283712
928;0.279968;0.024576;0.303264
929;0.280672;0.024576;0.292768
930;0.279616;0.024576;0.303264
931;0.2808;0.024576;0.291392
932;0.260672;0.024576;0.29216
933;0.270208;0.024576;0.26496
934;0.265728;0.024576;0.2752
935;0.279456;0.024576;0.28288
936;0.270912;0.024576;0.303264
937;0.270496;0.024576;0.302816
938;0.284192;0.024576;0.293984
939;0.271296;0.024576;0.301824
940;0.270016;0.024576;0.293184
941;0.271008;0.024576;0.265536
942;0.270272;0.024576;0.273888
943;0.270912;0.024576;0.302144
944;0.279712;0.024576;0.294048
945;0.27088;0.024576;0.292608
946;0.277536;0.024576;0.293024
947;0.28048;0.024576;0.292928
948;0.270432;0.024576;0.27424
949;0.27808;0.024576;0.2824
950;0.2712;0.024576;0.29296
951;0.271296;0.024576;0.301632
952;0.271616;0.024576;0.274272
953;0.271264;0.024576;0.300256
954;0.280096;0.024576;0.301184
955;0.271616;0.024576;0.283744
956;0.280256;0.024576;0.283712
957;0.271264;0.024576;0.29264
958;0.277856;0.024576;0.3024
959;0.2712;0.024576;0.283392
960;0.270208;0.024576;0.293664
961;0.28016;0.024576;0.293536
962;0.27056;0.024576;0.294048
963;0.270272;0.024576;0.273184
964;0.279456;0.024576;0.302208
965;0.289536;0.024576;0.264416
966;0.2712;0.024576;0.284448
967;0.278176;0.0256;0.29264
968;0.270208;0.024576;0.293024
969;0.270176;0.024576;0.273216
970;0.279104;0.024576;0.294016
971;0.289696;0.024576;0.264992
972;0.279488;0.024576;0.294176
973;0.280128;0.024576;0.301152
974;0.279456;0.024576;0.302528
975;0.28016;0.024576;0.302848
976;0.270912;0.024576;0.292992
977;0.262688;0.024576;0.282912
978;0.279392;0.024576;0.274752
979;0.280448;0.024576;0.283392
980;0.2704;0.024576;0.292704
981;0.26208;0.024576;0.274496
982;0.279072;0.024576;0.29376
983;0.261888;0.024576;0.273664
984;0.280928;0.024576;0.265504
985;0.281792;0.024576;0.292928
986;0.279424;0.024576;0.302208
987;0.28048;0.024576;0.311392
988;0.279424;0.024576;0.31168
989;0.28048;0.024576;0.31136
990;0.270912;0.024576;0.292672
991;0.27776;0.024576;0.301024
992;0.28048;0.024576;0.302688
993;0.261696;0.024576;0.310496
994;0.326976;0.024576;0.327808
995;0.272512;0.024576;0.29264
996;0.27024;0.024576;0.293888
997;0.271936;0.024576;0.27424
998;0.287232;0.024576;0.283936
999;0.27024;0.024768;0.291584
1000;0.270208;0.024576;0.294272
1001;0.28032;0.024576;0.291616
1002;0.279808;0.024576;0.293152
1003;0.280544;0.024576;0.274208
1004;0.271232;0.024576;0.284512
1005;0.289408;0.024576;0.302144
1006;0.279456;0.024576;0.30224
1007;0.280704;0.024576;0.307264
1008;0.28112;0.024576;0.30224
1009;0.27024;0.0256;0.29296
1010;0.279552;0.024576;0.273728
1011;0.278112;0.024576;0.283936
1012;0.271136;0.024576;0.273568
1013;0.270208;0.024576;0.292128
1014;0.279488;0.024576;0.293984
1015;0.270304;0.024576;0.292128
1016;0.280992;0.024576;0.275424
1017;0.28032;0.024576;0.302144
1018;0.277024;0.024576;0.302752
1019;0.280448;0.024576;0.31136
1020;0.279648;0.024576;0.302432
1021;0.271936;0.024576;0.30016
1022;0.270048;0.024576;0.275296
1023;0.270944;0.024576;0.283392
1024;0.277504;0.024576;0.29456
1025;0.27248;0.024576;0.293056
1026;0.288768;0.024576;0.292736
1027;0.280544;0.024576;0.292608
1028;0.281536;0.024576;0.293216
1029;0.270304;0.024576;0.27424
1030;0.339488;0.024576;0.32384
1031;0.280864;0.024576;0.282912
1032;0.288736;0.024576;0.273248
1033;0.279424;0.024576;0.301056
1034;0.270144;0.024576;0.302144
1035;0.270208;0.024576;0.292928
1036;0.271584;0.024576;0.292128
1037;0.279488;0.024576;0.293376
1038;0.268608;0.024576;0.274304
1039;0.271232;0.024576;0.29264
1040;0.270848;0.024576;0.293248
1041;0.290304;0.024576;0.29264
1042;0.279392;0.024576;0.292672
1043;0.271232;0.024576;0.29216
1044;0.270688;0.024576;0.284512
1045;0.280672;0.024576;0.302656
1046;0.279488;0.024576;0.31248
1047;0.27024;0.024576;0.283744
1048;0.280128;0.024576;0.29376
1049;0.28112;0.024576;0.292608
1050;0.2704;0.024576;0.274304
1051;0.280768;0.024576;0.27264
1052;0.268928;0.024576;0.293056
1053;0.272256;0.024576;0.298048
1054;0.269856;0.024576;0.294016
1055;0.272416;0.024576;0.292416
1056;0.279456;0.024576;0.293664
1057;0.271168;0.024576;0.272672
1058;0.271232;0.024576;0.302784
1059;0.281568;0.024576;0.302848
1060;0.285888;0.024576;0.311136
1061;0.28016;0.024576;0.302144
1062;0.280448;0.024576;0.30464
1063;0.27184;0.024576;0.30112
1064;0.279104;0.024576;0.28432
1065;0.280064;0.024576;0.274176
1066;0.335264;0.024576;0.332032
1067;0.272288;0.024576;0.29264
1068;0.271264;0.024576;0.275264
1069;0.27024;0.024576;0.292224
1070;0.280448;0.024576;0.302848
1071;0.279168;0.024576;0.27424
1072;0.27952;0.024576;0.295072
1073;0.271584;0.024576;0.311392
1074;0.270528;0.024576;0.320672
1075;0.280128;0.024576;0.284224
1076;0.271296;0.024576;0.303264
1077;0.280608;0.0256;0.302048
1078;0.270048;0.024576;0.28352
1079;0.270112;0.024576;0.291424
1080;0.279744;0.024608;0.293088
1081;0.28048;0.024576;0.27312
1082;0.27808;0.024576;0.283712
1083;0.271296;0.024576;0.292928
1084;0.260672;0.024576;0.275296
1085;0.27024;0.024576;0.274208
1086;0.269888;0.024576;0.293568
1087;0.280128;0.024576;0.2648
1088;0.27232;0.024576;0.292672
1089;0.270944;0.024576;0.302144
1090;0.280576;0.024576;0.31344
1091;0.281792;0.024576;0.310336
1092;0.270176;0.024576;0.293056
1093;0.28736;0.024576;0.302144
1094;0.2792;0.024576;0.301696
1095;0.27232;0.024576;0.302272
1096;0.279232;0.024576;0.27536
1097;0.280512;0.024576;0.29264
1098;0.279488;0.024576;0.303968
1099;0.262304;0.024576;0.283744
1100;0.279616;0.024576;0.293728
1101;0.268864;0.024576;0.29296
1102;0.270464;0.024576;0.293248
1103;0.261888;0.024576;0.26496
1104;0.270304;0.024576;0.292704
1105;0.2712;0.024576;0.302112
1106;0.431168;0.0256;0.326528
1107;0.279104;0.0256;0.302176
1108;0.279456;0.024576;0.303296
1109;0.27936;0.024576;0.301152
1110;0.279232;0.024576;0.311456
1111;0.28144;0.0256;0.302144
1112;0.270336;0.024576;0.292
1113;0.28048;0.024576;0.3008
1114;0.279424;0.024576;0.303264
1115;0.27184;0.024576;0.291648
1116;0.279136;0.024576;0.293216
1117;0.261984;0.024576;0.292672
1118;0.268608;0.024576;0.275264
1119;0.27024;0.024576;0.292128
1120;0.270304;0.024576;0.293728
1121;0.270944;0.024576;0.293632
1122;0.279552;0.024576;0.293728
1123;0.270208;0.024576;0.292608
1124;0.27104;0.02464;0.274976
1125;0.280672;0.024576;0.301696
1126;0.280352;0.024576;0.302272
1127;0.280512;0.024576;0.301664
1128;0.271936;0.024576;0.293984
1129;0.278144;0.024576;0.30064
1130;0.28048;0.024576;0.311904
1131;0.280864;0.024576;0.302176
1132;0.271104;0.024576;0.3024
1133;0.280128;0.024576;0.274016
1134;0.279072;0.024576;0.284032
1135;0.300288;0.026624;0.987296
1136;0.2864;0.026624;0.368192
1137;0.295136;0.027648;0.439584
1138;0.267936;0.026624;0.322208
1139;0.28624;0.026624;0.441536
1140;0.287072;0.026624;0.369312
1141;0.295424;0.026624;0.442048
1142;0.377856;0.026624;0.366208
1143;0.291008;0.026624;0.439968
1144;0.29456;0.026624;0.376608
1145;0.295456;0.026624;0.450048
1146;0.294592;0.026624;0.341024
1147;0.296128;0.026624;0.395456
1148;0.303808;0.026624;0.312896
1149;0.295456;0.026624;0.377184
1150;0.29456;0.026624;0.36848
1151;0.271552;0.026624;0.376192
1152;0.285376;0.026624;0.358944
1153;0.286208;0.026624;0.43184
1154;0.29456;0.026624;0.368384
1155;0.286912;0.026688;0.440736
1156;0.286048;0.026624;0.34992
1157;0.276;0.026624;0.384352
1158;0.286496;0.026624;0.313056
1159;0.296448;0.026624;0.385184
1160;0.294976;0.026624;0.33136
1161;0.286208;0.026624;0.432512
1162;0.286272;0.026624;0.359168
1163;0.295552;0.026624;0.4408
1164;0.284032;0.026624;0.360192
1165;0.286272;0.026624;0.394944
1166;0.27712;0.026624;0.315136
1167;0.28624;0.026624;0.376992
1168;0.286368;0.026624;0.358976
1169;0.286944;0.026624;0.43104
1170;0.294592;0.026624;0.368064
1171;0.286944;0.026624;0.44016
1172;0.28592;0.026624;0.369376
1173;0.276;0.026624;0.394912
1174;0.285344;0.026624;0.352
1175;0.286944;0.026624;0.405024
1176;0.29552;0.026912;0.322272
1177;0.29616;0.026624;0.385184
1178;0.294592;0.026624;0.368192
1179;0.295424;0.026624;0.45024
1180;0.46768;0.026624;0.417824
1181;0.287264;0.026624;0.383648
1182;0.286048;0.026624;0.366816
1183;0.277056;0.026624;0.441536
1184;0.304512;0.026624;0.368064
1185;0.295424;0.026624;0.441024
1186;0.294848;0.026624;0.36816
1187;0.286976;0.026624;0.422112
1188;0.286048;0.026624;0.322272
1189;0.278016;0.026624;0.376192
1190;0.29456;0.026624;0.312864
1191;0.285792;0.026624;0.376096
1192;0.29632;0.026624;0.359008
1193;0.28624;0.026688;0.431616
1194;0.286048;0.026656;0.367936
1195;0.267808;0.026624;0.377408
1196;0.286048;0.026624;0.368864
1197;0.286944;0.026624;0.430432
1198;0.303776;0.026624;0.331168
1199;0.27808;0.026624;0.385696
1200;0.287392;0.026624;0.3144
1201;0.287072;0.026752;0.37648
1202;0.286048;0.026688;0.331488
1203;0.276;0.026624;0.431296
1204;0.285344;0.026624;0.35936
1205;0.296128;0.026624;0.439968
1206;0.286304;0.026624;0.359936
1207;0.287264;0.026624;0.421056
1208;0.29456;0.026624;0.333504
1209;0.276512;0.026624;0.375296
1210;0.285856;0.026624;0.312352
1211;0.286304;0.026624;0.376896
1212;0.272704;0.026624;0.359168
1213;0.27264;0.026624;0.433568
1214;0.285344;0.026624;0.367328
1215;0.275968;0.026624;0.404704
1216;0.285376;0.026624;0.368128
1217;0.286368;0.027648;0.431808
1218;0.277152;0.026624;0.330688
1219;0.286944;0.026624;0.430464
1220;0.285376;0.026624;0.370432
1221;0.28624;0.026624;0.446144
1222;0.285504;0.027648;0.367552
1223;0.294912;0.026624;0.422208
1224;0.294656;0.026624;0.324
1225;0.295456;0.026624;0.396992
1226;0.295936;0.026752;0.32336
1227;0.295136;0.026624;0.385696
1228;0.28128;0.026624;0.332064
1229;0.295424;0.026784;0.440768
1230;0.295136;0.026624;0.368352
1231;0.295712;0.026624;0.441536
1232;0.290144;0.026624;0.367872
1233;0.287552;0.026624;0.422272
1234;0.303904;0.026624;0.322336
1235;0.295456;0.027648;0.384896
1236;0.29632;0.026624;0.369376
1237;0.29648;0.026624;0.432288
1238;0.27616;0.026624;0.313088
1239;0.295456;0.026624;0.438752
1240;0.286336;0.026624;0.367136
1241;0.268512;0.026624;0.394624
1242;0.287072;0.026624;0.340032
1243;0.28624;0.026624;0.404992
1244;0.296288;0.026624;0.312736
1245;0.28752;0.026624;0.376704
1246;0.286048;0.026624;0.359456
1247;0.28592;0.026624;0.431616
1248;0.266944;0.026688;0.312576
1249;0.267808;0.026624;0.377568
1250;0.285344;0.026624;0.366528
1251;0.286944;0.026624;0.440992
1252;0.286144;0.026624;0.349952
1253;0.28624;0.026624;0.413408
1254;0.27616;0.026624;0.312608
1255;0.286272;0.026624;0.386208
1256;0.284;0.026624;0.36
1257;0.272608;0.026624;0.393632
1258;0.266944;0.026624;0.312832
1259;0.286912;0.026624;0.44064
1260;0.295264;0.026624;0.367872
1261;0.286944;0.026624;0.422208
1262;0.295264;0.026624;0.322784
1263;0.295456;0.026624;0.394592
1264;0.304768;0.026624;0.312928
1265;0.286848;0.026624;0.386752
1266;0.285344;0.026624;0.368384
1267;0.285248;0.026624;0.440672
1268;0.285984;0.026624;0.3784
1269;0.362016;0.026624;0.491776
1270;0.285344;0.026624;0.313632
1271;0.304672;0.026624;0.385536
1272;0.291648;0.026624;0.36816
1273;0.282144;0.026624;0.441024
1274;0.294592;0.026624;0.377312
1275;0.28624;0.026624;0.42208
1276;0.295584;0.026688;0.322336
1277;0.295456;0.026624;0.38672
1278;0.29456;0.026624;0.312768
1279;0.294464;0.026624;0.376192
1280;0.286048;0.026624;0.312288
1281;0.295424;0.026624;0.430752
1282;0.285376;0.026624;0.359008
1283;0.276032;0.02672;0.39392
1284;0.286048;0.026624;0.359776
1285;0.28624;0.026688;0.440704
1286;0.28704;0.026624;0.349632
1287;0.28624;0.026624;0.403616
1288;0.29456;0.026624;0.312864
1289;0.286944;0.026624;0.385696
1290;0.28608;0.026624;0.33152
1291;0.286272;0.026624;0.43344
1292;0.285344;0.026624;0.367328
1293;0.285216;0.026624;0.440768
1294;0.272736;0.026624;0.367136
1295;0.286208;0.026624;0.413952
1296;0.283008;0.026624;0.31328
1297;0.282816;0.026624;0.386784
1298;0.285344;0.026624;0.35936
1299;0.267776;0.026624;0.394944
1300;0.285344;0.026624;0.368192
1301;0.294432;0.026624;0.440672
1302;0.29472;0.026624;0.368864
1303;0.295424;0.026624;0.431552
1304;0.295232;0.026624;0.340704
1305;0.295456;0.026624;0.40528
1306;0.294656;0.026624;0.315264
1307;0.297152;0.026624;0.385504
1308;0.286368;0.026624;0.369376
1309;0.381952;0.026624;0.497536
1310;0.295072;0.026624;0.368288
1311;0.2968;0.026624;0.423104
1312;0.285376;0.026624;0.322784
1313;0.303616;0.027648;0.395456
1314;0.299328;0.026624;0.311712
1315;0.30032;0.026624;0.375488
1316;0.299392;0.026624;0.3592
1317;0.295136;0.026624;0.430752
1318;0.294912;0.026624;0.369056
1319;0.29632;0.026624;0.44992
1320;0.294752;0.026816;0.358816
1321;0.295456;0.026624;0.413376
1322;0.285376;0.026624;0.322272
1323;0.30464;0.026624;0.395968
1324;0.29024;0.026624;0.312768
1325;0.295424;0.026624;0.405184
1326;0.290496;0.02672;0.369376
1327;0.285248;0.026624;0.439456
1328;0.29456;0.026624;0.368576
1329;0.295488;0.026624;0.450848
1330;0.295488;0.026688;0.359136
1331;0.29536;0.026624;0.417632
1332;0.295584;0.026624;0.322848
1333;0.296064;0.026624;0.38656
1334;0.291072;0.026624;0.369408
1335;0.286688;0.026624;0.441696
1336;0.305536;0.026624;0.35968
1337;0.29584;0.026624;0.451264
1338;0.27376;0.026624;0.341248
1339;0.29104;0.026624;0.431296
1340;0.29456;0.026624;0.320928
1341;0.295424;0.027648;0.385696
1342;0.285472;0.026624;0.358144
1343;0.277664;0.026624;0.432352
1344;0.295008;0.026624;0.368384
1345;0.361504;0.026624;0.471424
1346;0.294592;0.026624;0.359168
1347;0.287264;0.026624;0.449216
1348;0.286048;0.026624;0.359104
1349;0.286208;0.026624;0.440704
1350;0.285344;0.026624;0.36
1351;0.286944;0.026624;0.422592
1352;0.28608;0.026688;0.320704
1353;0.296512;0.026624;0.375456
1354;0.271008;0.026624;0.313184
1355;0.28624;0.026624;0.377504
1356;0.282976;0.026624;0.359232
1357;0.28624;0.026624;0.441056
1358;0.26896;0.026624;0.312768
1359;0.287264;0.026624;0.44096
1360;0.285792;0.026624;0.369184
1361;0.286432;0.026624;0.41408
1362;0.29456;0.026624;0.32208
1363;0.297152;0.026624;0.391552
1364;0.276128;0.026624;0.314144
1365;0.295456;0.026624;0.374784
1366;0.286048;0.026624;0.368384
1367;0.295136;0.026624;0.404192
1368;0.286048;0.026624;0.368576
1369;0.286272;0.026624;0.451264
1370;0.295264;0.026624;0.37024
1371;0.295424;0.026624;0.440672
1372;0.286368;0.026624;0.340416
1373;0.297184;0.026624;0.403104
1374;0.295328;0.026624;0.322336
1375;0.285184;0.026624;0.384416
1376;0.2912;0.026624;0.368192
1377;0.273344;0.026624;0.386848
1378;0.29056;0.026624;0.368352
1379;0.304256;0.026624;0.440992
1380;0.365728;0.026656;0.38368
1381;0.296448;0.026624;0.3864
1382;0.286944;0.026624;0.3592
1383;0.276992;0.026624;0.394528
1384;0.294592;0.026624;0.358144
1385;0.295456;0.026624;0.440768
1386;0.29456;0.026624;0.359136
1387;0.286944;0.026624;0.423936
1388;0.294528;0.026624;0.322336
1389;0.286816;0.026624;0.394944
1390;0.285952;0.026624;0.312736
1391;0.286976;0.026624;0.375552
1392;0.285376;0.026624;0.358848
1393;0.286208;0.026624;0.432192
1394;0.286368;0.026624;0.359168
1395;0.285216;0.026624;0.44
1396;0.277184;0.026624;0.340576
1397;0.277472;0.026624;0.377056
1398;0.285376;0.026624;0.331552
1399;0.295456;0.026624;0.395008
1400;0.296288;0.026624;0.313408
1401;0.286944;0.026624;0.37648
1402;0.285344;0.026624;0.359136
1403;0.285184;0.026624;0.439872
1404;0.295232;0.026624;0.367648
1405;0.286944;0.02672;0.439648
1406;0.277152;0.026624;0.331232
1407;0.287264;0.026624;0.429728
1408;0.286048;0.026624;0.322304
1409;0.295456;0.026624;0.384704
1410;0.29456;0.026688;0.359168
1411;0.285216;0.026624;0.431296
1412;0.295712;0.026624;0.357664
1413;0.286304;0.027648;0.44256
1414;0.287392;0.026752;0.368352
1415;0.295424;0.026624;0.431424
1416;0.285344;0.026624;0.367008
1417;0.28752;0.026624;0.441568
1418;0.29456;0.026624;0.359136
1419;0.287008;0.026624;0.413344
1420;0.295584;0.026784;0.323328
1421;0.295552;0.026624;0.385696
1422;0.276832;0.026784;0.323296
1423;0.29616;0.02688;0.386208
1424;0.28608;0.026624;0.369408
1425;0.28624;0.026624;0.40416
1426;0.295264;0.026624;0.36784
1427;0.295456;0.026624;0.4416
1428;0.28656;0.026624;0.34976
1429;0.296448;0.026624;0.393888
1430;0.284192;0.026624;0.312576
1431;0.28624;0.026624;0.441024
1432;0.285344;0.026624;0.359168
1433;0.28624;0.026624;0.441024
1434;0.286016;0.026624;0.369408
1435;0.28688;0.026624;0.440544
1436;0.294624;0.026624;0.339456
1437;0.287296;0.026624;0.403648
1438;0.285344;0.026624;0.323136
1439;0.29104;0.026624;0.37632
1440;0.294688;0.026624;0.368928
1441;0.276448;0.026624;0.386784
1442;0.277216;0.026624;0.358944
1443;0.27712;0.026624;0.4408
1444;0.287072;0.026624;0.3776
1445;0.282816;0.027648;0.441536
1446;0.28192;0.026624;0.359168
1447;0.286208;0.026624;0.412352
1448;0.350976;0.026624;0.479648
1449;0.2776;0.026624;0.43152
1450;0.286976;0.026624;0.368352
1451;0.28624;0.026624;0.402848
1452;0.295392;0.026624;0.368352
1453;0.287968;0.026624;0.432832
1454;0.303776;0.026624;0.323008
1455;0.29136;0.026624;0.386176
1456;0.294592;0.026624;0.368864
1457;0.290976;0.026624;0.386208
1458;0.285376;0.026688;0.35968
1459;0.285216;0.026624;0.438944
1460;0.295584;0.026624;0.368672
1461;0.28624;0.026624;0.431744
1462;0.29456;0.026624;0.314624
1463;0.285216;0.026624;0.376512
1464;0.27616;0.026624;0.359136
1465;0.286144;0.026848;0.430848
1466;0.296256;0.026624;0.367136
1467;0.275968;0.026624;0.394976
1468;0.294816;0.026624;0.367104
1469;0.295584;0.026624;0.441504
1470;0.2864;0.026624;0.342752
1471;0.295456;0.02688;0.45072
1472;0.294528;0.026624;0.367008
1473;0.294432;0.026624;0.452288
1474;0.286048;0.026624;0.368064
1475;0.28624;0.026624;0.43232
1476;0.295264;0.026624;0.3312
1477;0.295392;0.026624;0.40496
1478;0.295264;0.026624;0.312736
1479;0.28624;0.026624;0.377536
1480;0.276192;0.026624;0.358816
1481;0.277088;0.026624;0.43024
1482;0.28608;0.026624;0.359168
1483;0.276;0.026624;0.404192
1484;0.295264;0.026624;0.368352
1485;0.295136;0.026624;0.450016
1486;0.387072;0.026624;0.448416
1487;0.29616;0.026624;0.44048
1488;0.286656;0.026624;0.37552
1489;0.291328;0.026624;0.449984
1490;0.294592;0.026624;0.350432
1491;0.294432;0.026688;0.403136
1492;0.29456;0.026624;0.321792
1493;0.276192;0.026624;0.37728
1494;0.277152;0.026624;0.359168
1495;0.274656;0.026624;0.43056
1496;0.27616;0.026624;0.329952
1497;0.287264;0.026624;0.432736
1498;0.286048;0.026624;0.360384
1499;0.296128;0.027648;0.432288
1500;0.295296;0.026624;0.340352
1501;0.29616;0.026624;0.40464
1502;0.295616;0.026624;0.32224
1503;0.295456;0.026624;0.440064
1504;0.29456;0.026624;0.35904
1505;0.294432;0.026624;0.441504
1506;0.294848;0.026624;0.367808
1507;0.28624;0.026624;0.432288
1508;0.28608;0.026624;0.330464
1509;0.276032;0.026624;0.38624
1510;0.29456;0.026624;0.311584
1511;0.286944;0.026624;0.37616
1512;0.277152;0.026624;0.33136
1513;0.295424;0.026624;0.431584
1514;0.285344;0.026624;0.367296
1515;0.29616;0.026784;0.44096
1516;0.304768;0.026624;0.356864
1517;0.295456;0.026624;0.422592
1518;0.285376;0.026624;0.322848
1519;0.37872;0.026624;0.552416
1520;0.29472;0.026624;0.358944
1521;0.292352;0.02672;0.413888
1522;0.296288;0.026624;0.32432
1523;0.29616;0.026624;0.386304
1524;0.28608;0.026624;0.367584
1525;0.286208;0.026624;0.439776
1526;0.295264;0.026624;0.368416
1527;0.28624;0.026624;0.441216
1528;0.276736;0.026688;0.314112
1529;0.286816;0.026624;0.385408
1530;0.29456;0.026624;0.312768
1531;0.295456;0.026624;0.432544
1532;0.276352;0.026624;0.360192
1533;0.2944;0.026624;0.441216
1534;0.295296;0.026624;0.380928
1535;0.295136;0.026624;0.43232
1536;0.29456;0.026624;0.33104
1537;0.295584;0.026624;0.385536
1538;0.286048;0.026624;0.368384
1539;0.30032;0.026624;0.441824
1540;0.294592;0.026624;0.378624
1541;0.27712;0.026624;0.402816
1542;0.287104;0.026624;0.36752
1543;0.28624;0.026624;0.422592
1544;0.296256;0.026624;0.321856
1545;0.286944;0.026624;0.376192
1546;0.282976;0.026624;0.360512
1547;0.295456;0.026624;0.430752
1548;0.286048;0.026624;0.368352
1549;0.28624;0.026624;0.441024
1550;0.286304;0.026624;0.359168
1551;0.305728;0.026624;0.413344
1552;0.303776;0.026624;0.312768
1553;0.295936;0.026624;0.38448
1554;0.285408;0.026624;0.368544
1555;0.294432;0.026624;0.440992
1556;0.299968;0.026624;0.369216
1557;0.343744;0.02672;0.453152
1558;0.29456;0.026624;0.325568
1559;0.295488;0.026624;0.44048
1560;0.276128;0.026624;0.32992
1561;0.277056;0.026624;0.442048
1562;0.286048;0.026624;0.367584
1563;0.295424;0.026624;0.432448
1564;0.294528;0.026624;0.312832
1565;0.28624;0.026624;0.377024
1566;0.285344;0.026624;0.358432
1567;0.286208;0.026624;0.430784
1568;0.285344;0.026752;0.359776
1569;0.295456;0.026624;0.440928
1570;0.2864;0.026624;0.329184
1571;0.28624;0.026624;0.421856
1572;0.2864;0.027648;0.341216
1573;0.296288;0.026624;0.394432
1574;0.295584;0.026624;0.368544
1575;0.296448;0.026624;0.449216
1576;0.290464;0.026624;0.36816
1577;0.286944;0.026624;0.413856
1578;0.267936;0.026624;0.32432
1579;0.286848;0.026624;0.397984
1580;0.295264;0.026624;0.31328
1581;0.295424;0.026624;0.37664
1582;0.286048;0.026624;0.36784
1583;0.273632;0.026624;0.441504
1584;0.286048;0.026624;0.366816
1585;0.287264;0.026624;0.422368
1586;0.267648;0.026624;0.321792
1587;0.2944;0.026624;0.404512
1588;0.29648;0.026688;0.313056
1589;0.218336;0.02048;0.2552
1590;0.207648;0.02048;0.225184
1591;0.208;0.02048;0.23376
1592;0.199072;0.021504;0.224544
1593;0.199744;0.02048;0.225088
1594;0.208256;0.02048;0.234272
1595;0.198752;0.02048;0.234432
1596;0.198752;0.02048;0.224352
1597;0.20864;0.02048;0.224832
1598;0.208;0.02048;0.235648
1599;0.208416;0.02048;0.23408
1600;0.19904;0.02048;0.224896
1601;0.208704;0.02048;0.234592
1602;0.218144;0.02048;0.248608
1603;0.208352;0.02048;0.234336
1604;0.207808;0.02048;0.224032
1605;0.206912;0.02048;0.25232
1606;0.195776;0.020576;0.225088
1607;0.199104;0.02048;0.225792
1608;0.207232;0.021504;0.224064
1609;0.208896;0.02048;0.243808
1610;0.217792;0.02048;0.234048
1611;0.208512;0.02048;0.235616
1612;0.208896;0.02048;0.243648
1613;0.207232;0.02048;0.233248
1614;0.208288;0.02048;0.225088
1615;0.200064;0.02048;0.22528
1616;0.208608;0.02048;0.234272
1617;0.20896;0.02048;0.234656
1618;0.208;0.02048;0.225184
1619;0.208864;0.02048;0.215968
1620;0.217504;0.02048;0.234624
1621;0.208256;0.02048;0.23328
1622;0.207392;0.02048;0.224096
1623;0.217504;0.021504;0.224576
1624;0.208;0.02048;0.24384
1625;0.197632;0.020576;0.225184
1626;0.198752;0.02048;0.23392
1627;0.208672;0.02048;0.225088
1628;0.207616;0.02048;0.234304
1629;0.207392;0.02048;0.243264
1630;0.20928;0.02048;0.224832
1631;0.208992;0.02048;0.22384
1632;0.20912;0.02048;0.243808
1633;0.207232;0.02048;0.242272
1634;0.19904;0.02048;0.22512
1635;0.259008;0.02048;0.267584
1636;0.209408;0.020608;0.225056
1637;0.20752;0.02048;0.242784
1638;0.21648;0.021504;0.223552
1639;0.203904;0.02048;0.226112
1640;0.198336;0.021504;0.224864
1641;0.217888;0.02048;0.234304
1642;0.217184;0.02048;0.243808
1643;0.207232;0.02048;0.225056
1644;0.198752;0.02048;0.233152
1645;0.208672;0.02048;0.243712
1646;0.207936;0.021504;0.224544
1647;0.207232;0.02048;0.22512
1648;0.208288;0.020736;0.243808
1649;0.20896;0.02048;0.243808
1650;0.207968;0.02048;0.225088
1651;0.208;0.02048;0.225056
1652;0.19936;0.02048;0.234752
1653;0.207264;0.02048;0.243584
1654;0.207584;0.02048;0.225088
1655;0.20928;0.02048;0.23472
1656;0.20832;0.021504;0.233824
1657;0.218496;0.02048;0.234752
1658;0.199456;0.02048;0.224544
1659;0.207264;0.021504;0.23328
1660;0.207488;0.02048;0.225056
1661;0.20352;0.02048;0.234304
1662;0.207584;0.02048;0.224928
1663;0.206976;0.02048;0.243776
1664;0.208672;0.023552;0.234848
1665;0.207936;0.020736;0.225056
1666;0.207264;0.021504;0.234304
1667;0.226656;0.02048;0.243104
1668;0.208352;0.02048;0.243392
1669;0.207872;0.02048;0.224576
1670;0.208;0.02048;0.242272
1671;0.198144;0.02048;0.223744
1672;0.208;0.02048;0.243968
1673;0.199008;0.02048;0.225632
1674;0.207872;0.02048;0.223104
1675;0.208032;0.02048;0.24176
1676;0.206912;0.021504;0.225152
1677;0.206912;0.02048;0.225088
1678;0.207936;0.021504;0.242368
1679;0.207328;0.02048;0.243072
1680;0.208256;0.02048;0.225664
1681;0.20832;0.02048;0.234816
1682;0.208352;0.02048;0.223488
1683;0.203808;0.02048;0.233792
1684;0.20704;0.02048;0.224864
1685;0.207936;0.021504;0.23376
1686;0.254528;0.02048;0.253664
1687;0.198784;0.02048;0.234272
1688;0.208544;0.02048;0.24176
1689;0.208256;0.021504;0.234624
1690;0.199072;0.020544;0.22416
1691;0.207936;0.02048;0.225088
1692;0.208288;0.02048;0.243776
1693;0.198688;0.02048;0.224864
1694;0.199648;0.02048;0.225056
1695;0.20864;0.02048;0.243808
1696;0.207264;0.02048;0.23328
1697;0.207936;0.02048;0.224352
1698;0.208224;0.02048;0.225056
1699;0.207616;0.02048;0.242944
1700;0.197696;0.02048;0.224832
1701;0.207104;0.02048;0.22512
1702;0.198656;0.021504;0.243168
1703;0.208992;0.02048;0.224896
1704;0.207168;0.02048;0.243296
1705;0.199616;0.021504;0.224032
1706;0.208064;0.021504;0.23376
1707;0.207072;0.02048;0.233248
1708;0.198272;0.02048;0.224544
1709;0.208256;0.02048;0.224544
1710;0.207808;0.021504;0.232736
1711;0.20896;0.02048;0.224032
1712;0.207936;0.02048;0.224032
1713;0.208832;0.02048;0.225088
1714;0.207264;0.02048;0.242464
1715;0.207264;0.02048;0.224064
1716;0.20784;0.02048;0.22416
1717;0.208608;0.02048;0.232
1718;0.216064;0.02048;0.241952
1719;0.20784;0.020544;0.24272
1720;0.207424;0.02048;0.23552
1721;0.19888;0.02048;0.224064
1722;0.208224;0.02048;0.224576
1723;0.208448;0.02048;0.242784
1724;0.208064;0.021504;0.224576
1725;0.20896;0.02048;0.224544
1726;0.207072;0.02048;0.242784
1727;0.208384;0.02048;0.242752
1728;0.206784;0.02048;0.224384
1729;0.208128;0.02048;0.233248
1730;0.216064;0.02048;0.235136
1731;0.207968;0.02048;0.224064
1732;0.207776;0.02048;0.216064
1733;0.317856;0.02064;0.278016
1734;0.207328;0.02048;0.241408
1735;0.207232;0.02048;0.22384
1736;0.216384;0.021504;0.242272
1737;0.207808;0.02048;0.224832
1738;0.207072;0.02048;0.215904
1739;0.206816;0.021504;0.243616
1740;0.198912;0.02048;0.224896
1741;0.208192;0.020704;0.24256
1742;0.20784;0.02048;0.225728
1743;0.208192;0.020704;0.233824
1744;0.207872;0.02048;0.242784
1745;0.207104;0.020512;0.243296
1746;0.207776;0.021504;0.224736
1747;0.207328;0.02048;0.233248
1748;0.208768;0.020576;0.23408
1749;0.199104;0.02048;0.224352
1750;0.20832;0.02048;0.23376
1751;0.208064;0.02048;0.233984
1752;0.207168;0.02048;0.224064
1753;0.208352;0.02048;0.22384
1754;0.206752;0.020768;0.233792
1755;0.218368;0.02048;0.242592
1756;0.207904;0.02048;0.224064
1757;0.207808;0.02048;0.224032
1758;0.208768;0.02048;0.24176
1759;0.207008;0.02064;0.224
1760;0.207168;0.02064;0.215488
1761;0.207328;0.02048;0.233632
1762;0.206752;0.02048;0.234144
1763;0.206816;0.02048;0.24192
1764;0.2088;0.02048;0.224064
1765;0.216352;0.02048;0.24176
1766;0.228288;0.02048;0.24176
1767;0.208128;0.02048;0.242464
1768;0.20768;0.021504;0.224672
1769;0.20832;0.02048;0.233792
1770;0.208192;0.02048;0.22352
1771;0.198592;0.02048;0.226592
1772;0.206912;0.021504;0.224064
1773;0.208768;0.021504;0.23376
1774;0.20816;0.02048;0.2336
1775;0.2072;0.02048;0.224576
1776;0.207072;0.02048;0.215936
1777;0.208768;0.02048;0.234592
1778;0.217312;0.021504;0.234368
1779;0.207936;0.02048;0.215712
1780;0.207104;0.02048;0.234304
1781;0.197984;0.02048;0.224608
1782;0.208096;0.02048;0.233248
1783;0.199808;0.02048;0.232448
1784;0.207296;0.02048;0.223552
1785;0.207872;0.02048;0.224512
1786;0.207168;0.021504;0.252192
1787;0.20784;0.02048;0.22304
1788;0.21312;0.02048;0.252576
1789;0.208288;0.02048;0.223808
1790;0.208704;0.02048;0.224032
1791;0.207104;0.02048;0.242784
1792;0.207776;0.02048;0.224736
1793;0.198848;0.02048;0.224544
1794;0.208224;0.020608;0.23328
1795;0.217408;0.020576;0.233248
1796;0.217344;0.02048;0.234592
1797;0.207712;0.02048;0.224064
1798;0.207136;0.02048;0.242976
1799;0.208288;0.02048;0.2448
1800;0.207776;0.02048;0.224064
1801;0.207776;0.02048;0.233312
1802;0.19888;0.02048;0.223008
1803;0.209184;0.02048;0.242272
1804;0.208;0.02048;0.21536
1805;0.216032;0.02048;0.24176
1806;0.207456;0.02048;0.242624
1807;0.206912;0.02048;0.224896
1808;0.20688;0.02048;0.224576
1809;0.208096;0.02048;0.241856
1810;0.20816;0.02048;0.233248
1811;0.20896;0.020512;0.233376
1812;0.199168;0.02048;0.224064
1813;0.208864;0.02048;0.233248
1814;0.207936;0.02048;0.224064
1815;0.20816;0.020608;0.224032
1816;0.206752;0.02048;0.224032
1817;0.207456;0.02048;0.243296
1818;0.20768;0.02048;0.224128
1819;0.207936;0.02048;0.243008
1820;0.199296;0.020736;0.23376
1821;0.207232;0.02048;0.23328
1822;0.208064;0.02048;0.242592
1823;0.206816;0.02048;0.224064
1824;0.206848;0.02048;0.223008
1825;0.206752;0.02048;0.243616
1826;0.208512;0.02048;0.224
1827;0.208352;0.021504;0.225088
1828;0.203776;0.02048;0.224032
1829;0.207264;0.02048;0.233792
1830;0.208128;0.02048;0.25312
1831;0.208512;0.02048;0.224064
1832;0.207136;0.021504;0.23376
1833;0.259392;0.02048;0.25504
1834;0.198624;0.02048;0.24224
1835;0.20816;0.02048;0.233312
1836;0.207136;0.02048;0.223808
1837;0.198592;0.02048;0.224864
1838;0.207168;0.02048;0.233248
1839;0.208128;0.02048;0.242784
1840;0.208256;0.020608;0.243104
1841;0.207872;0.02048;0.225056
1842;0.207072;0.02048;0.242464
1843;0.207104;0.02048;0.224576
1844;0.199296;0.02048;0.224864
1845;0.207104;0.02048;0.234208
1846;0.198528;0.021504;0.223584
1847;0.199296;0.021504;0.224672
1848;0.209632;0.02048;0.243872
1849;0.207808;0.02048;0.224064
1850;0.20784;0.02048;0.242784
1851;0.208192;0.02048;0.242784
1852;0.216608;0.02048;0.22416
1853;0.195136;0.02048;0.224032
1854;0.207136;0.02048;0.242912
1855;0.198912;0.02048;0.232416
1856;0.20784;0.02048;0.224064
1857;0.198624;0.02048;0.23328
1858;0.20816;0.02048;0.24464
1859;0.2072;0.021504;0.226624
1860;0.20688;0.02048;0.224096
1861;0.213248;0.02048;0.243808
1862;0.208352;0.02048;0.233792
1863;0.198592;0.021504;0.224544
1864;0.217344;0.020512;0.224512
1865;0.208192;0.02048;0.242592
1866;0.208992;0.02048;0.23328
1867;0.208416;0.020704;0.224064
1868;0.217056;0.021504;0.223008
1869;0.216992;0.02048;0.233728
1870;0.207808;0.02048;0.224032
1871;0.208992;0.02048;0.224704
1872;0.208864;0.020576;0.22384
1873;0.216;0.02048;0.23376
1874;0.208128;0.02048;0.24144
1875;0.208864;0.02048;0.223936
1876;0.208288;0.020704;0.242496
1877;0.208096;0.02048;0.243616
1878;0.20784;0.02048;0.242816
1879;0.198688;0.02048;0.243296
1880;0.217312;0.02048;0.234624
1881;0.198624;0.02048;0.223808
1882;0.208416;0.02064;0.223936
1883;0.217056;0.02048;0.241728
1884;0.208128;0.021504;0.242848
1885;0.20784;0.02048;0.223808
1886;0.208096;0.02048;0.333696
1887;0.217472;0.02048;0.234272
1888;0.207488;0.020544;0.224864
1889;0.208544;0.02048;0.242848
1890;0.21792;0.020512;0.243072
1891;0.20896;0.02048;0.242976
1892;0.20816;0.02048;0.224288
1893;0.207616;0.02048;0.24272
1894;0.207104;0.02048;0.234336
1895;0.207232;0.02048;0.22384
1896;0.198912;0.021504;0.24336
1897;0.2088;0.02048;0.242752
1898;0.198624;0.02048;0.224064
1899;0.206976;0.02048;0.224032
1900;0.206784;0.02048;0.233888
1901;0.207104;0.02048;0.233856
1902;0.199232;0.02048;0.223552
1903;0.208896;0.02048;0.223712
1904;0.207136;0.02048;0.234208
1905;0.208704;0.02048;0.243296
1906;0.198624;0.020736;0.224576
1907;0.207872;0.02048;0.224064
1908;0.207712;0.020608;0.23328
1909;0.208832;0.02048;0.233344
1910;0.207008;0.02048;0.22304
1911;0.20688;0.02048;0.223936
1912;0.207808;0.02048;0.23328
1913;0.207104;0.02048;0.233248
1914;0.207808;0.02048;0.224
1915;0.208128;0.02048;0.224032
1916;0.207808;0.020704;0.23488
1917;0.208288;0.02048;0.224864
1918;0.207904;0.02048;0.2336
1919;0.207104;0.02048;0.234272
1920;0.208704;0.02048;0.233056
1921;0.2072;0.02048;0.225696
1922;0.208288;0.02048;0.224032
1923;0.217024;0.02048;0.232768
1924;0.209184;0.02048;0.243264
1925;0.207904;0.020608;0.224544
1926;0.207264;0.021504;0.223552
1927;0.213952;0.02048;0.23408
1928;0.199808;0.02048;0.224032
1929;0.197696;0.02048;0.224864
1930;0.208096;0.02048;0.252032
1931;0.207776;0.02048;0.224064
1932;0.20784;0.02048;0.224032
1933;0.206912;0.02048;0.232352
1934;0.208544;0.021504;0.26416
1935;0.19856;0.02048;0.233792
1936;0.208704;0.02048;0.223968
1937;0.216224;0.02048;0.243264
1938;0.21904;0.02048;0.242752
1939;0.207168;0.02048;0.22464
1940;0.20816;0.02048;0.243136
1941;0.207104;0.02048;0.23376
1942;0.20784;0.020512;0.224064
1943;0.203744;0.021504;0.224576
1944;0.208288;0.02048;0.23376
1945;0.2072;0.020512;0.233248
1946;0.206784;0.02048;0.224064
1947;0.207104;0.02048;0.233792
1948;0.206752;0.02048;0.216256
1949;0.217344;0.02048;0.25168
1950;0.207968;0.02048;0.223904
1951;0.19856;0.021504;0.242432
1952;0.208416;0.02048;0.233248
1953;0.208384;0.02048;0.242752
1954;0.199552;0.02048;0.225056
1955;0.19904;0.02048;0.24384
1956;0.208128;0.02048;0.2344
1957;0.207136;0.02048;0.224128
1958;0.20848;0.02048;0.231744
1959;0.208768;0.02048;0.224832
1960;0.206816;0.02048;0.233248
1961;0.207168;0.02048;0.233792
1962;0.20848;0.021504;0.224064
1963;0.198592;0.021504;0.233792
1964;0.211872;0.020576;0.242496
1965;0.207936;0.02048;0.233312
1966;0.203008;0.02048;0.22336
1967;0.208864;0.02048;0.233792
1968;0.207296;0.020768;0.241728
1969;0.2072;0.021504;0.224576
1970;0.20816;0.02048;0.224032
1971;0.211904;0.02048;0.24448
1972;0.199616;0.02048;0.224544
1973;0.19856;0.02048;0.224832
1974;0.208672;0.02048;0.243008
1975;0.208128;0.02048;0.224576
1976;0.19856;0.02048;0.223808
1977;0.208384;0.020576;0.22464
1978;0.208224;0.02048;0.242816
1979;0.19968;0.02048;0.224032
1980;0.199328;0.022528;0.242848
1981;0.197888;0.02048;0.224736
1982;0.20912;0.02048;0.242464
1983;0.225216;0.02048;0.22384
1984;0.19888;0.02048;0.22496
1985;0.208064;0.02048;0.233088
1986;0.207936;0.02048;0.233248
1987;0.19888;0.020736;0.224544
1988;0.206816;0.02048;0.223936
1989;0.207264;0.02048;0.24432
1990;0.207776;0.02048;0.224064
1991;0.208192;0.02048;0.224064
1992;0.207104;0.02048;0.243584
1993;0.208704;0.02048;0.243392
1994;0.196256;0.02048;0.224064
1995;0.208224;0.02048;0.233248
1996;0.198624;0.02048;0.22576
1997;0.197568;0.02048;0.2336
1998;0.199232;0.02048;0.224064
1999;0.206784;0.02048;0.24432
2000;0.209184;0.02048;0.23328
2001;0.207168;0.021504;0.224032
2002;0.19968;0.023552;0.224672
2003;0.208352;0.021504;0.23376
2004;0.207168;0.02048;0.216032
2005;0.216288;0.02048;0.224032
2006;0.200576;0.02048;0.224064
2007;0.207136;0.02048;0.23408
2008;0.217024;0.02048;0.243328
2009;0.208544;0.02048;0.224576
2010;0.19888;0.02048;0.225056
2011;0.217344;0.02048;0.242816
2012;0.20704;0.02048;0.23392
2013;0.198656;0.02048;0.224032
2014;0.199968;0.02048;0.23328
2015;0.216992;0.02048;0.234304
2016;0.207424;0.02048;0.242272
2017;0.206752;0.02048;0.224512
2018;0.19888;0.02048;0.24432
2019;0.19568;0.02048;0.224576
2020;0.208288;0.02048;0.22416
2021;0.207808;0.02048;0.243456
2022;0.208352;0.02048;0.233792
2023;0.258976;0.02048;0.264512
2024;0.21184;0.023552;0.242368
2025;0.208288;0.02048;0.224384
2026;0.207104;0.020576;0.215744
2027;0.206752;0.02048;0.242816
2028;0.208832;0.02048;0.234368
2029;0.207328;0.02048;0.23376
2030;0.199136;0.02048;0.224544
2031;0.208064;0.02048;0.23408
2032;0.198912;0.02048;0.224064
2033;0.217376;0.02048;0.242432
2034;0.204064;0.02048;0.225696
2035;0.217344;0.02048;0.233824
2036;0.20816;0.02048;0.224032
2037;0.208192;0.02048;0.233216
2038;0.198592;0.02048;0.224032
2039;0.20816;0.02048;0.233792
2040;0.207168;0.02048;0.224032
2041;0.206784;0.021504;0.234176
2042;0.207744;0.021504;0.243296
2043;0.78224;0.06144;1.72624
2044;0.76528;0.06144;1.80208
2045;0.772032;0.06144;1.07386
2046;0.763136;0.06144;1.09187
2047;0.75392;0.06144;1.09312
2048;0.744704;0.06144;1.07437
2049;0.735392;0.06144;1.11094
2050;0.755296;0.06144;1.1305
2051;0.771168;0.06144;1.084
2052;0.7536;0.06144;1.09139
2053;0.763488;0.06144;1.14899
2054;0.763456;0.06144;1.10947
2055;0.773216;0.06144;1.09254
2056;0.727744;0.06144;1.10211
2057;0.763072;0.06144;1.10214
2058;0.744416;0.06144;1.08922
2059;0.734336;0.06144;1.09235
2060;0.771488;0.06144;1.15296
2061;0.772;0.06144;1.09046
2062;0.75344;0.06144;1.09082
2063;0.771424;0.06144;1.10003
2064;0.76208;0.06144;1.08266
2065;0.743648;0.06144;1.09264
2066;0.725312;0.06144;1.11056
2067;0.773056;0.06144;1.16608
2068;0.744128;0.06144;1.09021
2069;0.764512;0.06144;1.17619
2070;0.743328;0.06144;1.09872
2071;0.762816;0.06144;1.09245
2072;0.754304;0.06144;1.10026
2073;0.762464;0.06144;1.10122
2074;0.752704;0.06144;1.08298
2075;0.737632;0.06144;1.10077
2076;0.772224;0.06144;1.1736
2077;0.736896;0.06144;1.10102
2078;0.75392;0.06144;1.11734
2079;0.765344;0.06144;1.1023
2080;0.744416;0.06144;1.09104
2081;0.7552;0.06144;1.10006
2082;0.744096;0.060416;1.10864
2083;0.744352;0.06144;1.10214
2084;0.925632;0.06144;1.10096
2085;0.754048;0.06144;1.10922
2086;0.753344;0.06144;1.10182
2087;0.725216;0.06144;1.09136
2088;0.762368;0.06144;1.17715
2089;0.764416;0.06144;1.12925
2090;0.772352;0.06144;1.0919
2091;0.77232;0.06144;1.1103
2092;0.762976;0.06144;1.10166
2093;0.75312;0.06144;1.09056
2094;0.708832;0.06144;1.09808
2095;0.73488;0.060416;1.11696
2096;0.771712;0.06144;1.14662
2097;0.756128;0.06144;1.13024
2098;0.775104;0.06144;1.10067
2099;0.771648;0.06144;1.10253
2100;0.76256;0.06144;1.09107
2101;0.706496;0.06144;1.11286
2102;0.734176;0.0616;1.11946
2103;0.772384;0.06144;1.10163
2104;0.764864;0.06144;1.1185
2105;0.736352;0.06144;1.11037
2106;0.7536;0.06144;1.09174
2107;0.734912;0.06144;1.11053
2108;0.73584;0.06144;1.12794
2109;0.763744;0.06144;1.11869
2110;0.753248;0.06144;1.1111
2111;0.772128;0.06144;1.11187
2112;0.771808;0.06144;1.09136
2113;0.744768;0.06144;1.11082
2114;0.735968;0.06144;1.11085
2115;0.74496;0.06144;1.10998
2116;0.753088;0.06144;1.12102
2117;1.07091;0.06144;1.23568
2118;0.76224;0.06144;1.18477
2119;0.755712;0.06144;1.14765
2120;0.763424;0.06144;1.12003
2121;0.772704;0.06144;1.10038
2122;0.7536;0.06144;1.11187
2123;0.745056;0.06144;1.10262
2124;0.771328;0.06144;1.14765
2125;0.753984;0.06144;1.11946
2126;0.771104;0.06144;1.11181
2127;0.763168;0.06144;1.0929
2128;0.744384;0.060416;1.11133
2129;0.745056;0.06144;1.1103
2130;0.763072;0.06144;1.14765
2131;0.754624;0.06144;1.12944
2132;0.736256;0.06144;1.22218
2133;0.746272;0.06144;1.10077
2134;0.75568;0.06144;1.16525
2135;0.757632;0.06144;1.14093
2136;0.772;0.06144;1.10896
2137;0.754944;0.06144;1.09242
2138;0.763584;0.06144;1.10246
2139;0.736192;0.06144;1.09411
2140;0.736608;0.06144;1.09821
2141;0.753984;0.06144;1.1681
2142;0.763936;0.06144;1.12944
2143;0.781952;0.060416;1.09094
2144;0.761888;0.06144;1.10874
2145;0.764352;0.06144;1.10323
2146;0.72624;0.06144;1.09238
2147;0.735584;0.06144;1.10896
2148;0.772256;0.06144;1.10832
2149;0.77104;0.06144;1.09443
2150;0.763168;0.06144;1.11002
2151;0.762848;0.060416;1.192
2152;0.771296;0.06144;1.13843
2153;0.717056;0.06144;1.11034
2154;0.771456;0.06144;1.11798
2155;0.762816;0.06144;1.09162
2156;0.74368;0.06144;1.10272
2157;0.780416;0.06144;1.18528
2158;0.772416;0.06144;1.11917
2159;0.754464;0.06144;1.12205
2160;0.737216;0.06144;1.12128
2161;0.763904;0.06144;1.0935
2162;0.736608;0.06144;1.11245
2163;0.763744;0.06144;1.11069
2164;0.728;0.06144;1.09238
2165;0.744544;0.06144;1.1103
2166;0.745088;0.06144;1.11082
2167;0.762528;0.06144;1.15789
2168;0.75296;0.06144;1.13811
2169;0.77328;0.06144;1.10906
2170;0.772032;0.060416;1.09053
2171;0.76336;0.06144;1.10992
2172;0.762688;0.06144;1.10355
2173;0.745344;0.06144;1.09229
2174;0.734816;0.06144;1.12909
2175;0.76448;0.06144;1.12093
2176;0.781216;0.06144;1.0993
2177;0.76256;0.06144;1.09293
2178;0.765952;0.06144;1.13952
2179;0.77168;0.06144;1.10096
2180;0.764384;0.06144;1.09187
2181;0.725632;0.06144;1.11174
2182;0.752992;0.06144;1.11034
2183;0.773152;0.06144;1.15674
2184;0.7536;0.06144;1.15789
2185;0.780832;0.060416;1.12115
2186;0.764096;0.06144;1.09162
2187;0.7544;0.06144;1.12003
2188;0.763744;0.06144;1.10877
2189;0.773408;0.06144;1.15699
2190;0.753472;0.06144;1.13782
2191;0.770976;0.06144;1.10208
2192;0.999584;0.06144;1.09242
2193;0.756896;0.06144;1.11958
2194;0.772448;0.06144;1.10109
2195;0.736192;0.06144;1.09178
2196;0.745056;0.06144;1.11994
2197;0.773056;0.060416;1.17434
2198;0.763136;0.06144;1.11184
2199;0.772128;0.06144;1.11187
2200;0.773952;0.06144;1.11021
2201;0.7544;0.06144;1.09386
2202;0.743072;0.06144;1.17549
2203;0.772992;0.060416;1.13843
2204;0.763008;0.06144;1.10122
2205;0.762816;0.060416;1.11072
2206;0.772352;0.06144;1.1105
2207;0.745152;0.06144;1.0929
2208;0.76256;0.06144;1.17485
2209;0.726048;0.06144;1.11235
2210;0.77392;0.06144;1.09338
2211;0.764128;0.06144;1.11242
2212;0.763872;0.06144;1.12883
2213;0.77424;0.06144;1.10045
2214;0.764896;0.060416;1.11152
2215;0.753408;0.06144;1.1015
2216;0.744448;0.06144;1.17446
2217;0.761696;0.06144;1.13859
2218;0.773312;0.06144;1.11021
2219;0.771936;0.06144;1.09338
2220;0.754304;0.06144;1.12106
2221;0.725696;0.06144;1.1105
2222;0.773088;0.06144;1.15594
2223;0.725216;0.06144;1.11082
2224;0.773056;0.06144;1.11066
2225;0.773056;0.06144;1.1015
2226;0.743328;0.06144;1.11184
2227;0.772;0.060416;1.1287
2228;0.771744;0.06144;1.09242
2229;0.754816;0.06144;1.11235
2230;0.72816;0.06144;1.11187
2231;0.762944;0.06144;1.17395
2232;0.754368;0.06144;1.12842
2233;0.765472;0.06144;1.11846
2234;0.781984;0.06144;1.09261
2235;0.753888;0.06144;1.09894
2236;0.744096;0.06144;1.11136
2237;0.744448;0.06144;1.1831
2238;0.771008;0.060416;1.1287
2239;0.768256;0.06144;1.09187
2240;0.764032;0.06144;1.09091
2241;0.754592;0.06144;1.13782
2242;0.763648;0.06144;1.11123
2243;0.762272;0.06144;1.10182
2244;0.7352;0.06144;1.10928
2245;0.771776;0.06144;1.16659
2246;0.764896;0.06144;1.128
2247;0.755712;0.06144;1.11078
2248;0.757664;0.06144;1.10947
2249;0.752832;0.06144;1.11952
2250;0.754944;0.06144;1.10051
2251;0.763232;0.06144;1.14867
2252;0.762432;0.06144;1.11251
2253;0.754816;0.06144;1.10147
2254;0.753728;0.06144;1.09926
2255;0.754944;0.06144;1.11075
2256;0.935168;0.06144;1.29603
2257;0.782624;0.06144;1.09034
2258;0.736416;0.06144;1.09158
2259;0.754912;0.06144;1.09405
2260;0.743328;0.06144;1.10938
2261;0.76384;0.06144;1.184
2262;0.759008;0.06144;1.11946
2263;0.781664;0.06144;1.10016
2264;0.776192;0.06144;1.09251
2265;0.735168;0.06144;1.10211
2266;0.734784;0.06144;1.10112
2267;0.734464;0.060416;1.10006
2268;0.754944;0.06144;1.16474
2269;0.781344;0.060416;1.11843
2270;0.781984;0.06144;1.11021
2271;0.763488;0.060416;1.12944
2272;0.763136;0.06144;1.11078
2273;0.763392;0.06144;1.10262
2274;0.754624;0.06144;1.10349
2275;0.745184;0.06144;1.11082
2276;0.751008;0.06144;1.10304
2277;0.771808;0.06144;1.13933
2278;0.762784;0.06144;1.11114
2279;0.716064;0.06144;1.10134
2280;0.755968;0.06144;1.11091
2281;0.75392;0.06144;1.11206
2282;0.755584;0.06144;1.10163
2283;0.790976;0.06144;1.16605
2284;0.77248;0.06144;1.11203
2285;0.764256;0.06144;1.1009
2286;0.755328;0.06144;1.15789
2287;0.75456;0.06144;1.12941
2288;0.771552;0.06144;1.10227
2289;0.774464;0.06144;1.10109
2290;0.75808;0.06144;1.09078
2291;0.734464;0.06144;1.09286
2292;0.753696;0.06144;1.16682
2293;0.75568;0.06144;1.13923
2294;0.76208;0.06144;1.1113
2295;0.772896;0.06144;1.10262
2296;0.765888;0.06144;1.09206
2297;0.762368;0.06144;1.09155
2298;0.73552;0.06144;1.09958
2299;0.755648;0.06144;1.16666
2300;0.724928;0.06144;1.11258
2301;0.77248;0.06144;1.11053
2302;0.771392;0.06144;1.1383
2303;0.76416;0.06144;1.11853
2304;0.76416;0.06144;1.09549
2305;0.752928;0.06144;1.10067
2306;0.753312;0.06144;1.1193
2307;0.727264;0.06144;1.10928
2308;0.771808;0.06144;1.17498
2309;0.767936;0.06144;1.11075
2310;0.763296;0.06144;1.0985
2311;0.76368;0.06144;1.10419
2312;0.75408;0.06144;1.11254
2313;0.754336;0.06144;1.11085
2314;0.754304;0.06144;1.12822
2315;0.768256;0.06144;1.12992
2316;0.971296;0.06144;1.21011
2317;0.744416;0.06144;1.10314
2318;0.764832;0.06144;1.15494
2319;0.763488;0.06144;1.11334
2320;0.78192;0.06144;1.10883
2321;0.735872;0.06144;1.08429
2322;0.754368;0.06144;1.1009
2323;0.735488;0.06144;1.10026
2324;0.735168;0.060416;1.1016
2325;0.764224;0.06144;1.17421
2326;0.763264;0.06144;1.1201
2327;0.763648;0.06144;1.09238
2328;0.736416;0.06144;1.09274
2329;0.734464;0.06144;1.09056
2330;0.744512;0.06144;1.16672
2331;1.01152;0.06144;1.24714
2332;0.762464;0.06144;1.11078
2333;0.755648;0.06144;1.11011
2334;0.782336;0.06144;1.14794
2335;0.725824;0.06144;1.10144
2336;0.763552;0.061536;1.10173
2337;0.763552;0.06144;1.11072
2338;0.752768;0.06144;1.11898
2339;0.764704;0.06144;1.10166
2340;0.753984;0.06144;1.14659
2341;0.716896;0.06144;1.11088
2342;0.753792;0.06144;1.11955
2343;0.716096;0.06144;1.10928
2344;0.754304;0.06144;1.10074
2345;0.753472;0.06144;1.12854
2346;0.717376;0.06144;1.10288
2347;0.730912;0.06144;1.0999
2348;0.744064;0.06144;1.15472
2349;0.716736;0.06144;1.09219
2350;0.743776;0.06144;1.10979
2351;0.7448;0.06144;1.08314
2352;0.717088;0.06144;1.08131
2353;0.752928;0.06144;1.09037
2354;0.754624;0.06144;1.0929
2355;0.773056;0.06144;1.08973
2356;0.75376;0.060416;1.09178
2357;0.74336;0.06144;1.08288
2358;0.735136;0.06144;1.0919
2359;0.73552;0.06144;1.09344
2360;0.905696;0.06144;1.23008
2361;0.754304;0.06144;1.0832
2362;0.74464;0.06144;1.09158
2363;0.744768;0.06144;1.08541
2364;0.736192;0.06144;1.09251
2365;0.717088;0.06144;1.09062
2366;0.721344;0.06144;1.09107
2367;0.746912;0.06144;1.09136
2368;0.734912;0.06144;1.07395
2369;0.718336;0.06144;1.08266
2370;0.745824;0.06144;1.15594
2371;0.74368;0.06144;1.13818
2372;0.75392;0.06144;1.11824
2373;0.744736;0.06144;1.10077
2374;0.753728;0.06144;1.08298
2375;0.754944;0.06144;1.08378
2376;0.743648;0.06144;1.09146
2377;0.73552;0.06144;1.08336
2378;0.7264;0.06144;1.09187
2379;0.707136;0.06144;1.08154
2380;0.752544;0.06144;1.16698
2381;0.73664;0.06144;1.13482
2382;0.746304;0.06144;1.12
2383;0.717056;0.06144;1.09238
2384;0.745696;0.060416;1.1104
2385;0.745792;0.06144;1.09971
2386;0.716064;0.06144;1.08102
2387;0.746336;0.06144;1.08282
2388;0.754976;0.06144;1.0832
2389;0.93552;0.06144;1.24688
2390;0.754848;0.06144;1.08112
2391;0.73632;0.06144;1.08182
2392;0.735296;0.06144;1.08973
2393;0.727456;0.06144;1.08326
2394;0.726112;0.06144;1.09229
2395;0.7264;0.06144;1.09238
2396;0.736672;0.06144;1.15654
2397;0.744896;0.06144;1.13718
2398;0.7448;0.06144;1.10051
2399;0.74592;0.06144;1.10931
2400;0.755296;0.06144;1.08006
2401;0.745952;0.06144;1.07408
2402;0.754048;0.06144;1.07469
2403;0.717248;0.06144;1.09034
2404;0.951424;0.06144;1.24643
2405;0.951456;0.06144;1.24557
2406;0.745184;0.06144;1.09238
2407;0.735296;0.06144;1.08573
2408;0.736672;0.06144;1.09238
2409;0.72608;0.06144;1.0847
2410;0.73568;0.06144;1.15584
2411;0.755072;0.06144;1.14886
2412;0.745696;0.06144;1.10125
2413;0.744576;0.06144;1.09184
2414;0.755712;0.06144;1.0816
2415;0.754752;0.06144;1.08218
2416;0.708;0.06144;1.08237
2417;0.719968;0.060416;1.09034
2418;0.7544;0.06144;1.08368
2419;0.748992;0.06144;1.08301
2420;0.9432;0.06144;1.25341
2421;0.730528;0.06144;1.09184
2422;0.726112;0.06144;1.08214
2423;0.745888;0.06144;1.15696
2424;0.717376;0.06144;1.09907
2425;0.746432;0.06144;1.12986
2426;0.755456;0.06144;1.09235
2427;0.747904;0.06144;1.09203
2428;0.746432;0.06144;1.0832
2429;0.75376;0.06144;1.09021
2430;0.75408;0.06144;1.08422
2431;0.745952;0.06144;1.0888
2432;0.747072;0.06144;1.09206
2433;0.744576;0.06144;1.09197
2434;0.709952;0.06144;1.08112
2435;0.944416;0.06144;1.32957
2436;0.754976;0.06144;1.14819
2437;0.744832;0.06144;1.12016
2438;0.717184;0.06144;1.08832
2439;0.753728;0.06144;1.09338
2440;0.75408;0.060416;1.08211
2441;0.754784;0.06144;1.08186
2442;0.756096;0.06144;1.09104
2443;0.74656;0.06144;1.08266
2444;0.755104;0.06144;1.08883
2445;0.755104;0.06144;1.09123
2446;0.735648;0.06144;1.08368
2447;0.736448;0.06144;1.09158
2448;0.744832;0.06144;1.09187
2449;0.725824;0.06144;1.08182
2450;0.94144;0.06144;1.25277
2451;0.707648;0.06144;1.08118
2452;0.763296;0.06144;1.11184
2453;0.746688;0.06144;1.09232
2454;0.753856;0.06144;1.08278
2455;0.716864;0.06144;1.08291
2456;0.756096;0.06144;1.08205
2457;0.754112;0.06144;1.08288
2458;0.745888;0.06144;1.08317
2459;0.746016;0.06144;1.0841
2460;0.736352;0.06144;1.09238
2461;0.736352;0.06144;1.09053
2462;0.756096;0.06144;1.11901
2463;0.718528;0.06144;1.08419
2464;0.71888;0.06144;1.09171
2465;0.907456;0.06144;1.24589
2466;0.94272;0.06144;1.30086
2467;0.750016;0.06144;1.11171
2468;0.74496;0.06144;1.10214
2469;0.717888;0.06144;1.08339
2470;0.746912;0.06144;1.08134
2471;0.717248;0.06144;1.08269
2472;0.75392;0.06144;1.0817
2473;0.746528;0.06144;1.0919
2474;0.75408;0.06144;1.0832
2475;0.75344;0.06144;1.08893
2476;0.744768;0.06144;1.08182
2477;0.707936;0.06144;1.08266
2478;0.716896;0.06144;1.0921
2479;0.717888;0.06144;1.09094
2480;0.7536;0.06144;1.08522
2481;0.952896;0.06144;1.25488
2482;0.727584;0.06144;1.08387
2483;0.73584;0.06144;1.08205
2484;0.754112;0.06144;1.14714
2485;0.74704;0.06144;1.13014
2486;0.71696;0.06144;1.09213
2487;0.754368;0.06144;1.10003
2488;0.745888;0.06144;1.08051
2489;0.744832;0.06144;1.08131
2490;0.754496;0.06144;1.08522
2491;0.745536;0.06144;1.08122
2492;0.74688;0.06144;1.09171
2493;0.763072;0.06144;1.08982
2494;0.74656;0.06144;1.08982
2495;0.737024;0.06144;1.09104
2496;0.943552;0.06144;1.25405
