0;0.48176;0.027648;0.48544
1;0.53344;0.026624;0.480832
2;0.357248;0.02048;0.399808
3;0.476096;0.024576;0.816096
4;0.36832;0.02048;0.352512
5;0.826016;0.050176;1.62371
6;0.432256;0.023552;0.415488
7;0.473696;0.026624;0.447776
8;1.04483;0.06144;1.88429
9;0.887232;0.050176;1.61734
10;0.431264;0.022528;0.414752
11;0.07168;0.008192;0.070048
12;0.43152;0.023328;0.427424
13;0.44032;0.024576;0.424768
14;0.513024;0.0256;0.46288
15;0.473696;0.026688;0.447648
16;0.473152;0.026624;0.456416
17;0.43296;0.021504;0.385952
18;0.382816;0.024576;0.427168
19;0.404544;0.02048;0.394464
20;0.89072;0.04992;0.939488
21;0.431776;0.023776;0.415232
22;0.487648;0.026624;0.448416
23;1.22166;0.06144;1.80877
24;0.886144;0.050944;0.87312
25;0.431296;0.022528;0.49632
26;0.071552;0.008192;0.069504
27;0.43184;0.023552;0.40816
28;0.44032;0.024576;0.415328
29;0.522496;0.0256;0.455072
30;0.473696;0.026624;0.447584
31;0.473664;0.026624;0.45584
32;0.310304;0.020768;0.353248
33;0.452512;0.025376;0.435776
34;0.364864;0.02048;0.394464
35;0.892864;0.049152;0.836384
36;0.432032;0.024576;0.41568
37;0.473536;0.026624;0.475456
38;1.08403;0.06144;0.982592
39;0.876064;0.050976;0.876992
40;0.431296;0.023552;0.505344
41;0.071552;0.008192;0.069504
42;0.43216;0.02432;0.417216
43;0.440704;0.024576;0.415904
44;0.485376;0.0256;0.426368
45;0.465056;0.026624;0.447552
46;0.438144;0.026624;0.45584
47;0.378112;0.021504;0.47088
48;0.431104;0.024576;0.48832
49;0.413792;0.02048;0.371424
50;0.785952;0.050176;0.827936
51;0.432256;0.023808;0.415968
52;0.4736;0.026624;0.45728
53;1.04352;0.06144;0.983328
54;0.875008;0.050176;0.840224
55;0.431648;0.023552;0.40496
56;0.071584;0.00896;0.069536
57;0.429824;0.02432;0.40768
58;0.44064;0.024576;0.424512
59;0.452416;0.0256;0.427552
60;0.47376;0.026624;0.448224
61;0.474208;0.026624;0.465536
62;0.377888;0.021504;0.362528
63;0.452832;0.024576;0.436608
64;0.377248;0.02048;0.361728
65;0.883904;0.049152;0.82752
66;0.432096;0.023808;0.406016
67;0.473792;0.026624;0.456832
68;1.0303;0.06144;0.974784
69;0.885952;0.050176;0.829568
70;0.387648;0.023552;0.522208
71;0.071616;0.00896;0.069504
72;0.423072;0.024352;0.407488
73;0.440384;0.024576;0.429344
74;0.452448;0.0256;0.426016
75;0.482656;0.026624;0.448032
76;0.482592;0.026624;0.456192
77;0.378176;0.021504;0.353184
78;0.45248;0.024576;0.436576
79;0.376864;0.02048;0.362176
80;0.8744;0.050176;0.82736
81;0.432032;0.024352;0.406176
82;0.473664;0.026624;0.447648
83;1.04374;0.06144;0.983552
84;0.894912;0.050176;0.8296
85;0.440448;0.023296;0.405024
86;0.071712;0.008192;0.069472
87;0.432;0.024352;0.421504
88;0.44096;0.024576;0.424576
89;0.452128;0.0256;0.426048
90;0.473824;0.026624;0.44752
91;0.474464;0.026624;0.456416
92;0.377984;0.02128;0.353024
93;0.452512;0.024576;0.445248
94;0.377152;0.02048;0.361952
95;0.874368;0.049152;0.836544
96;0.440992;0.02432;0.406784
97;0.473984;0.027424;0.466016
98;1.04381;0.06144;0.982848
99;0.885952;0.050176;0.830272
100;0.430976;0.022528;0.405536
101;0.071552;0.008192;0.069504
102;0.431872;0.023552;0.422048
103;0.440096;0.024576;0.42432
104;0.452448;0.0256;0.426176
105;0.483264;0.026624;0.448736
106;0.473472;0.026624;0.446784
107;0.368736;0.02048;0.353248
108;0.461696;0.024576;0.436
109;0.377152;0.02128;0.371712
110;0.892928;0.050176;0.82704
111;0.441216;0.023712;0.421088
112;0.471168;0.026624;0.457184
113;1.0439;0.06144;0.983552
114;0.877664;0.050176;0.829184
115;0.440512;0.022784;0.418752
116;0.071552;0.008192;0.069504
117;0.432512;0.02432;0.4168
118;0.440384;0.024576;0.424736
119;0.452064;0.0264;0.435232
120;0.471616;0.026624;0.457344
121;0.420544;0.026624;0.457248
122;0.377632;0.02048;0.36256
123;0.45232;0.024576;0.42752
124;0.376768;0.021248;0.361664
125;0.887264;0.049152;0.836256
126;0.432032;0.023808;0.41568
127;0.474144;0.027392;0.4568
128;1.04771;0.06144;0.98272
129;0.877312;0.050176;0.829632
130;0.431328;0.022528;0.414368
131;0.071584;0.008192;0.069472
132;0.431968;0.023552;0.422016
133;0.440288;0.024576;0.415648
134;0.458816;0.0256;0.43648
135;0.482144;0.026624;0.466016
136;0.47344;0.026624;0.447104
137;0.378048;0.021504;0.362624
138;0.44352;0.024576;0.427488
139;0.377152;0.02048;0.362688
140;0.869504;0.049248;0.828128
141;0.431808;0.023712;0.415648
142;0.473696;0.026624;0.44784
143;1.05344;0.06144;0.98304
144;0.877312;0.050176;0.829376
145;0.566848;0.023584;0.44048
146;0.071552;0.008992;0.069504
147;0.422624;0.022528;0.41776
148;0.440352;0.024576;0.42464
149;0.452608;0.0256;0.435744
150;0.479808;0.026624;0.45792
151;0.473568;0.026624;0.456832
152;0.387168;0.021504;0.362432
153;0.452224;0.024576;0.426752
154;0.377376;0.02048;0.361792
155;0.87408;0.049152;0.82768
156;0.431744;0.02368;0.421088
157;0.482816;0.026624;0.456288
158;1.03456;0.06144;0.983232
159;0.87472;0.050176;0.830944
160;0.431232;0.023552;0.41472
161;0.071552;0.008192;0.069472
162;0.431808;0.023552;0.407712
163;0.440704;0.024576;0.424512
164;0.45248;0.0256;0.435552
165;0.482528;0.026624;0.449024
166;0.406784;0.026624;0.456384
167;0.377824;0.021504;0.353376
168;0.461696;0.024576;0.436192
169;0.377152;0.02048;0.362496
170;0.8744;0.050176;0.82784
171;0.432416;0.024352;0.415648
172;0.471168;0.026624;0.448384
173;1.0527;0.06144;0.98256
174;0.88672;0.050176;0.838176
175;0.440512;0.02336;0.420288
176;0.07168;0.008192;0.069504
177;0.431808;0.022528;0.408672
178;0.44096;0.024576;0.429248
179;0.452192;0.0256;0.426496
180;0.473856;0.026624;0.447744
181;0.473696;0.026624;0.456448
182;0.377952;0.021504;0.353184
183;0.452576;0.024576;0.428224
184;0.377216;0.02048;0.353088
185;0.87504;0.049152;0.836672
186;0.441216;0.024352;0.4152
187;0.482752;0.026624;0.471072
188;1.03565;0.06144;0.982688
189;0.886048;0.050176;0.830848
190;0.440736;0.022528;0.40544
191;0.071712;0.008192;0.069504
192;0.431776;0.024352;0.417472
193;0.44144;0.024576;0.415296
194;0.451744;0.0256;0.43536
195;0.482624;0.026624;0.466144
196;0.420928;0.026624;0.562432
197;0.378048;0.021504;0.362464
198;0.45264;0.025376;0.435968
199;0.377184;0.02048;0.362208
200;0.894464;0.049152;0.827456
201;0.432032;0.02368;0.41568
202;0.473344;0.026688;0.457312
203;1.03424;0.062208;0.982368
204;0.885952;0.050176;0.82928
205;0.431328;0.02336;0.41504
206;0.071616;0.008192;0.069472
207;0.423392;0.023552;0.407616
208;0.440384;0.025344;0.424672
209;0.452448;0.0256;0.4352
210;0.473632;0.026624;0.457504
211;0.473792;0.026624;0.461888
212;0.378112;0.020608;0.362176
213;0.45264;0.024576;0.426912
214;0.377216;0.02048;0.361792
215;0.875072;0.049152;0.827328
216;0.43232;0.023648;0.406944
217;0.473696;0.026624;0.447712
218;1.03427;0.06144;0.983424
219;0.874336;0.050176;0.840416
220;0.423072;0.022528;0.522048
221;0.071584;0.008192;0.069504
222;0.431744;0.023552;0.412864
223;0.44064;0.024576;0.424672
224;0.452384;0.0256;0.426816
225;0.473664;0.026624;0.447232
226;0.473536;0.026624;0.446848
227;0.387136;0.020544;0.353376
228;0.452544;0.024576;0.440608
229;0.377216;0.02048;0.3528
230;0.864896;0.049184;0.827776
231;0.432032;0.024576;0.415328
232;0.473312;0.026624;0.448256
233;1.04349;0.06144;0.98336
234;0.87504;0.050176;0.830368
235;0.431168;0.024352;0.405312
236;0.071584;0.008192;0.0696
237;0.432128;0.023552;0.40752
238;0.440224;0.024576;0.425216
239;0.452768;0.0256;0.435328
240;0.473184;0.026624;0.44912
241;0.473536;0.027424;0.460704
242;0.37792;0.02048;0.362624
243;0.45264;0.024576;0.427328
244;0.377184;0.02048;0.36208
245;0.901664;0.049152;0.83696
246;0.43296;0.024352;0.415616
247;0.473792;0.026624;0.45728
248;1.05197;0.06144;0.976096
249;0.876416;0.050176;0.829376
250;0.431584;0.023552;0.405664
251;0.071552;0.008192;0.069504
252;0.43184;0.023552;0.407488
253;0.44032;0.024576;0.430592
254;0.453312;0.0256;0.436544
255;0.48256;0.026624;0.461696
256;0.473184;0.026624;0.456032
257;0.377952;0.021504;0.36224
258;0.452256;0.024576;0.427616
259;0.376832;0.02048;0.36176
260;0.875872;0.04992;0.827776
261;0.431936;0.023712;0.415712
262;0.473568;0.026624;0.447968
263;1.04589;0.06144;0.992672
264;0.877504;0.050176;0.82976
265;0.430944;0.022528;0.414688
266;0.07168;0.008192;0.069504
267;0.422912;0.023552;0.40864
268;0.440736;0.024576;0.425024
269;0.461408;0.026368;0.4352
270;0.576384;0.026624;0.4808
271;0.48288;0.026624;0.460864
272;0.37696;0.021504;0.36288
273;0.452576;0.024576;0.436064
274;0.377216;0.02048;0.361696
275;0.874496;0.049152;0.827264
276;0.432384;0.02432;0.406784
277;0.482944;0.026624;0.457184
278;1.05667;0.06144;0.974656
279;0.79824;0.050176;0.843968
280;0.431328;0.023552;0.405632
281;0.071552;0.008192;0.06944
282;0.389504;0.024352;0.42256
283;0.449952;0.025376;0.415616
284;0.452352;0.0256;0.426656
285;0.4736;0.026624;0.439392
286;0.473472;0.026624;0.447104
287;0.378368;0.02048;0.353984
288;0.452224;0.024576;0.427392
289;0.386432;0.02048;0.3624
290;0.869792;0.049344;0.826976
291;0.432064;0.023552;0.41584
292;0.396;0.026624;0.457152
293;1.04365;0.06144;0.975008
294;0.876768;0.050976;0.829952
295;0.431712;0.022528;0.405472
296;0.071552;0.008192;0.06944
297;0.440704;0.023328;0.431488
298;0.440608;0.024576;0.415296
299;0.461248;0.0256;0.445152
300;0.471552;0.026624;0.457632
301;0.473472;0.026624;0.456768
302;0.377952;0.021504;0.362624
303;0.452224;0.024576;0.426688
304;0.377152;0.02048;0.36208
305;0.875424;0.049152;0.827616
306;0.44128;0.023776;0.41568
307;0.473312;0.027392;0.456256
308;1.04362;0.06144;0.983904
309;0.877344;0.050176;0.82992
310;0.431616;0.023328;0.414144
311;0.071552;0.008192;0.069472
312;0.42368;0.023552;0.40752
313;0.44064;0.024576;0.424544
314;0.452096;0.0256;0.435232
315;0.473632;0.026624;0.448992
316;0.473376;0.026624;0.466016
317;0.37856;0.02048;0.353696
318;0.462016;0.024576;0.445344
319;0.377312;0.02048;0.362528
320;0.874624;0.049152;0.82704
321;0.379104;0.024416;0.514272
322;0.473568;0.026624;0.448064
323;1.044;0.06144;0.983296
324;0.877216;0.050176;0.82896
325;0.431424;0.02336;0.419264
326;0.071552;0.008192;0.069504
327;0.426912;0.02432;0.409344
328;0.440576;0.024576;0.42416
329;0.452064;0.0256;0.427264
330;0.473472;0.026624;0.457216
331;0.473248;0.026624;0.46064
332;0.37808;0.021504;0.362368
333;0.452544;0.024576;0.428192
334;0.377152;0.02048;0.361824
335;0.875072;0.049152;0.826816
336;0.441376;0.02432;0.406528
337;0.47872;0.026624;0.447648
338;1.05312;0.06144;0.982432
339;0.905568;0.050976;0.8392
340;0.43168;0.023552;0.405824
341;0.071552;0.008192;0.069472
342;0.423488;0.023552;0.408032
343;0.441248;0.024576;0.425056
344;0.452672;0.0256;0.426592
345;0.440288;0.114688;0.47168
346;0.473824;0.026624;0.461888
347;0.3784;0.02048;0.363392
348;0.4528;0.024576;0.437024
349;0.377312;0.02048;0.362816
350;0.884544;0.049152;0.828352
351;0.432064;0.02432;0.406752
352;0.473568;0.026624;0.448384
353;1.03117;0.06144;0.984352
354;0.877824;0.050176;0.830176
355;0.431872;0.023296;0.405312
356;0.071808;0.008192;0.069504
357;0.432128;0.023552;0.417152
358;0.440672;0.024576;0.425344
359;0.452704;0.0256;0.42752
360;0.473856;0.026624;0.44912
361;0.473952;0.026624;0.447392
362;0.377696;0.021504;0.362784
363;0.452896;0.024576;0.436736
364;0.377088;0.021248;0.362944
365;0.875584;0.050176;0.828128
366;0.43248;0.023776;0.416
367;0.473632;0.026624;0.457152
368;1.00269;0.06144;0.984192
369;0.874592;0.050176;0.830464
370;0.431584;0.022528;0.415264
371;0.071552;0.008192;0.069472
372;0.431904;0.023552;0.41696
373;0.444032;0.024576;0.425504
374;0.452736;0.0256;0.441088
375;0.473856;0.026624;0.461888
376;0.483584;0.026624;0.456544
377;0.384576;0.021504;0.363776
378;0.461696;0.024576;0.427488
379;0.378208;0.02048;0.36272
380;0.874656;0.049248;0.828608
381;0.441728;0.02432;0.416032
382;0.473952;0.026624;0.448928
383;1.05917;0.06144;0.984128
384;0.877984;0.050176;0.839296
385;0.431552;0.022528;0.41504
386;0.071616;0.008192;0.069472
387;0.432096;0.023552;0.408288
388;0.440896;0.024576;0.425024
389;0.452896;0.0256;0.436
390;0.473664;0.026624;0.45808
391;0.473856;0.026624;0.456544
392;0.378144;0.02048;0.362592
393;0.452992;0.024576;0.427072
394;0.492064;0.02048;0.381216
395;0.88448;0.049376;0.82864
396;0.432352;0.023712;0.415776
397;0.474432;0.026624;0.448448
398;1.0441;0.061472;0.985504
399;0.876864;0.050176;0.830144
400;0.431264;0.022528;0.419328
401;0.071584;0.008192;0.069472
402;0.432096;0.023552;0.408768
403;0.450368;0.024576;0.430464
404;0.453024;0.0256;0.426304
405;0.48288;0.026624;0.45744
406;0.47376;0.026624;0.456416
407;0.377536;0.02048;0.353376
408;0.4528;0.024576;0.43648
409;0.377344;0.02048;0.35296
410;0.885248;0.049152;0.846976
411;0.432032;0.023552;0.40704
412;0.47392;0.026624;0.457632
413;1.05318;0.06144;0.985984
414;0.8848;0.050176;0.832512
415;0.432;0.023296;0.405952
416;0.071552;0.008192;0.069472
417;0.433152;0.02432;0.41728
418;0.440672;0.024576;0.541056
419;0.452672;0.0256;0.427136
420;0.473952;0.026624;0.448448
421;0.473664;0.026624;0.447264
422;0.378816;0.02048;0.362368
423;0.452544;0.024576;0.427456
424;0.375264;0.02048;0.363072
425;0.875616;0.050176;0.829248
426;0.432544;0.024576;0.41648
427;0.483488;0.026624;0.466816
428;1.03718;0.06144;0.98416
429;0.887232;0.050176;0.830336
430;0.431936;0.023552;0.419264
431;0.071584;0.008192;0.069472
432;0.432512;0.023552;0.408512
433;0.44112;0.025376;0.425216
434;0.452704;0.0256;0.436064
435;0.471552;0.026624;0.449376
436;0.474144;0.026624;0.456736
437;0.378016;0.02048;0.353536
438;0.453184;0.024576;0.428288
439;0.386368;0.02048;0.353184
440;0.87584;0.049152;0.829024
441;0.432512;0.023552;0.406752
442;0.483296;0.026624;0.466752
443;1.03078;0.062208;0.984352
444;0.89568;0.050176;0.839872
445;0.43184;0.022528;0.405376
446;0.071616;0.008192;0.069472
447;0.433088;0.023552;0.417088
448;0.44064;0.024576;0.425408
449;0.452384;0.0256;0.426688
450;0.473856;0.026624;0.448032
451;0.47344;0.026624;0.446976
452;0.378112;0.020736;0.362592
453;0.462048;0.024576;0.436192
454;0.377408;0.02048;0.352672
455;0.871776;0.050176;0.829024
456;0.432416;0.023808;0.406752
457;0.473664;0.027424;0.457344
458;1.06301;0.06144;0.984384
459;0.872;0.050176;0.830176
460;0.440416;0.022528;0.415104
461;0.071584;0.008192;0.069536
462;0.423072;0.023552;0.40912
463;0.441056;0.024576;0.424768
464;0.45056;0.0256;0.441632
465;0.47392;0.026624;0.457632
466;0.480928;0.026624;0.46192
467;0.490976;0.021504;0.371904
468;0.452608;0.024576;0.436736
469;0.377376;0.02048;0.361856
470;0.875456;0.050176;0.828352
471;0.441408;0.023552;0.40656
472;0.482816;0.027392;0.448256
473;1.04467;0.06144;0.984
474;0.90448;0.050176;0.839712
475;0.440544;0.02336;0.414912
476;0.071552;0.008192;0.069472
477;0.432288;0.023552;0.408032
478;0.440992;0.024576;0.424832
479;0.450784;0.0256;0.427616
480;0.473984;0.026624;0.448352
481;0.473632;0.026368;0.447456
482;0.378144;0.021504;0.353408
483;0.452832;0.024576;0.427328
484;0.377536;0.02048;0.361888
485;0.8928;0.050176;0.828864
486;0.431904;0.023552;0.415968
487;0.483392;0.026624;0.457632
488;1.06278;0.06144;0.984192
489;0.884448;0.050176;0.832704
490;0.360128;0.023328;0.420832
491;0.071616;0.008192;0.069536
492;0.430688;0.023328;0.418528
493;0.440608;0.024576;0.415584
494;0.452704;0.0256;0.436
495;0.482496;0.026624;0.457696
496;0.473856;0.026624;0.447072
497;0.37792;0.020736;0.362592
498;0.452736;0.024576;0.437152
499;0.377344;0.02048;0.362592
500;0.874464;0.049152;0.838016
501;0.432352;0.023744;0.406208
502;0.47376;0.026624;0.44784
503;1.05075;0.06144;0.974496
504;0.881728;0.050176;0.839392
505;0.430528;0.022528;0.415808
506;0.07152;0.008192;0.069536
507;0.423424;0.022528;0.40784
508;0.44112;0.024576;0.4248
509;0.452672;0.0256;0.425984
510;0.473888;0.026624;0.448896
511;0.474016;0.026624;0.461888
512;0.37808;0.021504;0.353888
513;0.461984;0.024576;0.4368
514;0.386656;0.02048;0.361824
515;0.880416;0.049152;0.827648
516;0.43312;0.023808;0.416032
517;0.483328;0.026624;0.457696
518;1.03542;0.06144;0.985216
519;0.873056;0.050176;0.83056
520;0.43168;0.022528;0.405696
521;0.071616;0.008192;0.069504
522;0.432032;0.022528;0.417056
523;0.44096;0.024576;0.415712
524;0.452864;0.0256;0.426208
525;0.474144;0.026624;0.447552
526;0.473504;0.026624;0.4472
527;0.378112;0.021504;0.362624
528;0.45296;0.024576;0.427264
529;0.37728;0.021248;0.361856
530;0.875648;0.050176;0.837728
531;0.432352;0.023744;0.406816
532;0.474304;0.026624;0.448256
533;1.03338;0.06144;0.985056
534;0.88672;0.050176;0.840416
535;0.431424;0.023552;0.405856
536;0.071584;0.008192;0.069792
537;0.432288;0.024352;0.418112
538;0.438912;0.024576;0.425376
539;0.452576;0.0256;0.427008
540;0.47392;0.026624;0.447968
541;0.473504;0.026624;0.583232
542;0.378208;0.02048;0.353888
543;0.452832;0.024352;0.436736
544;0.37744;0.02048;0.361856
545;0.88384;0.049152;0.828832
546;0.432384;0.023552;0.415872
547;0.4736;0.026624;0.457824
548;1.044;0.06144;0.9848
549;0.877984;0.050176;0.8312
550;0.431616;0.023552;0.405952
551;0.071648;0.008192;0.069472
552;0.432128;0.02352;0.42192
553;0.440704;0.024576;0.416096
554;0.46192;0.0256;0.435808
555;0.483232;0.026624;0.447968
556;0.473504;0.026624;0.447552
557;0.377824;0.02048;0.362656
558;0.452832;0.024576;0.42752
559;0.377344;0.02048;0.361792
560;0.874592;0.049344;0.828512
561;0.432384;0.023552;0.42112
562;0.474592;0.026624;0.457952
563;1.04378;0.06144;0.985024
564;0.875136;0.050176;0.832192
565;0.45616;0.023296;0.41904
566;0.071584;0.008192;0.069472
567;0.43248;0.024352;0.416864
568;0.440992;0.024576;0.416032
569;0.452416;0.0256;0.436576
570;0.4736;0.026624;0.457376
571;0.473824;0.026624;0.447776
572;0.387328;0.02048;0.362528
573;0.462048;0.024576;0.437088
574;0.377504;0.02048;0.362208
575;0.884928;0.050976;0.837792
576;0.43232;0.025344;0.421536
577;0.473856;0.026624;0.448384
578;1.04797;0.06144;0.983552
579;0.87728;0.04992;0.839488
580;0.432128;0.022528;0.414976
581;0.071584;0.008192;0.069504
582;0.432096;0.023552;0.40848
583;0.440576;0.024576;0.424832
584;0.453376;0.0256;0.440608
585;0.483168;0.026624;0.44864
586;0.473504;0.026624;0.456704
587;0.378208;0.020608;0.353472
588;0.45248;0.024576;0.427936
589;0.377376;0.02048;0.372192
590;0.893248;0.04928;0.837696
591;0.559584;0.023552;0.430752
592;0.406208;0.026624;0.472096
593;1.04438;0.06144;0.984032
594;0.87776;0.050176;0.831104
595;0.431776;0.022528;0.42032
596;0.071584;0.008192;0.069536
597;0.43264;0.023296;0.41776
598;0.449856;0.024576;0.414848
599;0.452736;0.0256;0.436384
600;0.474016;0.026624;0.44832
601;0.473856;0.026624;0.447456
602;0.378496;0.021504;0.362592
603;0.452512;0.024576;0.43632
604;0.377408;0.02128;0.371648
605;0.87488;0.049152;0.828352
606;0.432352;0.023552;0.406816
607;0.474176;0.026624;0.448064
608;1.04557;0.06144;0.973888
609;0.876896;0.050176;0.842432
610;0.431584;0.022528;0.415552
611;0.071744;0.008192;0.069504
612;0.43216;0.023552;0.408416
613;0.450112;0.024576;0.42896
614;0.461952;0.0256;0.426336
615;0.473952;0.026624;0.44864
616;0.578112;0.026624;0.461856
617;0.378208;0.02048;0.353472
618;0.462144;0.024352;0.436416
619;0.377376;0.02048;0.362336
620;0.897504;0.049152;0.828384
621;0.432352;0.023552;0.42112
622;0.483104;0.026624;0.45728
623;1.04512;0.06144;0.983456
624;0.886336;0.050176;0.830432
1875;0.431712;0.023328;0.41504
1876;0.071584;0.008192;0.06944
1877;0.43232;0.023552;0.417216
1878;0.440992;0.024576;0.416064
1879;0.452896;0.0256;0.435744
1880;0.473952;0.026624;0.449344
1881;0.473472;0.026624;0.456512
1882;0.377792;0.02128;0.36272
1883;0.452704;0.024576;0.42752
1884;0.377312;0.02048;0.353152
1885;0.883776;0.049152;0.828928
1886;0.439168;0.023552;0.421088
1887;0.478368;0.027424;0.466144
1888;1.03558;0.06144;0.984544
1889;0.872576;0.050176;0.830784
1890;0.431616;0.024352;0.405664
1891;0.07152;0.008192;0.069472
1892;0.432192;0.023328;0.417664
1893;0.4408;0.024576;0.42496
1894;0.452576;0.0256;0.426848
1895;0.478944;0.026624;0.447808
1896;0.47408;0.027392;0.447808
1897;0.378144;0.02048;0.362432
1898;0.452512;0.024576;0.431392
1899;0.377408;0.02048;0.361856
1900;0.874688;0.04928;0.838208
1901;0.438496;0.02432;0.40736
1902;0.4736;0.026624;0.448192
1903;1.06214;0.06144;1.0839
1904;0.876864;0.050176;0.83088
1905;0.431488;0.023552;0.405728
1906;0.071744;0.008192;0.069472
1907;0.432192;0.02432;0.417216
1908;0.440928;0.024576;0.415776
1909;0.453088;0.026624;0.426368
1910;0.474304;0.027392;0.44016
1911;0.473984;0.026624;0.439424
1912;0.378272;0.021504;0.362976
1913;0.452512;0.024576;0.41872
1914;0.37728;0.02048;0.343968
1915;0.875872;0.050176;0.828576
1916;0.432448;0.024352;0.415968
1917;0.39488;0.026624;0.457792
1918;1.05523;0.06144;0.982688
1919;0.895328;0.050976;0.830592
1920;0.432256;0.02336;0.415008
1921;0.071552;0.008192;0.069472
1922;0.423616;0.023552;0.408192
1923;0.440672;0.024576;0.424832
1924;0.452384;0.0256;0.435648
1925;0.474048;0.027392;0.448672
1926;0.473696;0.026624;0.45664
1927;0.430112;0.02048;0.3624
1928;0.451072;0.024576;0.42736
1929;0.37744;0.02048;0.353728
1930;0.87504;0.049152;0.829344
1931;0.441568;0.02432;0.406784
1932;0.47392;0.026624;0.448256
1933;1.03469;0.06144;0.974976
1934;0.878496;0.050176;0.83056
1935;0.35584;0.023552;0.414816
1936;0.071584;0.008192;0.069472
1937;0.431904;0.023328;0.408416
1938;0.441024;0.024576;0.425184
1939;0.452832;0.0256;0.435584
1940;0.473856;0.027424;0.457024
1941;0.47344;0.026624;0.456672
1942;0.387424;0.021504;0.362528
1943;0.452896;0.025376;0.436128
1944;0.386272;0.02048;0.362368
1945;0.883744;0.049152;0.829184
1946;0.432416;0.024352;0.415552
1947;0.474176;0.026624;0.457408
1948;1.04403;0.06144;0.985056
1949;1.0033;0.050176;0.951808
1950;0.431616;0.023328;0.416064
1951;0.071488;0.00896;0.069504
1952;0.430432;0.023552;0.408704
1953;0.440928;0.024576;0.415904
1954;0.453024;0.0256;0.436032
1955;0.474048;0.026624;0.457888
1956;0.473856;0.026624;0.447424
1957;0.37808;0.02128;0.362592
1958;0.453184;0.024576;0.418208
1959;0.377216;0.02048;0.362368
1960;0.87488;0.049152;0.829888
1961;0.432032;0.023552;0.398048
1962;0.473856;0.026624;0.457664
1963;1.03546;0.06144;0.976032
1964;0.88608;0.050176;0.822752
1965;0.432;0.023296;0.415072
1966;0.07152;0.008224;0.069504
1967;0.43232;0.023552;0.408928
1968;0.440896;0.024576;0.425184
1969;0.452736;0.0256;0.436224
1970;0.483136;0.026624;0.458112
1971;0.473792;0.026624;0.447392
1972;0.37824;0.02048;0.35504
1973;0.453152;0.024576;0.418016
1974;0.37696;0.02048;0.353184
1975;0.916896;0.04944;0.82832
1976;0.43216;0.02384;0.406848
1977;0.473632;0.026624;0.44912
1978;1.02797;0.06144;0.974688
1979;0.876928;0.050176;0.831264
1980;0.431776;0.023328;0.414592
1981;0.071584;0.008192;0.069472
1982;0.432128;0.023552;0.408704
1983;0.440992;0.025376;0.425088
1984;0.452704;0.0264;0.436416
1985;0.473952;0.026624;0.457568
1986;0.473472;0.026624;0.456864
1987;0.378144;0.021504;0.362592
1988;0.452512;0.024576;0.436288
1989;0.37728;0.02048;0.361888
1990;0.88544;0.049152;0.838688
1991;0.44144;0.024576;0.406304
1992;0.473952;0.026624;0.457632
1993;0.95856;0.06144;0.9832
1994;0.8848;0.050176;0.840832
1995;0.431296;0.023552;0.41456
1996;0.071552;0.008192;0.069568
1997;0.432448;0.023424;0.417504
1998;0.438176;0.024576;0.415744
1999;0.451264;0.0256;0.436864
2000;0.483072;0.026624;0.45808
2001;0.473536;0.026624;0.447616
2002;0.377632;0.02048;0.36256
2003;0.45312;0.024352;0.426816
2004;0.3776;0.02048;0.362528
2005;0.875584;0.050176;0.829984
2006;0.432448;0.02432;0.406496
2007;0.473696;0.026624;0.448768
2008;1.03443;0.06144;0.976448
2009;0.878592;0.049152;0.831232
2010;0.43168;0.023328;0.41456
2011;0.071616;0.008192;0.069472
2012;0.424576;0.023552;0.4176
2013;0.441024;0.024576;0.416256
2014;0.452864;0.0256;0.441632
2015;0.483456;0.026624;0.45808
2016;0.482688;0.026624;0.457568
2017;0.378016;0.021504;0.36256
2018;0.444448;0.024576;0.417952
2019;0.377376;0.02048;0.361888
2020;0.8848;0.049152;0.837568
2021;0.481696;0.023552;0.430816
2022;0.47392;0.026624;0.457856
2023;1.04899;0.06144;0.975744
2024;0.873184;0.050176;0.831104
2025;0.432416;0.023552;0.414752
2026;0.071584;0.008192;0.069472
2027;0.423616;0.022816;0.3992
2028;0.440928;0.024576;0.415968
2029;0.452768;0.0256;0.41744
2030;0.4736;0.026624;0.448448
2031;0.473856;0.026624;0.447936
2032;0.377696;0.021504;0.353696
2033;0.452544;0.024576;0.427712
2034;0.378144;0.02048;0.353536
2035;0.875616;0.049152;0.82864
2036;0.432896;0.023552;0.406848
2037;0.473632;0.026624;0.44864
2038;1.03664;0.06144;0.983072
2039;0.885888;0.050976;0.83088
2040;0.440672;0.02432;0.406336
2041;0.07152;0.008192;0.069696
2042;0.441344;0.024352;0.409088
2043;0.44096;0.024576;0.415904
2044;0.452544;0.0256;0.533152
2045;0.473568;0.026624;0.440192
2046;0.473696;0.026624;0.447648
2047;0.378048;0.02064;0.354496
2048;0.459232;0.024576;0.428384
2049;0.377664;0.02048;0.361888
2050;0.875936;0.049152;0.82848
2051;0.43216;0.02432;0.40704
2052;0.473728;0.026624;0.448096
2053;1.05437;0.06144;0.976896
2054;0.87744;0.049152;0.831232
2055;0.438304;0.022528;0.416288
2056;0.071552;0.008192;0.069472
2057;0.43264;0.023328;0.417184
2058;0.440704;0.025344;0.415904
2059;0.45296;0.0256;0.435584
2060;0.47424;0.026624;0.448032
2061;0.47392;0.026624;0.45664
2062;0.387488;0.02048;0.362624
2063;0.452512;0.024576;0.419264
2064;0.377088;0.02048;0.362944
2065;0.874912;0.049152;0.837376
2066;0.432032;0.023552;0.416064
2067;0.473728;0.026624;0.448544
2068;1.04451;0.06144;0.984896
2069;0.876832;0.050176;0.831168
2070;0.440512;0.023328;0.41504
2071;0.071744;0.008192;0.069472
2072;0.43216;0.023296;0.417152
2073;0.44096;0.024576;0.415712
2074;0.452832;0.0256;0.427744
2075;0.473856;0.026624;0.439264
2076;0.48352;0.027424;0.447744
2077;0.378112;0.021376;0.362592
2078;0.453024;0.024576;0.418304
2079;0.377024;0.02048;0.352992
2080;0.875168;0.04928;0.838272
2081;0.432032;0.023808;0.415552
2082;0.474112;0.026624;0.448256
2083;1.05248;0.060416;0.98512
2084;0.878144;0.050176;0.830976
2085;0.431616;0.02352;0.405312
2086;0.071552;0.008192;0.069504
2087;0.432128;0.023552;0.417088
2088;0.441664;0.024576;0.416704
2089;0.45248;0.0256;0.435968
2090;0.483072;0.026624;0.456992
2091;0.473792;0.026624;0.45664
2092;0.378208;0.02048;0.467392
2093;0.462048;0.024576;0.437504
2094;0.376992;0.02048;0.353664
2095;0.873536;0.049152;0.839424
2096;0.432064;0.023552;0.415712
2097;0.474368;0.026624;0.448608
2098;1.05363;0.06144;0.976448
2099;0.876736;0.050176;0.839904
2100;0.431584;0.023296;0.414912
2101;0.071552;0.008192;0.069504
2102;0.422912;0.023552;0.417664
2103;0.440608;0.024576;0.40672
2104;0.459264;0.026368;0.440928
2105;0.474016;0.026624;0.448736
2106;0.474112;0.026624;0.446944
2107;0.377792;0.021504;0.353888
2108;0.452512;0.024576;0.436352
2109;0.377312;0.02048;0.352576
2110;0.901088;0.049152;0.830176
2111;0.43264;0.02432;0.40672
2112;0.47424;0.026624;0.448448
2113;1.03952;0.06144;0.975584
2114;0.895264;0.050176;0.83936
2115;0.431584;0.023552;0.405696
2116;0.071552;0.008192;0.069472
2117;0.432064;0.023552;0.417792
2118;0.449888;0.025376;0.430016
2119;0.4528;0.0256;0.426336
2120;0.474048;0.026624;0.45376
2121;0.473984;0.026624;0.448448
2122;0.387104;0.022272;0.363584
2123;0.452704;0.024576;0.436992
2124;0.38672;0.02048;0.361856
2125;0.874912;0.049152;0.828224
2126;0.432032;0.024384;0.41616
2127;0.4832;0.026624;0.457312
2128;1.04394;0.06144;0.984352
2129;0.888864;0.050176;1.63581
2130;0.431264;0.02432;0.405696
2131;0.071552;0.008192;0.069504
2132;0.432288;0.023552;0.417696
2133;0.440608;0.024576;0.416544
2134;0.453152;0.0256;0.426336
2135;0.474144;0.026624;0.448576
2136;0.473856;0.026624;0.447424
2137;0.378112;0.02048;0.354112
2138;0.452512;0.024576;0.417824
2139;0.377056;0.02048;0.352672
2140;0.904704;0.049248;0.861888
2141;0.432448;0.023744;0.406944
2142;0.473696;0.026624;0.457248
2143;0.990336;0.06144;1.83606
2144;0.887264;0.050176;1.90253
2145;0.431296;0.022528;0.405632
2146;0.071552;0.008192;0.069504
2147;0.432832;0.023552;0.417152
2148;0.437984;0.024576;0.415904
2149;0.453056;0.026368;0.426368
2150;0.473792;0.026624;0.439264
2151;0.473568;0.026624;0.447584
2152;0.37552;0.021504;0.36336
2153;0.452608;0.024576;0.427328
2154;0.386496;0.021248;0.372032
2155;0.874592;0.049248;0.828736
2156;0.4416;0.024352;0.416288
2157;0.4736;0.028672;0.449152
2158;1.0457;0.06144;1.79942
2159;0.878272;0.050176;2.22557
2160;0.388704;0.023584;0.430336
2161;0.071584;0.008192;0.0696
2162;0.430144;0.02432;0.40912
2163;0.438496;0.024576;0.426112
2164;0.452928;0.0256;0.435552
2165;0.482848;0.027424;0.46176
2166;0.482368;0.027424;0.460864
2167;0.377952;0.021504;0.363136
2168;0.453024;0.024576;0.42768
2169;0.377312;0.02048;0.362336
2170;0.874624;0.049152;0.837792
2171;0.432;0.024576;0.415744
2172;0.474272;0.026624;0.449376
2173;1.03485;0.06144;1.64397
2174;0.876832;0.050176;1.79251
2175;0.431648;0.023552;0.405344
2176;0.071648;0.008192;0.069504
2177;0.432128;0.023328;0.4176
2178;0.438912;0.024576;0.415904
2179;0.459552;0.026368;0.426944
2180;0.47392;0.026624;0.43936
2181;0.482912;0.026624;0.447424
2182;0.378432;0.021504;0.353408
2183;0.471264;0.024576;0.428032
2184;0.377312;0.02048;0.36192
2185;0.875744;0.049152;0.838048
2186;0.441664;0.024384;0.430848
2187;0.473696;0.026624;0.439328
2188;0.96416;0.06144;1.87264
2189;0.88688;0.050176;1.67168
2190;0.431424;0.023392;0.414816
2191;0.071616;0.008992;0.069472
2192;0.423008;0.023552;0.398784
2193;0.441408;0.024576;0.424928
2194;0.452608;0.0256;0.426624
2195;0.483136;0.026688;0.440096
2196;0.482528;0.026624;0.457216
2197;0.378176;0.02144;0.344832
2198;0.452576;0.024576;0.436288
2199;0.368192;0.02048;0.353152
2200;0.884672;0.049216;0.829184
2201;0.432032;0.024352;0.406816
2202;0.474272;0.026624;0.448224
2203;1.04861;0.06144;1.79062
2204;0.794048;0.050176;1.65318
2205;0.440864;0.023328;0.414816
2206;0.071584;0.008192;0.069472
2207;0.459904;0.022528;0.417312
2208;0.440896;0.024576;0.416192
2209;0.452384;0.0256;0.417632
2210;0.396704;0.026624;0.439168
2211;0.473536;0.026624;0.44736
2212;0.378112;0.02048;0.353408
2213;0.462208;0.024576;0.4368
2214;0.377344;0.02048;0.361824
2215;0.874624;0.04992;0.829184
2216;0.432352;0.02432;0.40688
2217;0.473888;0.026624;0.457376
2218;1.05408;0.06144;1.78227
2219;0.900128;0.050176;1.65418
2220;0.44064;0.022528;0.415008
2221;0.071584;0.008192;0.069504
2222;0.432128;0.023552;0.408576
2223;0.44096;0.024576;0.416608
2224;0.461632;0.0256;0.435776
2225;0.473792;0.026624;0.44784
2226;0.488192;0.026624;0.470784
2227;0.37808;0.021504;0.353376
2228;0.4528;0.024576;0.42848
2229;0.377376;0.02048;0.353248
2230;0.87456;0.049152;0.847616
2231;0.441888;0.023808;0.406784
2232;0.483232;0.027392;0.439584
2233;1.07085;0.06144;1.80221
2234;0.89312;0.050176;1.60832
2235;0.441152;0.022528;0.415104
2236;0.071552;0.008192;0.069504
2237;0.43232;0.022528;0.408192
2238;0.44096;0.024576;0.416288
2239;0.462144;0.0256;0.44064
2240;0.47392;0.026624;0.448992
2241;0.483712;0.026624;0.460832
2242;0.378112;0.021504;0.353408
2243;0.45312;0.024576;0.4368
2244;0.377504;0.02048;0.353248
2245;0.894016;0.049376;0.828576
2246;0.432992;0.024576;0.41552
2247;0.47392;0.026624;0.448256
2248;1.04499;0.06144;1.81958
2249;0.877344;0.050176;1.60563
2250;0.43152;0.024352;0.4056
2251;0.071648;0.008192;0.069504
2252;0.431968;0.022528;0.417248
2253;0.3576;0.024576;0.425312
2254;0.452736;0.0256;0.426496
2255;0.47424;0.026624;0.439168
2256;0.483008;0.026624;0.438464
2257;0.387392;0.02048;0.353056
2258;0.461792;0.024576;0.436512
2259;0.376992;0.02048;0.3528
2260;0.874944;0.049152;0.82848
2261;0.441536;0.02432;0.406816
2262;0.4736;0.027424;0.448512
2263;1.03277;0.06144;1.8369
2264;0.877728;0.050176;1.71741
2265;0.431744;0.023296;0.41472
2266;0.071616;0.008192;0.069472
2267;0.432032;0.023552;0.41712
2268;0.440896;0.024576;0.42544
2269;0.452768;0.0256;0.426336
2270;0.482944;0.026624;0.439136
2271;0.473696;0.026624;0.456576
2272;0.378112;0.021504;0.353376
2273;0.452224;0.024576;0.428128
2274;0.36816;0.02048;0.353184
2275;0.969216;0.049952;0.82864
2276;0.432064;0.023552;0.416032
2277;0.473952;0.026624;0.448256
2278;1.03507;0.06144;1.79078
2279;0.877824;0.050176;1.71734
2280;0.431584;0.022784;0.415008
2281;0.071552;0.008192;0.069472
2282;0.423904;0.023552;0.398752
2283;0.440736;0.024576;0.4248
2284;0.452448;0.0256;0.417792
2285;0.474208;0.026624;0.438688
2286;0.47392;0.026624;0.446976
2287;0.37808;0.020576;0.355008
2288;0.461728;0.024576;0.427776
2289;0.377376;0.02048;0.362368
2290;0.87456;0.050176;0.828928
2291;0.432448;0.02432;0.406816
2292;0.473632;0.026624;0.458016
2293;1.04416;0.06144;1.00762
2294;0.877312;0.050176;1.70915
2295;0.389088;0.023552;0.430016
2296;0.071552;0.008192;0.069504
2297;0.423968;0.023552;0.399744
2298;0.441536;0.024576;0.424512
2299;0.452512;0.0256;0.435808
2300;0.473632;0.026624;0.438688
2301;0.473504;0.026624;0.438272
2302;0.378144;0.021504;0.354016
2303;0.452736;0.024576;0.418592
2304;0.377504;0.02048;0.353824
2305;0.875616;0.049152;0.82784
2306;0.432224;0.023552;0.406816
2307;0.47392;0.026624;0.457216
2308;1.03011;0.06144;0.998976
2309;0.798432;0.050176;1.78221
2310;0.43168;0.024352;0.40624
2311;0.071616;0.008192;0.069504
2312;0.432832;0.023296;0.4176
2313;0.44096;0.024576;0.406624
2314;0.452704;0.0256;0.426336
2315;0.473568;0.026624;0.438656
2316;0.473472;0.026624;0.447456
2317;0.37808;0.02048;0.354208
2318;0.45296;0.024576;0.427072
2319;0.376928;0.021248;0.361504
2320;0.886336;0.050176;0.93968
2321;0.432064;0.023616;0.40704
2322;0.473792;0.026624;0.457824
2323;1.04624;0.062208;0.998336
2324;0.87792;0.0512;1.71914
2325;0.431296;0.02336;0.405888
2326;0.071552;0.00896;0.069728
2327;0.433536;0.02432;0.417824
2328;0.44064;0.024576;0.406912
2329;0.452704;0.0256;0.418176
2330;0.47328;0.026624;0.448576
2331;0.473536;0.026624;0.438336
2332;0.377792;0.02048;0.36256
2333;0.45264;0.024576;0.417856
2334;0.377312;0.02048;0.344224
2335;0.875648;0.050176;0.82816
2336;0.432352;0.023552;0.416064
2337;0.47392;0.026624;0.4576
2338;1.04368;0.06144;0.999264
2339;0.895328;0.050176;1.68822
2340;0.38768;0.023584;0.424928
2341;0.071584;0.008192;0.069472
2342;0.43216;0.023552;0.417888
2343;0.440672;0.024576;0.407392
2344;0.452384;0.0256;0.435744
2345;0.473888;0.026624;0.45712
2346;0.473472;0.026624;0.447936
2347;0.378112;0.021504;0.362592
2348;0.452576;0.024576;0.427744
2349;0.3776;0.02048;0.353184
2350;0.8848;0.04992;0.828128
2351;0.432384;0.024352;0.416128
2352;0.473664;0.026624;0.449088
2353;1.03798;0.06144;1.01677
2354;0.877856;0.050176;1.70032
2355;0.431552;0.022528;0.40592
2356;0.07152;0.008192;0.069504
2357;0.432128;0.023328;0.41728
2358;0.440608;0.025344;0.416
2359;0.452736;0.0256;0.426368
2360;0.473568;0.026624;0.447872
2361;0.473824;0.026624;0.456768
2362;0.377824;0.022272;0.36256
2363;0.452512;0.025344;0.436448
2364;0.377344;0.02048;0.354112
2365;0.888672;0.050176;0.93744
2366;0.432;0.024384;0.416288
2367;0.473632;0.026688;0.457536
2368;1.04422;0.06144;1.00806
2369;0.876992;0.050176;1.69808
2370;0.431584;0.023328;0.415904
2371;0.071616;0.008192;0.069504
2372;0.423296;0.022528;0.417664
2373;0.44064;0.024576;0.4248
2374;0.452384;0.0256;0.427456
2375;0.474336;0.026624;0.44928
2376;0.473856;0.026624;0.456192
2377;0.378176;0.021504;0.363168
2378;0.45264;0.024576;0.427744
2379;0.377376;0.02048;0.34448
2380;0.862272;0.049152;0.828864
2381;0.432064;0.024352;0.406848
2382;0.473792;0.026624;0.4392
2383;1.03053;0.06144;0.999872
2384;0.877152;0.050176;1.69981
2385;0.54032;0.023328;0.42944
2386;0.071552;0.008192;0.069504
2387;0.432288;0.024352;0.407904
2388;0.440992;0.024576;0.415616
2389;0.461952;0.026368;0.435264
2390;0.473696;0.026624;0.448352
2391;0.473696;0.026624;0.456672
2392;0.378144;0.021504;0.353408
2393;0.452544;0.024576;0.436928
2394;0.377728;0.021248;0.352608
2395;0.870272;0.049152;0.828896
2396;0.432032;0.02432;0.406432
2397;0.474016;0.026624;0.448768
2398;1.03248;0.06144;1.0057
2399;0.884864;0.050176;1.71005
2400;0.431296;0.023488;0.406016
2401;0.071584;0.008192;0.069472
2402;0.432256;0.023328;0.408704
2403;0.44112;0.024576;0.425312
2404;0.452448;0.0256;0.426336
2405;0.473952;0.026624;0.439776
2406;0.465408;0.026624;0.447264
2407;0.377792;0.022272;0.362464
2408;0.45248;0.024576;0.418432
2409;0.377376;0.02048;0.362528
2410;0.886912;0.049152;0.928352
2411;0.432096;0.024352;0.40704
2412;0.473632;0.027424;0.447968
2413;1.03514;0.06144;0.99872
2414;0.88608;0.050176;1.70931
2415;0.431264;0.023328;0.405344
2416;0.071616;0.008192;0.069472
2417;0.43216;0.023552;0.408928
2418;0.44064;0.024576;0.415712
2419;0.452416;0.0256;0.418144
2420;0.482848;0.027424;0.448384
2421;0.474272;0.026624;0.447296
2422;0.378176;0.021504;0.362592
2423;0.452896;0.024576;0.418272
2424;0.377248;0.02048;0.3624
2425;0.874816;0.049152;0.829216
2426;0.4328;0.024576;0.41552
2427;0.47424;0.026624;0.457952
2428;1.04406;0.06144;0.99904
2429;0.876864;0.050176;1.79165
2430;0.388704;0.023296;0.42544
2431;0.071584;0.008192;0.069504
2432;0.432128;0.023296;0.417088
2433;0.449792;0.024576;0.415616
2434;0.452672;0.0256;0.43552
2435;0.473952;0.026624;0.457152
2436;0.473472;0.026624;0.45664
2437;0.378144;0.020736;0.363296
2438;0.4528;0.024576;0.436416
2439;0.377312;0.021504;0.3624
2440;0.883776;0.04928;0.828704
2441;0.432032;0.024416;0.407424
2442;0.473472;0.026624;0.457632
2443;1.04496;0.06144;0.999744
2444;0.875296;0.050176;1.89386
2445;0.431232;0.023328;0.415104
2446;0.071616;0.008192;0.069504
2447;0.432128;0.023552;0.408864
2448;0.44064;0.024576;0.425184
2449;0.452384;0.0256;0.435616
2450;0.474112;0.026624;0.439584
2451;0.473664;0.026624;0.45696
2452;0.37744;0.021504;0.362592
2453;0.452544;0.024576;0.427712
2454;0.377376;0.02048;0.345024
2455;0.96976;0.049152;0.828768
2456;0.432448;0.024576;0.41552
2457;0.4736;0.026624;0.448864
2458;1.03686;0.06144;0.997312
2459;0.876864;0.050176;1.78419
2460;0.431392;0.023552;0.406496
2461;0.071552;0.008192;0.06976
2462;0.422912;0.023552;0.407968
2463;0.440384;0.024576;0.415872
2464;0.452416;0.0264;0.436
2465;0.474272;0.026624;0.449312
2466;0.473984;0.026624;0.456448
2467;0.37808;0.02048;0.363136
2468;0.453152;0.024576;0.427296
2469;0.377632;0.02048;0.352576
2470;0.869696;0.049152;0.828608
2471;0.44128;0.02432;0.415552
2472;0.47408;0.026624;0.439808
2473;1.03558;0.06144;1.0071
2474;0.877696;0.050176;1.67984
2475;0.387712;0.022624;0.4208
2476;0.071616;0.008192;0.069504
2477;0.43216;0.022528;0.399488
2478;0.440672;0.024576;0.415968
2479;0.452384;0.0256;0.436064
2480;0.474048;0.026624;0.45712
2481;0.474112;0.026624;0.456512
2482;0.377824;0.021536;0.353888
2483;0.452672;0.024576;0.427968
2484;0.377344;0.02048;0.352704
2485;0.870336;0.049152;0.82896
2486;0.432064;0.024576;0.406304
2487;0.482848;0.027424;0.439808
2488;1.03389;0.06144;1.00602
2489;0.876896;0.050176;1.76282
2490;0.431616;0.023552;0.397952
2491;0.071552;0.008192;0.069664
2492;0.433024;0.023552;0.40848
2493;0.44064;0.024576;0.415712
2494;0.452064;0.026368;0.427488
2495;0.473856;0.027392;0.45712
2496;0.473504;0.026624;0.4472
2497;0.378176;0.02048;0.362496
2498;0.452704;0.024576;0.427104
2499;0.377344;0.02048;0.3624
3125;1.75993e-250;4.55508e+257;0.377312
3126;6.0983e-09;-5.92445e-56;0.874592
3127;9.86264e+78;3.83141e-226;0.423296
3128;1.31304e-52;9.40258e-275;0.474048
3129;8.18714e-120;8.59403e-130;1.03491
3130;1.96254e-28;-2.55514e-156;0.876672
3131;3.86658e-144;3.3389e-255;0.431424
3132;2.91776e-221;1.68913e-95;0.07152
3133;5.4197e-154;1.11945e-100;0.430112
3134;6.75634e-154;1.99383e+262;0.440768
3135;4.04211e-231;4.13696e-101;0.452832
3136;1.80606e-221;9.21542e-29;0.473824
3137;1.09011e-245;1.53442e-255;0.471936
3138;2.69612e-289;2.44135e-260;0.378144
3139;5.67958e-270;9.76646e-275;0.452384
3140;1.2688e-279;2.56735e-289;0.377376
3141;4.34911e-265;1.50827e-197;0.884512
3142;3.90412e-207;1.42969e-284;0.43216
3143;9.37618e-280;1.16147e-226;0.473824
3144;9.03873e-275;3.86385e+282;1.03478
3145;3.75218e-241;5.37404e+228;0.874592
3146;5.4541e-270;1.06235e+40;0.431968
3147;6.36902e-183;2.18769e-163;0.071456
3148;6.86116e-212;1.60022e-255;0.423776
3149;2.43542e-173;5.44669e-270;0.449984
3150;3.55907e-149;7.22785e-275;0.452576
3151;3.53569e+247;1.04822e-279;0.474336
3152;2.16062e+30;1.11065e-221;0.473952
3153;-1.07109e+217;1.18069e-250;0.378112
3154;3.99059e-235;8.59142e-246;0.452896
3155;5.23994e+88;1.11092e-221;0.377344
3156;1.01362e-153;3.68806e-236;0.87568
3157;6.15567e-270;4.8821e-241;0.43264
3158;1.33414e+55;2.81426e-202;0.411392
3159;2.08513e-221;8.59592e-246;1.0456
3160;1.26608e-85;5.44946e-270;0.88352
3161;-1.73586e-247;3.94678e-236;0.44064
3162;-9.87563e-163;5.57909e-309;0.071456
3163;1.53019e-134;1.95403e-308;0.432928
3164;3.85627e-250;1.35375e-250;0.449952
3165;1.90502e+59;6.13406e-217;0.45264
3166;-6.19734e-132;1.79859e-226;0.473312
3167;-4.2798e-262;8.59142e-246;0.425376
3168;1.6195e-08;4.03413e-265;0.37808
3169;4.69096e-241;2.01978e-284;0.452544
3170;1.37984e-279;3.03277e-284;0.40496
3171;1.13636e-250;1.87105e-255;0.98064
3172;5.29211e-294;1.16013e-279;0.433248
3173;8.66358e-304;8.0798e-299;0.515808
3174;3.56832e-265;8.31096e-275;1.03517
3175;6.51007e-275;8.31103e-275;0.824224
3176;2.54297e-260;8.30954e-275;0.43168
3177;3.81525e-236;2.13767e-260;0.071712
3178;3.26072e-260;1.30625e-274;0.432192
3179;3.81236e-236;1.73342e-255;0.440832
3180;1.04993e-250;3.4568e-260;0.452416
3181;1.49015e-250;6.16117e-270;0.474432
3182;7.22932e-275;1.68419e-284;0.632992
3183;2.5591e-202;5.05791e-212;0.387296
3184;1.31163e-250;5.41027e-289;0.46192
3185;2.02009e-284;5.44946e-270;0.377184
3186;2.43958e-289;9.37399e-280;0.897152
3187;6.86118e-275;2.66488e-125;0.432544
3188;1.35511e-250;7.15592e+74;0.474592
3189;2.95416e-289;-1.49979e-11;1.03459
3190;4.70419e-294;1.74008e-211;0.89296
3191;2.18255e-289;9.79855e+199;0.431616
3192;6.58463e-246;1.82888e-62;0.071552
3193;1.18695e-303;3.2631e-173;0.447136
3194;6.14616e-275;2.09979e-197;0.441088
3195;3.66242e-260;1.71235e-28;0.452896
3196;8.20254e-304;1.47494e-18;0.482912
3197;2.82388e-289;1.22625e-129;0.473888
3198;1.83241e-260;6.46035e-14;0.385312
3199;6.51e-275;1.19329e+06;0.452384
3200;1.01204e-274;1.09955e+35;0.377376
3201;1.93472e-284;-3.96076e-12;0.893024
3202;5.06881e-241;1.46855e-253;0.431872
3203;1.26799e-250;-1.46817e-117;0.473792
3204;2.44095e-260;-5.01455e-180;1.0545
3205;2.69511e-289;3.20492e-149;0.814176
3206;7.88038e-251;1.75447e-27;0.404768
3207;3.10616e-265;3.56058e-268;0.071584
3208;2.0006e-255;2.23466e+64;0.432704
3209;7.59172e-275;1.07596e-221;0.441024
3210;1.80185e-255;-1.56637e-291;0.431968
3211;2.31534e-289;2.93912e-75;0.473888
3212;7.2208e-275;4.31018e-75;0.473632
3213;4.73592e-270;1.9216e-30;0.37808
3214;2.05579e-289;3.82289e+175;0.452384
3215;9.58213e-304;1.49644e+83;0.386624
3216;9.16927e-251;-1.2607e-244;0.883552
3217;3.33646e-289;3.76946e+152;0.456032
3218;5.0793e-299;1.76693e-284;0.473792
3219;1.93439e-284;2.95114e-289;1.09523
3220;1.08411e-274;3.2275e-231;0.875488
3221;4.34668e-265;3.254e-231;0.440896
3222;1.68221e-284;3.36919e+122;0.07152
3223;9.58387e-304;1.14651e-269;0.432224
3224;8.67485e-275;1.64236e-99;0.440736
3225;1.93538e-284;-7.42766e+196;0.452928
3226;1.22417e-250;6.6341e+93;0.474496
3227;2.95346e-260;1.73364e-221;0.473664
3228;1.21306e-279;3.70532e-202;0.37776
3229;1.1584e-279;1.92482e-163;0.452992
3230;2.01812e-284;2.2196e-279;0.377344
3231;3.52603e-294;1.56991e+35;0.89776
3232;2.43908e-289;2.45752e-09;0.432448
3233;3.71867e-294;0.000400439;0.420992
3234;6.50295e-275;-4.40325e+235;0.970304
3235;9.04154e-275;2.5558e+113;0.877056
3236;5.67893e-299;4.81904e-124;0.440928
3237;3.72643e-265;8.89997e+208;0.07152
3238;1.85099e-284;-6.13532e-292;0.432544
3239;5.0895e-294;-3.5503e-282;0.44992
3240;2.95416e-289;7.89627e-82;0.390496
3241;4.11165e-294;-2.51953e-300;0.473568
3242;2.79221e-309;5.73506e-270;0.474048
3243;1.3463e-284;3.1976e-236;0.37808
3244;1.68254e-284;1.15207e-259;0.452736
3245;1.68287e-284;5.9788e-299;0.377344
3246;3.08593e-289;7.82758e+145;0.874336
3247;1.84968e-284;5.67015e-217;0.3648
3248;1.34531e-284;2.35806e-183;0.473824
3249;2.80859e-309;7.00906e-63;1.07574
3250;4.5031e-294;1.79182e-178;0.884416
3251;6.87468e-299;5.70119e-299;0.432
3252;3.91746e-294;9.13566e+24;0.07152
3253;6.63718e-270;1.22837e+109;0.423776
3254;8.65821e-304;1.26312e-139;0.450208
3255;2.82188e-289;1.53828e+305;0.452544
3256;2.69712e-289;1.29382e+50;0.473696
3257;7.58323e-275;-3.3076e-56;0.577984
3258;5.58448e-309;2.03135e-86;0.37808
3259;2.56684e-289;-4.35165e-265;0.452928
3260;2.56785e-289;1.09373e+79;0.377568
3261;5.60082e-309;4.15691e-154;0.911104
3262;5.68048e-294;6.34774e-67;0.441696
3263;6.17046e-270;4.10876e-207;0.472032
3264;5.48477e-294;1.68139e-197;1.02966
3265;1.67516e-197;-2.52502e-30;0.87696
3266;5.82235e-241;-1.55745e-155;0.43184
3267;1.17764e-221;-2.52892e+23;0.071584
3268;2.44161e-289;6.59249e-246;0.432224
3269;1.86794e-255;6.55474e-212;0.440832
3270;4.35396e-265;2.44376e-260;0.452416
3271;2.02273e-284;7.45988e-212;0.473728
3272;3.31555e-207;1.57539e-250;0.474048
3273;3.60683e-255;8.6004e-246;0.3696
3274;1.22315e-250;1.63262e+233;0.452384
3275;8.18351e-217;1.56181e+165;0.38384
3276;1.20653e-245;1.34421e-235;0.875488
3277;2.63444e-139;1.41859e-18;0.432192
3278;8.66605e-101;1.48743e-192;0.474112
3279;2.16721e-57;5.40437e-202;1.03443
3280;1.8504e-144;1.09187e-250;0.912736
3281;6.12198e-96;4.77029e+117;0.432032
3282;2.31898e-178;3.12798e-298;0.071552
3283;1.03305e+151;9.82371e-19;0.423488
3284;3.2066e+117;4.62758e-114;0.440544
3285;1.07384e+253;-1.52594e+206;0.452864
3286;1.35803e+156;1.56928e+268;0.473792
3287;2.39081e+238;2.4637e-149;0.472096
3288;1.01986e-124;6.87295e-246;0.377824
3289;8.45714e-53;2.22878e-33;0.453696
3290;2.27203e+102;5.3282e+93;0.377472
3291;1.43133e-192;4.16334e-212;0.875552
3292;1.73821e-298;4.38182e+214;0.432832
3293;1.10891e-226;8.49861e-244;0.480928
3294;2.63797e-173;2.02205e+271;1.06259
3295;2.91834e-134;5.53906e-226;0.869984
3296;4.16097e-212;1.42737e+248;0.432608
3297;3.32144e-236;8.05089e-246;0.071552
3298;9.12643e-304;3.15909e-260;0.424096
3299;6.86682e-275;4.26273e-270;0.440768
3300;2.69763e-289;1.33435e-255;0.452992
3301;7.59028e-275;1.69182e-226;0.473472
3302;5.44374e-241;2.17484e-231;0.473664
3303;6.588e-246;2.95052e+49;0.378112
3304;2.43976e-260;7.04359e+189;0.452928
3305;3.75145e-241;1.46544e+35;0.377344
3306;9.39973e-275;4.4741e-91;0.874592
3307;1.65616e-279;2.9353e-81;0.432832
3308;9.05005e-275;9.77356e-275;0.429312
3309;1.47889e-226;1.04804e-250;1.04442
3310;1.22417e-250;4.49839e-270;0.878592
3311;-2.24801e-258;2.30394e-202;0.438112
3312;-1.10788e+231;9.41723e-241;0.07168
3313;1.58586e-105;3.26629e-260;0.432224
3314;2.70662e-148;6.40243e-270;0.440512
3315;-3.3314e-301;2.95769e-289;0.452832
3316;2.07006e-255;1.18121e-250;0.473792
3317;2.43883e-226;8.6385e-217;0.474144
3318;4.2328e-96;4.68583e-236;0.377792
3319;1.86793e-255;2.64739e-260;0.461952
3320;7.54695e-255;8.65465e-222;0.383456
3321;-3.26323e-220;4.31679e-241;0.874656
3322;4.11474e-08;2.10515e-284;0.432512
3323;2.35183e+40;2.2338e-308;0.473216
3324;5.03555e+287;9.76652e-275;1.03766
3325;6.49353e+166;4.03579e-231;0.875232
3326;-4.1773e-129;1.85099e-284;0.43136
3327;7.63289e+46;1.32239e-279;0.07152
3328;5.63413e+112;8.02268e-246;0.432224
3329;4.98394e-265;1.26801e-255;0.440512
3330;1.00379e-221;1.14597e-245;0.443648
3331;3.44621e-236;8.59925e-246;0.47344
3332;2.0578e-289;2.69913e-289;0.426496
3333;2.43908e-289;5.63269e-241;0.378144
3334;2.17578e-231;4.02888e-270;0.461888
3335;2.6442e-260;9.55925e-217;0.377184
3336;2.33933e-260;4.73591e-270;0.87456
3337;1.60049e-255;4.27198e-270;0.432512
3338;7.11408e-270;2.03526e-260;0.472672
3339;8.67486e-275;8.31521e-275;1.03488
3340;3.07717e-236;3.03081e-284;0.886912
3341;2.5838e-236;9.14252e-304;0.431776
3342;8.30426e-246;1.66852e-250;0.071488
3343;6.86258e-275;2.11726e-226;0.432512
3344;2.64779e-260;-3.56552e-224;0.4408
3345;2.44174e-260;4.05339e+228;0.452832
3346;3.85454e-289;8.56678e+107;0.473408
3347;2.94929e-265;4.65266e+151;0.47408
3348;2.23851e-260;3.63841e+146;0.378112
3349;2.74821e-260;-1.71575e-89;0.452608
3350;5.67959e-270;6.67508e+198;0.377376
3351;1.43472e-279;2.5667e+165;0.882464
3352;1.40183e-250;4.56673e-72;0.432704
3353;1.0834e-274;3.18417e-226;0.473792
3354;4.50644e-241;6.47132e-101;1.04365
3355;1.17984e-250;1.83233e+49;0.872384
3356;3.7246e-265;6.2037e-91;0.438944
3357;4.11471e-294;1.33189e-168;0.071552
3358;5.07029e-241;1.52537e-144;0.423072
3359;1.04844e-279;6.48256e-101;0.440704
3360;1.73038e-260;3.37089e-110;0.45296
3361;2.43808e-289;8.7263e+233;0.473824
3362;6.76772e-241;2.18202e+155;0.47184
3363;1.43428e-279;7.2976e+19;0.38544
3364;1.15754e-279;4.52892e+55;0.452832
3365;1.68386e-284;-4.17666e-287;0.377152
3366;2.64898e-260;1.04894e-235;0.874112
3367;9.4068e-275;-1.90492e-259;0.432672
3368;9.03163e-275;-3.15836e-300;0.482816
3369;7.44838e-246;5.78158e-193;1.03427
3370;9.77351e-275;1.3074e-274;0.873056
3371;2.751e-260;-7.28665e-169;0.44128
3372;8.31239e-275;1.38698e+282;0.071488
3373;9.1727e-251;-4.04306e+148;0.430592
3374;4.708e-294;2.77357e+184;0.441376
3375;3.91747e-294;2.10069e-157;0.453024
3376;2.18756e-284;1.65303e+122;0.482752
3377;2.01813e-284;-1.40003e+28;0.47184
3378;6.27155e-299;4.12319e-294;0.378272
3379;7.16983e-299;6.69739e-294;0.461568
3380;4.10959e-289;3.35859e+30;0.377344
3381;4.97345e-270;1.17422e-47;0.885088
3382;3.07991e-289;-1.86928e-195;0.43216
3383;1.01204e-274;-1.97189e-238;0.474528
3384;6.28091e-299;-2.50991e-141;1.03501
3385;4.97347e-270;5.98438e-67;0.883936
3386;5.687e-270;-3.65901e-215;0.431456
3387;9.58211e-304;-1.34892e-199;0.071488
3388;6.86968e-275;-1.94854e+23;0.423456
3389;4.7011e-294;-5.82758e+303;0.44048
3390;1.32223e-303;-5.75297e+163;0.452992
3391;8.30534e-275;-9.78772e+114;0.474144
3392;1.7666e-284;3.14858e+122;0.473984
3393;2.69511e-289;139.576;0.38576
3394;5.97639e-299;-1.31612e-302;0.452384
3395;2.44008e-289;-5.28557e-224;0.377344
3396;1.76594e-284;1.47453e-18;0.874592
3397;2.44058e-289;1.5222e-47;0.441792
3398;1.59848e-284;2.90074e+252;0.48304
3399;6.87702e-299;-5.23462e-94;1.03587
3400;8.87969e-246;-1.74128e-233;0.86576
3401;5.98224e-299;7.87994e+160;0.440576
3402;3.56892e-265;8.88848e-274;0.07152
3403;5.68607e-270;6.14756e-275;0.432416
3404;9.12105e-304;1.834e-134;0.440448
3405;5.44483e-270;3.92952e-154;0.453088
3406;1.21543e-279;2.72173e-13;0.474048
3407;5.78655e-275;3.5811e-265;0.439104
3408;8.67625e-275;2.00061e-255;0.377792
3409;7.22079e-275;7.14184e+34;0.452832
3410;1.46572e-255;-1.60555e+207;0.368224
3411;7.17331e-299;3.03425e-197;0.872544
3412;2.43908e-289;2.13112e-225;0.441664
3413;1.66709e-255;-5.66019e+178;0.473536
3414;1.5131e-284;2.94054e-130;1.03552
3415;3.10617e-265;7.17969e+272;0.87344
3416;1.68254e-284;1.6795e-147;0.431712
3417;3.91746e-294;1.00571e+06;0.071488
3418;3.9167e-294;-2.47754e+125;0.423104
3419;8.66536e-304;5.18939e+261;0.449952
3420;5.38027e-299;1.04804e-300;0.459104
3421;1.39611e-308;4.29561e-159;0.474432
3422;1.37855e-279;1.33388e-110;0.473664
3423;7.46496e-294;1.12219e+45;0.37808
3424;3.06333e-231;4.452e-47;0.46704
3425;2.56784e-289;6.22624e+232;0.377376
3426;7.03256e-217;8.29552e-67;0.87472
3427;3.44235e-236;-1.18804e+104;0.432192
3428;1.93661e-255;-6.55193e+226;0.47408
3429;1.03313e-245;2.63991e-71;1.06218
3430;8.04857e-270;4.47836e-221;0.876896
3431;1.22331e-250;9.42455e-241;0.378592
3432;1.26619e-255;5.36317e-212;0.07152
3433;3.17092e-226;1.93504e-255;0.441536
3434;5.90213e-217;-5.85608e+176;0.440736
3435;1.76727e-284;-3.86691e-219;0.452736
3436;4.48892e-260;-7.48802e+183;0.473824
3437;5.3162e-48;3.76905e-22;0.474752
3438;3.21433e-154;2.52649e-81;0.38768
3439;2.91435e-144;0.000796934;0.452896
3440;8.32326e-246;3.45058e-236;0.377344
3441;1.10713e-134;-133259;0.87488
3442;4.95514e-183;1.03987e-201;0.431936
3443;8.97441e-183;3.40112e-144;0.473536
3444;5.93658e-236;-1.507e-151;1.0344
3445;-2.06117e-248;0.0028416;0.858688
3446;4.37488e+59;6.2868e+31;0.431712
3447;1.46866e+156;2.01249e+61;0.07152
3448;2.40815e+156;2.69885e-43;0.431936
3449;1.24122e-90;1.17257e+210;0.440896
3450;1.30979e-33;6.44205e-101;0.462144
3451;3.31635e-207;8.54245e-183;0.473472
3452;1.87893e-192;2.3631e-148;0.482752
3453;1.4905e-250;1.2129e-99;0.378016
3454;5.26145e-241;7.32319e+189;0.452384
3455;2.73764e-57;9.11752e-130;0.377376
3456;1.487e-192;1.64698e+25;0.87456
3457;3.1591e-260;5.31331e-173;0.432512
3458;5.68515e-270;6.66218e-294;0.625536
3459;5.0828e-299;2.52276e+06;1.03475
3460;1.51573e-284;4.42987e-62;0.895744
3461;7.94995e-275;-5.07623e-219;0.441184
3462;1.83161e-260;1.93319e+195;0.07152
3463;2.84983e-260;6.81774e+112;0.432288
3464;3.07841e-289;1.19804e-124;0.440832
3465;1.86688e-255;7.64781e-236;0.453056
3466;6.87003e-299;1.4718e-173;0.473216
3467;1.10374e-279;2.2604e-110;0.474048
3468;7.22787e-275;1.2098e-192;0.387616
3469;3.93966e-241;3.1981e-236;0.46192
3470;1.01119e-274;1.86715e-255;0.3776
3471;6.58609e+11;8.23324e-193;0.874592
3472;1.86435e-177;3.60896e-134;0.432704
3473;4.18069e-178;1.17872e-221;0.474528
3474;-1.06763e-204;4.81553e-265;1.03699
3475;1.5344e-105;3.94581e-236;0.904512
3476;3.86915e-212;1.18117e-221;0.431456
3477;4.02114e-183;2.5601e-202;0.071488
3478;1.85384e-178;5.39438e-299;0.432352
3479;5.643e-241;4.6939e-241;0.440864
3480;2.1222e-226;4.88892e-207;0.452512
3481;2.11498e-110;2.69863e-289;0.431712
3482;1.947e+233;2.06747e-255;0.071584
3483;8.55882e-159;2.78694e-309;0.43232
3484;-1.43879e+81;3.93812e-236;0.440992
3485;5.17235e-137;1.76891e-284;0.452896
3486;-2.92189e-176;6.86967e-275;0.473952
3487;9.43742e+282;1.0044e-250;0.473472
3488;1.28164e+242;1.8021e-255;0.377792
3489;1.10892e-226;1.5997e-255;0.452704
3490;2.74379e-231;1.08744e-197;0.377312
3491;1.35579e-250;5.09637e-294;0.883776
3492;1.79942e-226;1.26881e-279;0.439168
3493;1.68221e-284;1.11119e-226;0.478368
3494;6.16484e-270;6.57254e-299;1.03558
3495;9.03871e-275;2.10417e-284;0.872576
3496;9.76503e-275;5.44579e-270;0.431616
3497;9.69206e-222;6.88527e-246;0.07152
3498;8.6791e-275;4.73964e-270;0.432192
3499;6.16207e-270;8.23109e-193;0.4408
3500;6.47096e-188;4.73962e-270;0.452576
3501;1.5865e-226;2.74861e-260;0.478944
3502;1.87385e-221;6.8322e-178;0.47408
3503;1.37941e-279;3.98515e-38;0.378144
3504;1.09272e-250;-8.48268e-186;0.452512
3505;1.15733e-279;-5.55351e-137;0.377408
3506;1.38703e-221;-2.85063e-69;0.874688
3507;9.27901e-299;-5.66239e-142;0.438496
3508;6.15466e-270;3.15149e-159;0.4736
3509;1.20936e-192;3.88436e-212;1.06214
3510;2.69461e-289;-7.60332e-205;0.876864
3511;8.30815e-275;5.93814e-183;0.431488
3512;2.95466e-289;2.43396e-115;0.071744
3513;9.3913e-275;2.36516e-129;0.432192
3514;1.53166e-226;2.65402e-226;0.440928
3515;3.2132e-289;9.35944e-120;0.453088
3516;6.87e-299;3.57487e-236;0.474304
3517;1.60075e-255;3.20101e-202;0.473984
3518;2.26856e-255;9.7739e-159;0.378272
3519;4.78649e-299;3.66263e-173;0.452512
3520;8.67626e-275;5.97633e-125;0.37728
3521;8.02496e-246;5.27117e-91;0.875872
3522;3.92128e-294;3.52632e-207;0.432448
3523;8.66919e-275;1.59951e+284;0.39488
3524;9.75689e-246;7.6272e-188;1.05523
3525;6.16484e-270;3.37733e+122;0.895328
3526;1.73447e-255;-4.9784e-230;0.432256
3527;7.85947e-294;4.78086e+291;0.071552
3528;5.81867e-241;1.51547e+151;0.423616
3529;1.0934e-250;4.02298e-212;0.440672
3530;1.63719e-226;8.02273e-246;0.452384
3531;8.59366e-246;-2.7761e-244;0.474048
3532;6.3959e-270;-1.82105e-229;0.473696
3533;2.23732e-260;3.53062e+60;0.430112
3534;1.73421e-255;6.27055e-77;0.451072
3535;2.95225e-260;1.21911e-138;0.37744
3536;1.17932e-250;2.04386e+127;0.87504
3537;2.00139e-255;-4.19962e+157;0.441568
3538;1.10224e-279;1.11363e-221;0.47392
3539;1.3226e-279;7.91023e-241;1.03469
3540;5.87773e-294;1.37129e-100;0.878496
3541;8.67058e-275;-1.73504e-26;0.35584
3542;5.06295e-241;-2.15365e-277;0.071584
3543;2.10033e-279;1.83556e+45;0.431904
3544;6.50439e-275;1.26039e-253;0.441024
3545;7.58183e-275;-1.15909e-79;0.452832
3546;2.01912e-284;1.96923e-201;0.473856
3547;2.69612e-289;-1.91441e+192;0.47344
3548;5.44853e-270;-2.20948e+105;0.387424
3549;7.76826e-299;4.67651e+165;0.452896
3550;3.2112e-289;1.92979e+74;0.386272
3551;3.26001e-265;1.5187e-47;0.883744
3552;6.8817e-299;-3.08121e-06;0.432416
3553;1.51409e-284;3.11167e-24;0.474176
3554;2.56735e-289;3.68418e-149;1.04403
3555;1.15754e-279;-1.44681e-132;1.0033
3556;9.12108e-304;-5.39568e-132;0.431616
3557;5.97409e-299;1.70626e+224;0.071488
3558;5.68012e-299;-6.34776e-205;0.430432
3559;2.30982e-289;-1.06605e-83;0.440928
3560;3.08342e-289;3.12649e-129;0.453024
3561;2.56584e-289;2.14636e+271;0.474048
3562;2.56735e-289;3.78692e-244;0.473856
3563;2.30981e-289;1.93361e-231;0.37808
3564;5.67775e-299;5.63872e-171;0.453184
3565;3.26061e-265;2.90075e-274;0.377216
3566;6.51565e-275;1.79378e+295;0.87488
3567;1.76759e-284;1.76893e-279;0.432032
3568;8.66001e-304;2.95094e-236;0.473856
3569;6.87234e-299;1.10709e+74;1.03546
3570;9.57676e-304;1.43435e-134;0.88608
3571;7.23207e-275;6.1713e-61;0.432
3572;5.06809e-241;4.34743e+68;0.07152
3573;2.8254e-289;-5.15449e-190;0.43232
3574;5.68514e-270;7.79567e-87;0.440896
3575;2.34092e-260;-3.65846e-246;0.452736
3576;1.51344e-284;-4.04392e+285;0.483136
3577;9.40257e-275;1.23435e+214;0.473792
3578;1.6822e-284;-1.60105e+66;0.37824
3579;1.68188e-284;1.76264e+292;0.453152
3580;1.2135e-279;-2.066e-252;0.37696
3581;1.39503e-308;1.42814e-110;0.916896
3582;2.24128e-260;4.71982e-183;0.43216
3583;2.40648e-255;1.1729e-42;0.473632
3584;9.47923e-270;2.51269e-23;1.02797
3585;6.87852e-246;7.8469e+184;0.876928
3586;1.65422e-279;7.94273e+291;0.431776
3587;8.30426e-246;-2.99819e-12;0.071584
3588;2.26962e-255;-7.91414e+269;0.432128
3589;1.04931e-279;2.34719e-09;0.440992
3590;1.00474e-250;-4.60425e+181;0.452704
3591;1.85309e-231;3.73249e-168;0.473952
3592;1.68254e-284;2.131e-72;0.473472
3593;1.03891e-221;1.42167e+248;0.378144
3594;8.04812e-212;-1.4798e-214;0.452512
3595;8.68194e-275;9.11898e+163;0.37728
3596;2.32956e-226;7.09357e+232;0.88544
3597;9.60377e-58;-5.63964e-74;0.44144
3598;8.57362e-270;7.23496e+26;0.473952
3599;3.07825e-255;8.08233e-303;0.95856
3600;2.06695e-255;8.49139e+179;0.8848
3601;5.63418e-241;2.2596e-76;0.431296
3602;3.25038e-173;1.50878e-120;0.071552
3603;1.66064e-250;2.07157e-134;0.432448
3604;3.57273e-212;-2090.51;0.438176
3605;7.4275e-159;5.41919e+69;0.451264
3606;7.44841e-164;1.98715e+249;0.483072
3607;1.84907e-91;7.22558e-187;0.473536
3608;5.15023e+78;-8.50681e-229;0.377632
3609;3.56666e-236;2.09779e-245;0.45312
3610;3.33543e-221;5.74824e+20;0.3776
3611;1.04541e-192;4.68104e-188;0.875584
3612;2.00046e-23;1.8656e-72;0.432448
3613;2.69457e-197;5.8355e-120;0.473696
3614;6.58912e-246;2.10758e+167;1.03443
3615;8.15567e-130;1.4208e-119;0.878592
3616;2.66296e+59;6.40378e+73;0.43168
3617;2.60044e-197;3.06213e-18;0.071616
3618;1.76825e-284;6.51605e-34;0.424576
3619;1.05007e-303;4.51437e+189;0.441024
3620;2.31282e-289;-2.1473e-40;0.452864
3621;6.28677e-299;-1.35468e-55;0.483456
3622;6.86398e-275;-3.60428e-146;0.482688
3623;6.86637e-270;1.75369e-143;0.378016
3624;2.44216e-260;5.58736e-81;0.444448
3625;6.63807e-270;7.68976e-159;0.377376
3626;1.37316e-226;4.95628e-183;0.8848
3627;2.31332e-289;1.37257e-158;0.481696
3628;3.72022e-294;7.13188e-159;0.47392
3629;1.13377e-255;1.26799e-250;1.04899
3630;6.86733e-246;8.88417e-246;0.873184
3631;6.50056e+190;1.21251e-202;0.432416
3632;7.49148e-120;2.23949e+64;0.071584
3633;1.38005e+73;9.34629e-222;0.423616
3634;1.73644e+31;2.06747e-255;0.440928
3635;2.02077e-284;4.46033e-212;0.452768
3636;6.57843e-217;5.06958e-212;0.4736
3637;7.13523e-193;4.66411e-265;0.473856
3638;2.2693e-197;1.93867e-284;0.377696
3639;6.4061e-270;2.50036e-231;0.452544
3640;4.48814e-260;8.08214e-299;0.378144
3641;8.6503e-154;1.35527e-250;0.875616
3642;9.06587e+282;7.46614e-299;0.432896
3643;7.43605e-193;1.11363e-308;0.473632
3644;-6.58155e+154;6.51e-275;1.03664
3645;-3.31305e-73;3.33414e-294;0.885888
3646;1.11421e+269;2.13569e-260;0.440672
3647;-1.07343e-15;1.48742e-250;0.07152
3648;1.03116e+113;5.28905e-294;0.441344
3649;3.05388e-260;3.57015e-265;0.44096
3650;1.13197e-240;6.57869e-193;0.452544
3651;6.39427e-241;3.32801e-294;0.473568
3652;3.12392e-207;3.72099e-294;0.473696
3653;2.43807e-289;8.65741e-222;0.378048
3654;1.37985e-279;3.5965e-289;1.44504e-319
3655;1.1584e-279;1.66534e-245;8.10465e-320
3656;2.44009e-289;2.92162e-207;0.027648
3657;3.81236e-236;5.6683e-212;0.026624
3658;8.30815e-275;2.18987e-284;0.02048
3659;5.44482e-270;2.13888e-260;0.024576
3660;3.06964e-231;5.69043e-294;0.02048
3661;4.01098e-183;3.44091e-236;0.050176
3662;3.32161e-207;3.71033e-202;0.023552
3663;1.45835e-221;4.95516e-183;0.026624
3664;4.35094e-265;4.89555e-115;0.06144
3665;9.18258e-246;8.63624e-169;0.050176
3666;1.00422e-250;4.31044e-154;0.022528
3667;2.26962e-255;6.26359e-72;0.008192
3668;2.30043e-202;5.63597e+189;0.023328
3669;5.25409e-241;8.16337e+228;0.024576
3670;1.01289e-274;7.00657e-274;0.0256
3671;9.39691e-275;1.60377e-288;0.026688
3672;2.43908e-289;3.06889e-134;0.026624
3673;2.44216e-260;4.32819e-57;0.021504
3674;6.14331e-275;5.40586e-110;0.024576
3675;8.30091e-246;9.73747e-231;0.02048
3676;2.01911e-284;9.20508e-159;0.04992
3677;2.01633e-231;7.45644e-212;0.023776
3678;7.3368e-270;5.48054e-207;0.026624
3679;5.45039e-270;2.53928e-173;0.06144
3680;2.25788e-231;9.47029e+97;0.050944
3681;1.04412e-192;7.07807e-183;0.022528
3682;1.26907e-226;4.48533e-183;0.008192
3683;3.26244e-265;-1.89071e+120;0.023552
3684;1.10289e-279;32.4776;0.024576
3685;3.07942e-289;1.46969e-202;0.0256
3686;4.02333e-270;4.81604e+253;0.026624
3687;6.93447e-289;3.1448e-282;0.026624
3688;2.90673e-231;5.07985e-241;0.020768
3689;7.73201e-217;2.86177e-226;0.025376
3690;1.66128e-168;5.68011e-299;0.02048
3691;2.31234e-289;-2.68257e-14;0.049152
3692;3.20869e-289;6.87002e+89;0.024576
3693;8.31803e-275;-3.86111e-113;0.026624
3694;1.76726e-284;7.05749e-217;0.06144
3695;3.52755e-294;9.36593e-212;0.050976
3696;4.73408e-270;-2.36474e-210;0.023552
3697;5.25629e-241;5.34751e-266;0.008192
3698;1.59913e-284;4.11722e+93;0.02432
3699;4.50023e-270;4.36988e+166;0.024576
3700;6.15836e-270;5.84568e+93;0.0256
3701;2.56634e-289;-2.23414e-40;0.026624
3702;1.5988e-284;3.29548e+301;0.026624
3703;1.93735e-284;-7.12358e+81;0.021504
3704;3.10556e-265;5.48619e+95;0.024576
3705;5.5845e-309;3.39505e-52;0.02048
3706;6.86911e-270;2.74093e-124;0.050176
3707;4.73316e-270;8.3788e-299;0.023808
3708;2.1349e-260;5.20881e-197;0.026624
3709;3.91823e-294;1.96939e+156;0.06144
3710;8.38214e-309;1.28496e+64;0.050176
3711;4.97715e-270;2.05902e+40;0.023552
3712;2.56785e-289;3.82363e+93;0.00896
3713;1.79976e-255;1.79948e-13;0.02432
3714;6.58188e-299;5.14863e+25;0.024576
3715;3.08293e-289;1.46578e+189;0.0256
3716;1.68254e-284;4.85509e+122;0.026624
3717;3.91977e-294;2.61872e+122;0.026624
3718;5.97991e-299;3.13333e+185;0.021504
3719;3.72521e-265;2.42984e+219;0.024576
3720;8.31519e-275;1.68523e-144;0.02048
3721;3.52449e-294;-9.89193e+124;0.049152
3722;1.76726e-284;3.21872e-206;0.023808
3723;2.0201e-284;1.10868e-86;0.026624
3724;5.97757e-299;1.66283e+119;0.06144
3725;2.13569e-260;28.0785;0.050176
3726;1.21306e-279;8.97652e-53;0.023552
3727;5.98344e-299;2.10779e-284;0.00896
3728;2.43908e-289;2.03607e-260;0.024352
3729;7.46847e-299;3.73602e+127;0.024576
3730;5.08165e-299;5.94813e+59;0.0256
3731;4.69243e-241;2.10128e-66;0.026624
3732;3.69192e-236;4.01015e-125;0.026624
3733;9.9206e-280;1.90834e-80;0.021504
3734;1.85099e-284;2.71159e-183;0.024576
3735;4.30889e-294;1.81172e-229;0.02048
3736;2.82389e-289;5.67522e-105;0.050176
3737;9.92702e-280;6.23623e+218;0.024352
3738;1.51343e-284;-3.37846e+42;0.026624
3739;1.21328e-279;1.76688e-152;0.06144
3740;9.04297e-275;8.3728e+16;0.050176
3741;6.98062e-309;3.54773e-197;0.023296
3742;3.53827e-294;7.09736e-178;0.008192
3743;1.8523e-284;2.68836e-101;0.024352
3744;1.5352e-255;1.83307e-23;0.024576
3745;1.48743e-250;-6.6224e-224;0.0256
3746;6.86965e-275;-3.86189e-298;0.026624
3747;6.87965e-246;-8.11033e-263;0.026624
3748;7.94999e-275;-8.51465e-215;0.02128
3749;2.44159e-289;5.4808e-250;0.024576
4375;0.026624;1.01776e+10;0
4376;0.06144;1.11638e+10;0
4377;0.050176;1.23247e+10;0
4378;0.023552;1.00898e+10;0
4379;0.008192;1.28801e+10;1.52666e-321
4380;0.024352;1.12258e+10;8.99007e-317
4381;0.025376;9.94524e+09;4.24399e-314
4382;0.0256;1.02434e+10;4.94066e-324
4383;0.026624;1.03784e+10;6.92147e-310
4384;0.026624;1.03812e+10;0
4385;0.02048;9.75643e+09;6.92147e-310
4386;0.024576;1.02462e+10;6.92147e-310
4387;0.02048;9.52633e+09;0
4388;0.049344;1.12755e+10;6.92147e-310
4389;0.023552;1.00963e+10;4.89388e-317
4390;0.026624;1.24121e+10;0
4391;0.06144;1.13031e+10;2.27073e-320
4392;0.050976;1.12208e+10;6.92147e-310
4393;0.022528;1.00808e+10;6.92147e-310
4394;0.008192;1.28801e+10;0
4395;0.023328;9.92158e+09;2.15017e-317
4396;0.024576;1.01561e+10;6.92147e-310
4397;0.0256;1.00458e+10;0
4398;0.026624;1.04235e+10;0
4399;0.026624;1.03812e+10;0
4400;0.021504;9.76717e+09;0
4401;0.024576;1.02462e+10;0
4402;0.02048;9.76073e+09;0
4403;0.049152;1.1203e+10;0
4404;0.023776;9.88542e+09;0
4405;0.027392;1.03847e+10;0
4406;0.06144;1.13035e+10;0
4407;0.050176;1.12135e+10;0
4408;0.023328;1.0083e+10;0
4409;0.008192;1.28801e+10;0
4410;0.023552;1.03202e+10;0
4411;0.024576;1.01554e+10;0
4412;0.0256;1.02492e+10;0
4413;0.026624;1.03777e+10;0
4414;0.026624;1.03833e+10;6.92147e-310
4415;0.02048;9.75148e+09;0
4416;0.024576;1.00291e+10;0
4417;0.02048;9.75659e+09;5.78057e-322
4418;0.049152;1.12132e+10;6.92147e-310
4419;0.024416;1.15067e+10;6.92147e-310
4420;0.026624;1.03791e+10;6.92147e-310
4421;0.06144;1.12993e+10;0
4422;0.050176;1.12151e+10;0
4423;0.02336;1.00875e+10;4.94066e-324
4424;0.008192;1.28801e+10;0
4425;0.02432;1.02421e+10;0
4426;0.024576;1.01569e+10;4.94066e-324
4427;0.0256;1.02499e+10;0
4428;0.026624;1.03812e+10;0
4429;0.026624;1.03861e+10;0
4430;0.021504;9.76386e+09;0
4431;0.024576;1.0239e+10;4.19956e-322
4432;0.02048;9.76073e+09;1.27616e-192
4433;0.049152;1.12075e+10;1.27616e-192
4434;0.02432;9.88327e+09;8.88883e-317
4435;0.026624;1.02674e+10;6.92147e-310
4436;0.06144;1.12015e+10;6.92147e-310
4437;0.050976;1.0864e+10;6.92147e-310
4438;0.023552;1.00815e+10;0
4439;0.008192;1.28801e+10;2.56761e-312
4440;0.023552;1.03249e+10;0
4441;0.024576;1.01414e+10;4.19956e-322
4442;0.0256;1.02361e+10;6.92147e-310
4443;0.114688;1.11636e+10;4.2804e-314
4444;0.026624;1.03735e+10;4.2804e-314
4445;0.02048;9.7556e+09;4.2804e-314
4446;0.024576;1.02332e+10;4.04665e-311
4447;0.02048;9.75659e+09;9.88131e-324
4448;0.049152;1.10875e+10;0
4449;0.02432;1.00963e+10;0
4450;0.026624;1.03791e+10;0
4451;0.06144;1.14399e+10;1.52666e-321
4452;0.050176;1.12073e+10;8.99007e-317
4453;0.023296;1.00771e+10;4.24399e-314
4454;0.008192;1.28342e+10;4.94066e-324
4455;0.023552;1.01185e+10;6.92147e-310
4456;0.024576;1.01547e+10;0
4457;0.0256;1.02354e+10;6.92147e-310
4458;0.026624;1.03728e+10;6.92147e-310
4459;0.026624;1.03707e+10;0
4460;0.021504;9.77379e+09;6.92147e-310
4461;0.024576;1.0231e+10;4.89388e-317
4462;0.021248;9.76239e+09;0
4463;0.050176;1.12009e+10;2.26875e-320
4464;0.023776;1.00866e+10;6.92147e-310
4465;0.026624;1.03777e+10;6.92147e-310
4466;0.06144;1.17649e+10;9.88131e-324
4467;0.050176;1.12488e+10;0
4468;0.022528;1.00838e+10;0
4469;0.008192;1.28801e+10;0
4470;0.023552;1.01237e+10;2.81617e-322
4471;0.024576;1.00778e+10;3.95253e-322
4472;0.0256;1.02347e+10;4.94066e-324
4473;0.026624;1.03728e+10;7.90505e-323
4474;0.026624;1.01641e+10;7.90505e-323
4475;0.021504;9.59893e+09;4.94066e-324
4476;0.024576;1.0036e+10;0
4477;0.02048;9.73348e+09;0
4478;0.049248;1.12128e+10;0
4479;0.02432;9.8754e+09;0
4480;0.026624;1.03707e+10;0
4481;0.06144;1.11375e+10;0
4482;0.050176;1.12053e+10;0
4483;0.022528;1.00845e+10;0
4484;0.008192;1.28686e+10;0
4485;0.023552;1.01192e+10;0
4486;0.024576;1.01495e+10;6.92147e-310
4487;0.0256;1.0231e+10;0
4488;0.026624;1.0377e+10;0
4489;0.026624;1.03728e+10;5.78057e-322
4490;0.02048;9.76221e+09;6.92147e-310
4491;0.024576;1.02289e+10;6.92147e-310
4492;0.02048;7.4813e+09;6.92147e-310
4493;0.049376;1.10883e+10;0
4494;0.023712;1.00896e+10;0
4495;0.026624;1.03602e+10;4.94066e-324
4496;0.061472;1.12983e+10;0
4497;0.050176;1.12196e+10;0
4498;0.022528;1.00913e+10;4.94066e-324
4499;0.008192;1.28744e+10;0
4500;0.023552;1.01192e+10;0
4501;0.024576;9.93605e+09;0
4502;0.0256;1.02282e+10;0
4503;0.026624;1.01789e+10;4.19956e-322
4504;0.026624;1.03749e+10;6.92147e-310
4505;0.02048;9.77793e+09;4.2804e-314
4506;0.024576;1.02332e+10;4.2804e-314
4507;0.02048;9.75577e+09;4.2804e-314
4508;0.049152;1.10787e+10;4.13153e-311
4509;0.023552;1.0097e+10;9.88131e-324
4510;0.026624;1.03714e+10;0
4511;0.06144;1.12008e+10;0
4512;0.050176;1.1119e+10;0
4513;0.023296;1.00741e+10;4.19956e-322
4514;0.008192;1.28801e+10;6.92147e-310
4515;0.02432;1.00946e+10;4.2804e-314
4516;0.024576;1.01547e+10;4.2804e-314
4517;0.0256;1.02361e+10;4.2804e-314
4518;0.026624;1.03707e+10;4.1294e-311
4519;0.026624;1.0377e+10;9.88131e-324
4520;0.02048;9.74489e+09;0
4521;0.024576;1.0239e+10;0
4522;0.02048;9.80984e+09;0
4523;0.050176;1.12005e+10;5.78057e-322
4524;0.024576;1.00851e+10;6.92147e-310
4525;0.026624;1.01661e+10;6.92147e-310
4526;0.06144;1.13736e+10;6.92147e-310
4527;0.050176;1.10885e+10;0
4528;0.023552;1.00756e+10;0
4529;0.008192;1.28744e+10;4.94066e-324
4530;0.023552;1.01095e+10;0
4531;0.025376;1.01444e+10;0
4532;0.0256;1.02354e+10;4.94066e-324
4533;0.026624;1.04235e+10;0
4534;0.026624;1.03665e+10;0
4535;0.02048;9.76551e+09;0
4536;0.024576;1.02245e+10;0
4537;0.02048;9.52791e+09;4.99006e-322
4538;0.049152;1.11977e+10;6.92147e-310
4539;0.023552;1.00858e+10;4.2804e-314
4540;0.026624;1.01702e+10;4.2804e-314
4541;0.062208;1.14442e+10;4.2804e-314
4542;0.050176;1.09839e+10;4.12304e-311
4543;0.022528;1.00778e+10;9.88131e-324
4544;0.008192;1.28686e+10;0
4545;0.023552;1.00961e+10;0
4546;0.024576;1.01554e+10;0
4547;0.0256;1.02426e+10;0
4548;0.026624;1.03728e+10;0
4549;0.026624;1.03819e+10;1.52666e-321
4550;0.020736;9.76303e+09;8.99007e-317
4551;0.024576;1.00284e+10;4.24399e-314
4552;0.02048;9.75411e+09;4.94066e-324
4553;0.050176;1.12499e+10;6.92147e-310
4554;0.023808;1.00881e+10;0
4555;0.027424;1.0377e+10;6.92147e-310
4556;0.06144;1.10973e+10;6.92147e-310
4557;0.050176;1.12822e+10;0
4558;0.022528;9.88157e+09;6.92147e-310
4559;0.008192;1.28744e+10;4.89388e-317
4560;0.023552;1.03351e+10;0
4561;0.024576;1.01458e+10;2.26875e-320
4562;0.0256;1.02841e+10;6.92147e-310
4563;0.026624;1.03714e+10;6.92147e-310
4564;0.026624;1.02202e+10;9.88131e-324
4565;0.021504;7.51874e+09;0
4566;0.024576;1.02376e+10;0
4567;0.02048;9.75494e+09;0
4568;0.050176;1.12026e+10;2.66795e-322
4569;0.023552;9.88256e+09;3.95253e-322
4570;0.027392;1.01803e+10;4.94066e-324
4571;0.06144;1.1292e+10;7.90505e-323
4572;0.050176;1.08771e+10;7.90505e-323
4573;0.02336;9.8787e+09;4.94066e-324
4574;0.008192;1.28801e+10;0
4575;0.023552;1.01147e+10;0
4576;0.024576;1.01473e+10;0
4577;0.0256;1.0279e+10;0
4578;0.026624;1.037e+10;0
4579;0.026368;1.03777e+10;0
4580;0.021504;9.76221e+09;0
4581;0.024576;1.02325e+10;0
4582;0.02048;9.75081e+09;0
4583;0.050176;1.09849e+10;0
4584;0.023552;1.01e+10;6.92147e-310
4585;0.026624;1.01681e+10;0
4586;0.06144;1.10996e+10;0
4587;0.050176;1.11234e+10;4.19956e-322
4588;0.023328;1.20846e+10;1.27616e-192
4589;0.008192;1.28686e+10;1.27616e-192
4590;0.023328;1.01523e+10;8.88883e-317
4591;0.024576;1.01561e+10;6.92147e-310
4592;0.0256;1.02354e+10;6.92147e-310
4593;0.026624;1.0187e+10;6.92147e-310
4594;0.026624;1.03728e+10;0
4595;0.020736;9.76799e+09;2.39786e-312
4596;0.024576;1.02347e+10;0
4597;0.02048;9.75577e+09;4.19956e-322
4598;0.049152;1.12153e+10;6.92147e-310
4599;0.023744;1.00896e+10;4.2804e-314
4600;0.026624;1.03749e+10;4.2804e-314
4601;0.06144;1.12267e+10;4.2804e-314
4602;0.050176;1.11577e+10;4.20792e-311
4603;0.022528;1.01085e+10;9.88131e-324
4604;0.008192;1.28859e+10;0
4605;0.022528;1.03265e+10;0
4606;0.024576;1.01444e+10;0
4607;0.0256;1.02361e+10;4.19956e-322
4608;0.026624;1.03721e+10;6.92147e-310
4609;0.026624;1.03693e+10;4.2804e-314
4610;0.021504;9.76386e+09;4.2804e-314
4611;0.024576;1.00298e+10;4.2804e-314
4612;0.02048;9.52081e+09;4.2058e-311
4613;0.049152;1.11395e+10;9.88131e-324
4614;0.023808;1.00717e+10;0
4615;0.026624;1.01695e+10;0
4616;0.06144;1.13929e+10;0
4617;0.050176;1.12686e+10;5.78057e-322
4618;0.022528;1.00815e+10;6.92147e-310
4619;0.008192;1.28686e+10;6.92147e-310
4620;0.022528;1.01207e+10;6.92147e-310
4621;0.024576;1.0148e+10;0
4622;0.0256;1.02318e+10;0
4623;0.026624;1.03665e+10;4.94066e-324
4624;0.026624;1.03805e+10;0
4625;0.021504;9.76303e+09;0
4626;0.024576;1.02296e+10;4.94066e-324
4627;0.021248;9.75742e+09;0
4628;0.050176;1.12001e+10;0
4629;0.023744;1.00896e+10;0
4630;0.026624;1.0363e+10;0
4631;0.06144;1.14155e+10;6.57107e-322
4632;0.050176;1.10949e+10;2.06986e-316
4633;0.023552;1.00875e+10;9.88131e-324
4634;0.008192;1.28744e+10;6.92147e-310
4635;0.024352;1.01147e+10;6.92147e-310
4636;0.024576;1.01954e+10;6.92147e-310
4637;0.0256;1.02383e+10;0
4638;0.026624;1.03714e+10;4.24399e-314
4639;0.026624;1.03805e+10;6.92147e-310
4640;0.02048;9.76056e+09;0
4641;0.024352;1.02325e+10;0
4642;0.02048;9.75329e+09;6.92147e-310
4643;0.049152;1.10963e+10;0
4644;0.023552;1.00888e+10;0
4645;0.026624;1.03784e+10;0
4646;0.06144;1.12993e+10;0
4647;0.050176;1.12053e+10;1.05236e-321
4648;0.023552;1.0083e+10;9.87758e-317
4649;0.008192;1.28629e+10;8.88883e-317
4650;0.02352;1.01185e+10;0
4651;0.024576;1.01539e+10;6.92147e-310
4652;0.0256;1.00312e+10;1.97626e-323
4653;0.026624;1.01715e+10;1.58101e-322
4654;0.026624;1.03805e+10;1.03767e-316
4655;0.02048;9.77048e+09;9.70444e-320
4656;0.024576;1.02325e+10;6.92147e-310
4657;0.02048;9.75577e+09;6.92148e-310
4658;0.049344;1.12136e+10;4.94066e-324
4659;0.023552;1.00888e+10;1.03767e-316
4660;0.026624;1.03567e+10;9.70444e-320
4661;0.06144;1.13017e+10;1.688e-316
4662;0.050176;1.12418e+10;3.22921e-319
4663;0.023296;9.54051e+09;0
4664;0.008192;1.28744e+10;0
4665;0.024352;1.01102e+10;0
4666;0.024576;1.01473e+10;0
4667;0.0256;1.02419e+10;0
4668;0.026624;1.03784e+10;0
4669;0.026624;1.03735e+10;0
4670;0.02048;9.53073e+09;0
4671;0.024576;1.00284e+10;0
4672;0.02048;9.75163e+09;0
4673;0.050976;1.10827e+10;1.52666e-321
4674;0.025344;1.00903e+10;8.99007e-317
4675;0.026624;1.03728e+10;4.24399e-314
4676;0.06144;1.12565e+10;4.94066e-324
4677;0.04992;1.12143e+10;6.92147e-310
4678;0.022528;1.00711e+10;0
4679;0.008192;1.28744e+10;6.92147e-310
4680;0.023552;1.01192e+10;6.92147e-310
4681;0.024576;1.01569e+10;0
4682;0.0256;1.02202e+10;6.92147e-310
4683;0.026624;1.01729e+10;4.89388e-317
4684;0.026624;1.03805e+10;0
4685;0.020608;9.76056e+09;2.26875e-320
4686;0.024576;1.02405e+10;6.92147e-310
4687;0.02048;9.75494e+09;6.92147e-310
4688;0.04928;1.09794e+10;9.88131e-324
4689;0.023552;7.79551e+09;0
4690;0.026624;1.21002e+10;0
4691;0.06144;1.12952e+10;0
4692;0.050176;1.12082e+10;3.95253e-322
4693;0.022528;1.00793e+10;2.71736e-322
4694;0.008192;1.28744e+10;4.94066e-324
4695;0.023296;1.01065e+10;7.90505e-323
4696;0.024576;9.94736e+09;7.90505e-323
4697;0.0256;1.02347e+10;4.94066e-324
4698;0.026624;1.03693e+10;0
4699;0.026624;1.03728e+10;0
4700;0.021504;9.75313e+09;0
4701;0.024576;1.02397e+10;0
4702;0.02128;9.75411e+09;0
4703;0.049152;1.12099e+10;0
4704;0.023552;1.00896e+10;0
4705;0.026624;1.03658e+10;0
4706;0.06144;1.12824e+10;0
4707;0.050176;1.12192e+10;0
4708;0.022528;1.00838e+10;6.92147e-310
4709;0.008192;1.28457e+10;0
4710;0.023552;1.01177e+10;0
4711;0.024576;9.9417e+09;5.78057e-322
4712;0.0256;1.00305e+10;6.92147e-310
4713;0.026624;1.03707e+10;6.92147e-310
4714;0.026624;8.50216e+09;6.92147e-310
4715;0.02048;9.76056e+09;0
4716;0.024352;1.00263e+10;0
4717;0.02048;9.75494e+09;4.94066e-324
4718;0.049152;1.09274e+10;0
4719;0.023552;1.00896e+10;0
4720;0.026624;1.01742e+10;4.94066e-324
4721;0.06144;1.12872e+10;0
4722;0.050176;1.10997e+10;0
4723;0.026624;1.037e+10;0
4724;0.027392;1.01729e+10;0
4725;0.021504;9.53231e+09;4.19956e-322
4726;0.027392;1.02116e+10;1.27616e-192
4727;0.02048;9.76239e+09;1.27616e-192
4728;0.050176;1.12005e+10;8.88883e-317
4729;0.02384;1.00866e+10;6.92147e-310
4730;0.026624;1.01756e+10;6.92147e-310
4731;0.06144;1.12972e+10;6.92147e-310
4732;0.050176;1.11371e+10;0
4733;0.022528;1.011e+10;2.39786e-312
4734;0.008288;1.28917e+10;0
4735;0.024352;1.01162e+10;4.19956e-322
4736;0.024576;1.01525e+10;6.92147e-310
4737;0.0256;7.87085e+09;4.2804e-314
4738;0.027392;1.03672e+10;4.2804e-314
4739;0.026624;1.03728e+10;4.2804e-314
4740;0.02048;9.76303e+09;4.19519e-311
4741;0.024576;1.02361e+10;9.88131e-324
4742;0.02048;9.75329e+09;0
4743;0.049152;1.12153e+10;0
4744;0.023744;9.88112e+09;0
4745;0.026624;1.03721e+10;4.19956e-322
4746;0.06144;1.11841e+10;6.92147e-310
4747;0.050176;1.12653e+10;4.2804e-314
4748;0.023488;9.86365e+09;4.2804e-314
4749;0.008192;1.28801e+10;4.2804e-314
4750;0.023552;1.03093e+10;4.19306e-311
4751;0.024576;1.01517e+10;9.88131e-324
4752;0.0256;1.02332e+10;0
4753;0.026624;1.037e+10;0
4754;0.026624;1.03693e+10;0
4755;0.02048;9.76303e+09;5.78057e-322
4756;0.024576;1.00256e+10;6.92147e-310
4757;0.02048;9.75246e+09;6.92147e-310
4758;0.049152;1.08716e+10;6.92147e-310
4759;0.02432;1.00813e+10;0
4760;0.026624;1.01803e+10;0
4761;0.06144;1.12997e+10;4.94066e-324
4762;0.050176;1.12196e+10;0
4763;0.023328;9.69282e+09;0
4764;0.008192;1.28917e+10;4.94066e-324
4765;0.023552;1.01147e+10;0
4766;0.024576;9.94948e+09;0
4767;0.0256;1.02318e+10;0
4768;0.026624;1.03735e+10;0
4769;0.026624;1.03679e+10;6.57107e-322
4770;0.021504;9.76303e+09;2.06986e-316
4771;0.024576;1.02361e+10;9.88131e-324
4772;0.02048;9.75577e+09;6.92147e-310
4773;0.050176;1.10963e+10;6.92147e-310
4774;0.024352;1.00732e+10;6.92147e-310
4775;0.026624;1.03798e+10;0
4776;0.062208;1.12113e+10;4.24399e-314
4777;0.050176;1.12204e+10;6.92147e-310
4778;0.023328;1.00808e+10;0
4779;0.008192;1.27943e+10;0
4780;0.023552;1.0293e+10;6.92147e-310
4781;0.024576;9.9417e+09;0
4782;0.0256;1.0231e+10;0
4783;0.026624;1.01776e+10;0
4784;0.026624;1.03784e+10;0
4785;0.020768;9.77213e+09;1.05236e-321
4786;0.024576;1.02339e+10;9.87758e-317
4787;0.02048;9.76239e+09;8.88883e-317
4788;0.050176;1.12095e+10;0
4789;0.023552;1.00911e+10;6.92147e-310
4790;0.026624;1.03812e+10;1.97626e-323
4791;0.06144;1.13508e+10;1.58101e-322
4792;0.050176;1.0989e+10;9.96017e-317
4793;0.022528;1.00741e+10;3.05678e-320
4794;0.008192;1.28859e+10;6.92147e-310
4795;0.023552;1.01162e+10;6.92148e-310
4796;0.024576;1.01466e+10;1.58101e-322
4797;0.0256;1.00277e+10;1.03767e-316
4798;0.026624;1.03805e+10;9.7242e-320
4799;0.026624;1.03651e+10;3.10839e-317
4800;0.021504;9.75808e+09;0
4801;0.024576;1.02761e+10;4.94066e-324
4802;0.02048;9.75577e+09;1.03767e-316
4803;0.049152;1.12009e+10;9.7242e-320
4804;0.024576;1.00925e+10;3.10839e-317
4805;0.026624;1.03497e+10;0
4806;0.06144;1.12028e+10;2.52962e-321
4807;0.050176;1.22701e+10;0
4808;0.02336;1.008e+10;0
4809;0.008192;1.28859e+10;0
4810;0.024352;1.00901e+10;0
4811;0.024576;1.01436e+10;1.52666e-321
4812;0.0256;1.02368e+10;8.99007e-317
4813;0.026624;1.03819e+10;4.24399e-314
4814;0.026624;1.16975e+10;4.94066e-324
4815;0.021504;9.76965e+09;6.92147e-310
4816;0.024576;1.02361e+10;0
4817;0.02048;9.75659e+09;6.92147e-310
4818;0.050176;1.09826e+10;6.92147e-310
4819;0.023552;1.00918e+10;0
4820;0.026624;1.03735e+10;6.92147e-310
4821;0.06144;1.14371e+10;4.89388e-317
4822;0.050944;1.11061e+10;0
4823;0.022528;1.00883e+10;2.27023e-320
4824;0.008192;1.28859e+10;6.92147e-310
4825;0.023552;1.0108e+10;6.92147e-310
4826;0.024576;1.01436e+10;0
4827;0.0256;1.02397e+10;2.42843e-317
4828;0.026624;1.03735e+10;6.92147e-310
4829;0.026624;1.03749e+10;0
4830;0.021504;9.76303e+09;0
4831;0.024576;1.02361e+10;0
4832;0.02048;9.75411e+09;0
4833;0.049152;1.10328e+10;0
4834;0.024352;1.00911e+10;0
4835;0.026624;1.03728e+10;0
4836;0.06224;1.12001e+10;0
4837;0.050176;1.12163e+10;0
4838;0.022528;1.17545e+10;0
4839;0.008192;1.28859e+10;0
4840;0.023552;9.88426e+09;0
4841;0.024576;1.01503e+10;0
4842;0.0256;1.03031e+10;0
4843;0.026624;1.04164e+10;0
4844;0.026624;1.03721e+10;0
4845;0.02064;9.76303e+09;0
4846;0.024576;1.02296e+10;6.92147e-310
4847;0.021248;9.52318e+09;0
4848;0.050176;1.10823e+10;0
4849;0.023552;1.00858e+10;4.19956e-322
4850;0.026624;1.0377e+10;1.27616e-192
4851;0.06144;1.1106e+10;1.27616e-192
4852;0.049152;1.12041e+10;8.88883e-317
4853;0.023296;9.86508e+09;6.92147e-310
4854;0.008192;1.28744e+10;6.92147e-310
4855;0.02432;1.01155e+10;6.92147e-310
4856;0.024576;1.01517e+10;0
4857;0.0256;1.02325e+10;2.56761e-312
4858;0.026624;1.03665e+10;0
4859;0.026624;1.03707e+10;4.19956e-322
4860;0.02048;9.76469e+09;6.92147e-310
4861;0.024576;1.00395e+10;4.2804e-314
4862;0.02048;9.75494e+09;4.2804e-314
4863;0.049152;1.12346e+10;4.2804e-314
4864;0.024352;1.00866e+10;4.15275e-311
4865;0.026624;1.03749e+10;9.88131e-324
4866;0.06144;1.12986e+10;0
4867;0.050176;1.10913e+10;0
4868;0.022528;9.87726e+09;0
4869;0.008192;1.28801e+10;4.19956e-322
4870;0.023552;1.03343e+10;6.92147e-310
4871;0.024576;9.95019e+09;4.2804e-314
4872;0.0256;1.02289e+10;4.2804e-314
4873;0.026624;1.03721e+10;4.2804e-314
4874;0.026624;1.03623e+10;4.15062e-311
4875;0.021344;1.27287e+10;9.88131e-324
4876;0.024576;1.02087e+10;0
4877;0.02048;9.52476e+09;0
4878;0.049248;1.09956e+10;0
4879;0.023616;1.00821e+10;1.63042e-322
4880;0.026624;9.99154e+09;6.92147e-310
4881;0.06144;1.13035e+10;6.92147e-310
4882;0.050176;1.096e+10;1.58101e-322
4883;0.023328;1.008e+10;4.15015e-322
4884;0.008192;1.28744e+10;6.92147e-310
4885;0.02432;1.01155e+10;4.2804e-314
4886;0.024576;9.95302e+09;4.2804e-314
4887;0.0256;1.00305e+10;4.2804e-314
4888;0.026624;1.03679e+10;4.18245e-311
4889;0.027424;1.0183e+10;9.88131e-324
4890;0.021504;9.76303e+09;0
4891;0.024576;1.02347e+10;0
4892;0.02048;9.76488e+09;0
4893;0.049152;1.12136e+10;4.19956e-322
4894;0.02432;1.00791e+10;6.92147e-310
4895;0.026624;1.0377e+10;4.2804e-314
4896;0.06144;1.14066e+10;4.2804e-314
4897;0.050176;1.12241e+10;4.2804e-314
4898;0.023456;1.00778e+10;4.18033e-311
4899;0.008192;1.28859e+10;9.88131e-324
4900;0.023552;1.00983e+10;0
4901;0.024576;1.01569e+10;0
4902;0.0256;1.02405e+10;0
4903;0.026624;1.01776e+10;5.78057e-322
4904;0.026624;1.01742e+10;6.92147e-310
4905;0.02048;9.76221e+09;6.92147e-310
4906;0.024576;1.02426e+10;6.92147e-310
4907;0.02048;9.76405e+09;0
4908;0.049152;1.11985e+10;0
4909;0.023552;1.00858e+10;4.94066e-324
4910;0.026624;1.03714e+10;0
4911;0.06144;1.12021e+10;0
4912;0.050176;1.10997e+10;4.94066e-324
4913;0.022528;1.15088e+10;0
4914;0.008192;1.28917e+10;0
4915;0.023552;9.90504e+09;0
4916;0.024576;9.95019e+09;0
4917;0.0264;1.02245e+10;6.57107e-322
4918;0.026624;1.03798e+10;2.06986e-316
4919;0.026624;1.03777e+10;9.88131e-324
4920;0.021504;9.76221e+09;6.92147e-310
4921;0.024576;1.02173e+10;6.92147e-310
4922;0.02048;9.77234e+09;6.92147e-310
4923;0.049152;1.10959e+10;0
4924;0.024576;1.00866e+10;4.24399e-314
4925;0.026624;1.03812e+10;6.92147e-310
4926;0.06144;1.13975e+10;0
4927;0.050176;1.12094e+10;0
4928;0.022528;1.00786e+10;6.92147e-310
4929;0.008192;1.28859e+10;0
4930;0.023488;9.90504e+09;0
4931;0.024576;9.9417e+09;0
4932;0.028672;1.02339e+10;0
4933;0.026624;1.03756e+10;4.19956e-322
4934;0.026624;1.03784e+10;6.92147e-310
4935;0.02048;9.75808e+09;4.2804e-314
4936;0.024576;1.02361e+10;4.2804e-314
4937;0.02048;9.52554e+09;4.2804e-314
4938;0.049152;1.12099e+10;4.13365e-311
4939;0.02432;9.87397e+09;9.88131e-324
4940;0.026624;1.03742e+10;0
4941;0.06144;1.12993e+10;0
4942;0.050176;1.1218e+10;0
4943;0.022528;1.00726e+10;4.19956e-322
4944;0.008192;1.28859e+10;1.27616e-192
4945;0.023552;1.00923e+10;1.27616e-192
4946;0.024576;9.9509e+09;8.88883e-317
4947;0.0256;1.02376e+10;6.92147e-310
4948;0.026624;1.02128e+10;6.92147e-310
4949;0.026624;1.0377e+10;6.92147e-310
4950;0.02128;9.53861e+09;0
4951;0.024576;1.02296e+10;2.39786e-312
4952;0.021504;9.75577e+09;0
4953;0.049152;1.10839e+10;1.05236e-321
4954;0.02432;1.00843e+10;9.87758e-317
4955;0.026624;1.01702e+10;8.88883e-317
4956;0.06144;1.13031e+10;0
4957;0.050176;1.0989e+10;6.92147e-310
4958;0.023552;1.00718e+10;1.97626e-323
4959;0.008192;1.28917e+10;1.58101e-322
4960;0.023552;1.03202e+10;9.96017e-317
4961;0.024576;1.01436e+10;3.05827e-320
4962;0.0256;1.02303e+10;6.92147e-310
4963;0.026624;1.14184e+10;6.92148e-310
4964;0.026624;1.03679e+10;1.58101e-322
4965;0.02048;9.76386e+09;1.03767e-316
4966;0.024576;1.02274e+10;9.72716e-320
4967;0.02048;9.76073e+09;0
4968;0.049152;1.10959e+10;6.92147e-310
4969;0.024576;1.00896e+10;4.94066e-324
4970;0.026624;1.03742e+10;1.03767e-316
4971;0.06144;1.17562e+10;9.72716e-320
4972;0.050176;1.12801e+10;0
4973;0.022528;1.00696e+10;6.92147e-310
4974;0.008192;1.28859e+10;0
4975;0.023552;1.01147e+10;0
4976;0.024576;1.0151e+10;0
4977;0.0256;1.00353e+10;0
4978;0.027424;1.03784e+10;0
4979;0.026624;1.03777e+10;4.19956e-322
4980;0.021504;9.77213e+09;6.92147e-310
4981;0.024576;1.02318e+10;4.2804e-314
4982;0.02048;9.75742e+09;4.2804e-314
4983;0.049152;1.11997e+10;4.2804e-314
4984;0.02448;1.00851e+10;3.15541e-311
4985;0.026624;1.0183e+10;9.88131e-324
4986;0.06144;1.13024e+10;0
4987;0.050176;1.12221e+10;0
4988;0.023552;1.19476e+10;0
4989;0.008192;1.28859e+10;4.19956e-322
4990;0.023552;1.01538e+10;6.92147e-310
4991;0.024576;1.01495e+10;4.2804e-314
4992;0.026368;1.02274e+10;4.2804e-314
4993;0.026624;1.03686e+10;4.2804e-314
4994;0.026624;1.0377e+10;3.15329e-311
4995;0.021504;9.76221e+09;9.88131e-324
4996;0.024576;1.02434e+10;0
4997;0.02048;9.75494e+09;0
4998;0.050176;1.12108e+10;0
4999;0.023552;1.00843e+10;6.57107e-322
