156;0.252096;0.024576;0.283744
157;0.197888;0.02064;0.235296
158;0.773376;0.06144;0.631616
159;0.207104;0.021504;0.234528
160;0.250752;0.023552;0.256384
161;0.75872;0.049152;0.55584
162;0.620896;0.050176;0.529824
163;0.27136;0.0256;0.302208
164;0.036256;0.008192;0.035712
165;0.290912;0.026624;0.312992
166;0.27712;0.026624;0.312864
167;0.26512;0.024576;0.314816
168;0.260672;0.023552;0.301184
169;0.26784;0.026624;0.294176
170;0.269376;0.023552;0.283104
171;0.27008;0.024576;0.291584
172;0.212864;0.02048;0.244896
173;0.770976;0.06144;0.640384
174;0.19824;0.021504;0.234048
175;0.241952;0.022528;0.275104
176;0.6288;0.050176;0.586304
177;0.580928;0.050176;0.54912
178;0.26208;0.0256;0.293024
179;0.03616;0.008192;0.03568
180;0.294432;0.026624;0.311968
181;0.285408;0.026624;0.303552
182;0.256544;0.024576;0.286272
183;0.260416;0.023552;0.282656
184;0.285216;0.026624;0.303328
185;0.26064;0.023552;0.294144
186;0.272576;0.024576;0.302144
187;0.216352;0.021504;0.25648
188;0.767296;0.06144;0.668064
189;0.342368;0.021504;0.24512
190;0.26;0.022528;0.305888
191;0.62144;0.050176;0.539584
192;0.6216;0.050176;0.52928
193;0.270432;0.0256;0.303232
194;0.036128;0.008192;0.03568
195;0.266944;0.026624;0.284512
196;0.285344;0.026624;0.284928
197;0.246144;0.024576;0.27792
198;0.250528;0.023552;0.255648
199;0.286464;0.026624;0.283904
200;0.241472;0.024576;0.283136
201;0.280384;0.024576;0.274048
202;0.19792;0.020512;0.235168
203;0.744736;0.06144;0.688608
204;0.198304;0.021504;0.243744
205;0.260416;0.023552;0.29376
206;0.630848;0.050176;0.548928
207;0.629408;0.050176;0.53872
208;0.272128;0.0256;0.301376
209;0.036192;0.008192;0.035712
210;0.259296;0.026624;0.28448
211;0.294592;0.026624;0.304128
212;0.264352;0.024576;0.287104
213;0.25024;0.023552;0.292064
214;0.297184;0.026624;0.30464
215;0.251456;0.02384;0.283552
216;0.271808;0.024576;0.292608
217;0.200064;0.021504;0.243872
218;0.914656;0.06144;0.63168
219;0.198112;0.021504;0.235136
220;0.260992;0.023552;0.265632
221;0.638176;0.049152;0.565056
222;0.639328;0.050176;0.56864
223;0.261888;0.0256;0.283776
224;0.036192;0.008224;0.03568
225;0.266784;0.026624;0.293824
226;0.276256;0.026624;0.275904
227;0.254912;0.024576;0.269216
228;0.260224;0.023552;0.274016
229;0.287296;0.026624;0.302368
230;0.260832;0.024576;0.264512
231;0.261888;0.024576;0.311392
232;0.206784;0.02048;0.244768
233;0.767872;0.06144;0.659328
234;0.198304;0.02048;0.234816
235;0.261024;0.022528;0.28352
236;0.628864;0.049152;0.556928
237;0.604256;0.050176;0.538528
238;0.271072;0.0256;0.308512
239;0.03616;0.008192;0.036
240;0.266784;0.026624;0.274912
241;0.287072;0.026624;0.323648
242;0.265888;0.0256;0.286816
243;0.26016;0.022528;0.292448
244;0.360352;0.026624;0.417696
245;0.259936;0.023552;0.283392
246;0.270912;0.024576;0.291904
247;0.207136;0.020544;0.234752
248;0.76016;0.06144;0.623008
249;0.198016;0.021504;0.24816
250;0.259968;0.022528;0.284352
251;0.634496;0.050176;0.557664
252;0.602464;0.050176;0.556576
253;0.253376;0.0256;0.292448
254;0.03616;0.008192;0.035712
255;0.285248;0.026624;0.283488
256;0.29456;0.026624;0.331456
257;0.257664;0.024576;0.287328
258;0.260256;0.022528;0.292928
259;0.286272;0.026752;0.284608
260;0.251584;0.024576;0.2752
261;0.261472;0.024576;0.302176
262;0.20816;0.02048;0.233664
263;0.762208;0.06144;0.669888
264;0.200384;0.021504;0.234368
265;0.251808;0.023552;0.28336
266;0.594176;0.049152;0.547392
267;0.593632;0.050176;0.539104
268;0.271008;0.0256;0.30528
269;0.03616;0.008192;0.03568
270;0.409632;0.026624;0.346368
271;0.303744;0.026624;0.31248
272;0.265664;0.024576;0.304992
273;0.26896;0.023552;0.292768
274;0.28624;0.026624;0.284608
275;0.252;0.023648;0.29312
276;0.273504;0.024576;0.301824
277;0.2128;0.02048;0.245376
278;0.785152;0.06144;0.639872
279;0.197888;0.021504;0.2448
280;0.261056;0.023552;0.292704
281;0.629888;0.050176;0.568352
282;0.620992;0.050176;0.53856
283;0.271392;0.0256;0.302784
284;0.03616;0.008256;0.03584
285;0.285248;0.026624;0.293728
286;0.285568;0.026624;0.312224
287;0.264832;0.024576;0.267776
288;0.260224;0.023552;0.283232
289;0.305408;0.026624;0.31328
290;0.250752;0.024576;0.29216
291;0.27904;0.024576;0.283392
292;0.207264;0.02064;0.224448
293;0.777312;0.06144;0.641408
294;0.197952;0.021504;0.244096
295;0.260288;0.023552;0.293088
296;0.629792;0.050176;0.556352
297;0.621472;0.050176;0.538528
298;0.271584;0.026624;0.302912
299;0.036224;0.008192;0.03568
300;0.277056;0.026624;0.293056
301;0.285376;0.026624;0.31328
302;0.265152;0.024576;0.276992
303;0.259552;0.022528;0.29184
304;0.30592;0.026624;0.321088
305;0.259936;0.023808;0.283392
306;0.261952;0.024576;0.293056
307;0.206816;0.02048;0.245216
308;0.814112;0.06144;0.66848
309;0.197952;0.021504;0.243584
310;0.251808;0.022656;0.291552
311;0.643104;0.050176;0.612224
468;0.268896;0.022528;0.292448
469;0.242752;0.023552;0.265536
470;0.628064;0.049152;0.537888
471;0.656576;0.050176;0.575936
472;0.2712;0.0256;0.303232
473;0.036096;0.008192;0.03568
474;0.267968;0.026624;0.284608
475;0.287584;0.027648;0.321696
476;0.264288;0.024576;0.288128
477;0.260384;0.023552;0.283584
478;0.295552;0.026624;0.312256
479;0.260768;0.024576;0.284
480;0.280512;0.024576;0.302432
481;0.206912;0.02048;0.22544
482;0.799008;0.06144;0.695808
483;0.204256;0.021504;0.367424
484;0.24368;0.023552;0.265408
485;0.647488;0.050176;0.5824
486;0.640256;0.050176;0.540096
487;0.269952;0.0256;0.312576
488;0.036096;0.008192;0.03568
489;0.266944;0.026624;0.28512
490;0.295488;0.026624;0.304192
491;0.26496;0.024576;0.3152
492;0.27008;0.023552;0.292256
493;0.2912;0.026624;0.313568
494;0.26192;0.024576;0.303456
495;0.261792;0.024576;0.294016
496;0.20912;0.020736;0.243424
497;0.795488;0.06144;0.668096
498;0.199168;0.021504;0.25184
499;0.261152;0.022528;0.283744
500;0.64768;0.04928;0.62112
501;0.620032;0.050176;0.530912
502;0.258688;0.0256;0.294528
503;0.036128;0.008192;0.035712
504;0.266944;0.026624;0.284896
505;0.27296;0.026624;0.303488
506;0.26416;0.024576;0.287264
507;0.25184;0.023552;0.255008
508;0.285344;0.026624;0.312896
509;0.261312;0.023552;0.264416
510;0.38544;0.024576;0.294016
511;0.214208;0.02048;0.2552
512;0.783776;0.06144;0.64864
513;0.198112;0.02048;0.226048
514;0.261472;0.022528;0.284448
515;0.6016;0.050176;0.556832
516;0.630272;0.050176;0.54016
517;0.270592;0.0256;0.30384
518;0.036064;0.008192;0.035648
519;0.286432;0.026624;0.3136
520;0.296352;0.026624;0.321696
521;0.273792;0.024576;0.29728
522;0.260928;0.023552;0.29232
523;0.285376;0.026624;0.323264
524;0.252;0.024576;0.283136
525;0.271584;0.024576;0.293696
526;0.208256;0.021504;0.242016
527;0.776896;0.06144;0.65888
528;0.199072;0.021504;0.243648
529;0.260544;0.022528;0.292032
530;0.630176;0.049152;0.597792
531;0.63024;0.050176;0.549344
532;0.280192;0.0256;0.313088
533;0.036064;0.008192;0.03568
534;0.285376;0.026624;0.312864
535;0.295456;0.026624;0.275488
536;0.264288;0.024576;0.2688
537;0.260544;0.023552;0.263776
538;0.285376;0.026624;0.303808
539;0.261632;0.024576;0.292064
540;0.27984;0.024576;0.302688
541;0.207968;0.02048;0.244448
542;0.78608;0.06144;0.659968
543;0.199552;0.021504;0.244672
544;0.26976;0.023552;0.284384
545;0.62912;0.049152;0.556992
546;0.620992;0.050176;0.54064
547;0.279552;0.0256;0.30368
548;0.036128;0.008192;0.03568
549;0.27616;0.026624;0.302336
550;0.286528;0.026624;0.312032
551;0.265984;0.024576;0.306624
552;0.2608;0.023552;0.2832
553;0.294976;0.026624;0.312
554;0.26192;0.02368;0.28192
555;0.270592;0.024576;0.293184
556;0.208288;0.02048;0.244928
557;0.777376;0.06144;0.658816
558;0.199104;0.021504;0.24384
559;0.250496;0.022656;0.292288
560;0.628768;0.050176;0.619104
561;0.628864;0.050176;0.568256
562;0.270816;0.0256;0.303904
563;0.036384;0.008192;0.03568
564;0.276864;0.026624;0.284832
565;0.279808;0.026624;0.283808
566;0.263936;0.024576;0.315232
567;0.242912;0.023552;0.28304
568;0.286816;0.026624;0.312576
569;0.270688;0.023552;0.301408
570;0.279456;0.024576;0.302944
571;0.208064;0.02048;0.243584
572;0.777184;0.06144;0.679328
573;0.199488;0.021504;0.244192
574;0.270752;0.023552;0.293056
575;0.61888;0.050176;0.585024
576;0.649696;0.050176;0.596416
577;0.27024;0.0256;0.304256
578;0.036096;0.008192;0.03568
579;0.277184;0.026624;0.285632
580;0.28528;0.026624;0.295552
581;0.26512;0.024576;0.296992
582;0.259392;0.022528;0.264288
583;0.285376;0.026624;0.30352
584;0.26112;0.023552;0.28368
585;0.27024;0.024576;0.30256
586;0.20688;0.02048;0.243616
587;0.761664;0.06144;0.631776
588;0.199136;0.021504;0.243648
589;0.266624;0.023552;0.285792
590;0.620128;0.050176;0.567104
591;0.632;0.050176;0.549792
592;0.279072;0.0256;0.311072
593;0.036064;0.008192;0.03568
594;0.267968;0.026624;0.2856
595;0.286976;0.026624;0.302944
596;0.264608;0.024576;0.287712
597;0.26992;0.022528;0.301952
598;0.277216;0.026624;0.312512
599;0.262144;0.023552;0.300864
600;0.26128;0.024576;0.302944
601;0.208256;0.020672;0.252768
602;0.787712;0.06144;0.71344
603;0.199456;0.021504;0.234592
604;0.26128;0.022528;0.265888
605;0.627712;0.050176;0.584992
606;0.639136;0.050176;0.567232
607;0.271872;0.0256;0.304224
608;0.036064;0.008192;0.035712
609;0.267968;0.026624;0.295648
610;0.295456;0.026624;0.28432
611;0.264288;0.024576;0.306528
612;0.259744;0.022528;0.283648
613;0.295264;0.026624;0.312832
614;0.261184;0.024576;0.273376
615;0.261152;0.024576;0.275264
616;0.208352;0.02048;0.253696
617;0.763808;0.06144;0.639488
618;0.346528;0.021504;0.292704
619;0.261504;0.022528;0.265024
620;0.628704;0.050176;0.611584
621;0.629952;0.050176;0.559008
622;0.279552;0.0256;0.303488
623;0.036064;0.008192;0.03568
624;0.286048;0.026624;0.312992
625;0.746464;0.06144;0.63024
626;0.20416;0.021504;0.243872
627;0.271424;0.022528;0.292544
628;0.627712;0.050176;0.559872
629;0.622048;0.050176;0.549344
630;0.279136;0.0256;0.302688
631;0.036288;0.008192;0.03568
632;0.296;0.026624;0.323072
633;0.285216;0.026624;0.284
634;0.265056;0.024576;0.287552
635;0.25952;0.022528;0.291392
636;0.295616;0.026624;0.312704
637;0.262144;0.023552;0.264192
638;0.279808;0.024576;0.29392
639;0.217888;0.02048;0.243904
640;0.769856;0.06144;0.66864
641;0.204192;0.021504;0.233568
642;0.262176;0.023552;0.284608
643;0.619872;0.049152;0.651168
644;0.622272;0.050176;0.539616
645;0.261024;0.0256;0.302144
646;0.036096;0.008192;0.03568
647;0.285376;0.026624;0.284896
648;0.28624;0.026624;0.3032
649;0.264256;0.024576;0.278496
650;0.260416;0.022528;0.293792
651;0.285376;0.026624;0.312832
652;0.261376;0.024576;0.282656
653;0.280096;0.024576;0.283488
654;0.207296;0.02048;0.245024
655;0.777536;0.06144;0.640448
656;0.199456;0.021504;0.24528
657;0.26016;0.022528;0.29344
658;0.62064;0.049152;0.58448
659;0.628928;0.050176;0.567264
660;0.269856;0.0256;0.303168
661;0.036096;0.008192;0.035712
662;0.267072;0.026624;0.283872
663;0.286368;0.026624;0.310944
664;0.255072;0.024576;0.288832
665;0.261472;0.022528;0.28352
666;0.295616;0.026624;0.32192
667;0.261824;0.023552;0.292192
668;0.270912;0.024576;0.302528
669;0.21728;0.02048;0.242848
670;0.754592;0.061472;0.673184
671;0.241344;0.021504;0.355936
672;0.261504;0.022528;0.302464
673;0.631168;0.050176;0.56688
674;0.62;0.050176;0.529408
675;0.270912;0.0256;0.3032
676;0.036064;0.008192;0.03568
677;0.285376;0.026624;0.32096
678;0.296448;0.026688;0.313568
679;0.264384;0.024576;0.288032
680;0.260768;0.022528;0.283232
681;0.278176;0.026624;0.312576
682;0.261088;0.023552;0.263648
683;0.279584;0.024576;0.302944
684;0.217152;0.02048;0.245824
685;0.783008;0.06144;0.705888
686;0.204096;0.021504;0.244896
687;0.260128;0.022592;0.263008
688;0.653792;0.050176;0.631872
689;0.620992;0.050176;0.5672
690;0.27104;0.0256;0.28576
691;0.036064;0.009216;0.03568
692;0.286048;0.027648;0.304384
693;0.294464;0.026624;0.292992
694;0.2456;0.024576;0.268832
695;0.261152;0.022784;0.283776
696;0.285376;0.026624;0.30384
697;0.261152;0.023552;0.291712
698;0.432512;0.024576;0.303264
699;0.217536;0.02048;0.255872
700;0.782528;0.06144;0.660288
701;0.199616;0.021504;0.24384
702;0.261504;0.023552;0.28432
703;0.620896;0.050176;0.594208
704;0.619968;0.050176;0.558048
705;0.270624;0.0256;0.306304
706;0.036096;0.008192;0.035712
707;0.27616;0.026624;0.304416
708;0.28624;0.026656;0.283776
709;0.264448;0.024576;0.296448
710;0.270048;0.023552;0.283232
711;0.294496;0.026624;0.32192
712;0.2608;0.023776;0.273408
713;0.269984;0.024576;0.302496
714;0.21792;0.02048;0.243968
715;0.757984;0.06144;0.66096
716;0.198816;0.021504;0.224928
717;0.270336;0.022688;0.283456
718;0.628992;0.050176;0.558976
719;0.58768;0.050176;0.539616
720;0.2608;0.0256;0.285088
721;0.036096;0.008192;0.036
722;0.277184;0.026624;0.28512
723;0.286272;0.026624;0.321216
724;0.273536;0.109568;0.319168
725;0.262272;0.022528;0.28352
726;0.28608;0.026784;0.303424
727;0.251872;0.023808;0.283264
728;0.269856;0.024576;0.294016
729;0.207936;0.020544;0.24528
730;0.7992;0.06144;0.641056
731;0.199136;0.021504;0.243968
732;0.270496;0.023552;0.293056
733;0.63808;0.050176;0.575296
734;0.620096;0.050176;0.54896
735;0.27088;0.0256;0.304288
736;0.03616;0.008192;0.03568
737;0.286112;0.026624;0.294816
738;0.27808;0.026624;0.29328
739;0.26528;0.024576;0.296128
740;0.26144;0.022528;0.290848
741;0.277856;0.026624;0.285248
742;0.271904;0.023552;0.291808
743;0.252192;0.024704;0.28432
744;0.19984;0.02048;0.234144
745;0.784512;0.06144;0.659808
746;0.209088;0.021504;0.243648
747;0.280192;0.022528;0.282912
748;0.637312;0.050176;0.594208
749;0.62;0.050176;0.53088
750;0.326464;0.0256;0.334784
751;0.036096;0.008192;0.03568
752;0.276576;0.02688;0.28512
753;0.286688;0.026624;0.303808
754;0.264672;0.024576;0.287744
755;0.270464;0.023552;0.29248
756;0.294528;0.026624;0.303648
757;0.270272;0.024576;0.26416
758;0.270816;0.024576;0.294048
759;0.208768;0.021504;0.243968
760;0.759264;0.06144;0.631488
761;0.199264;0.021504;0.24336
762;0.250976;0.022528;0.284608
763;0.627776;0.050176;0.567104
764;0.611424;0.050176;0.548608
765;0.269888;0.0256;0.30288
766;0.036064;0.008192;0.035808
767;0.276928;0.026624;0.285088
768;0.28624;0.026624;0.311968
769;0.26432;0.024576;0.278304
770;0.260352;0.022528;0.310688
771;0.294592;0.026624;0.294272
772;0.251872;0.023712;0.28288
773;0.270176;0.024576;0.312928
774;0.207936;0.02048;0.256704
775;0.786496;0.06144;0.658976
776;0.198112;0.021504;0.24384
777;0.26224;0.023552;0.28272
778;0.628096;0.050176;0.549152
779;0.620288;0.050176;0.53984
780;0.270112;0.0256;0.31184
937;0.268896;0.023552;0.274112
938;0.297216;0.026688;0.302496
939;0.331456;0.023552;0.41568
940;0.269952;0.024576;0.31136
941;0.208288;0.02048;0.244384
942;0.780576;0.06144;0.631648
943;0.208256;0.021504;0.252768
944;0.260544;0.022528;0.284
945;0.628768;0.04944;0.574048
946;0.639328;0.050176;0.548
947;0.27152;0.0256;0.3032
948;0.036512;0.008192;0.03568
949;0.285184;0.026624;0.31248
950;0.27616;0.026624;0.285088
951;0.256352;0.024576;0.295424
952;0.25936;0.023552;0.265408
953;0.28624;0.026624;0.302816
954;0.278784;0.023552;0.27392
955;0.271616;0.024576;0.291072
956;0.207968;0.020608;0.245728
957;0.78032;0.06144;0.640384
958;0.198112;0.021504;0.244768
959;0.26048;0.023552;0.284064
960;0.601536;0.049408;0.547968
961;0.613568;0.050176;0.549504
962;0.27024;0.0256;0.303456
963;0.036192;0.008192;0.035712
964;0.26784;0.027648;0.284032
965;0.28656;0.026624;0.294848
966;0.265728;0.024576;0.295424
967;0.268576;0.023552;0.283616
968;0.295872;0.026624;0.321248
969;0.269344;0.023648;0.265184
970;0.272288;0.024576;0.319552
971;0.208256;0.02048;0.238208
972;0.779936;0.06144;0.632032
973;0.199456;0.021504;0.238464
974;0.269664;0.023552;0.293824
975;0.629088;0.049152;0.63936
976;0.62016;0.050176;0.606528
977;0.276352;0.0256;0.282944
978;0.03616;0.008224;0.035968
979;0.285248;0.026624;0.321952
980;0.294624;0.026624;0.313024
981;0.26672;0.024576;0.305504
982;0.25968;0.022816;0.283264
983;0.287264;0.026624;0.30272
984;0.271008;0.023552;0.2744
985;0.262016;0.024576;0.292704
986;0.206944;0.02048;0.238208
987;0.806048;0.06144;0.641408
988;0.198112;0.021504;0.243264
989;0.261472;0.022528;0.292736
990;0.675136;0.050176;0.593472
991;0.770624;0.050176;0.55952
992;0.271712;0.0256;0.302688
993;0.03616;0.008224;0.03568
994;0.266816;0.026624;0.282784
995;0.286496;0.02672;0.312832
996;0.26544;0.024576;0.287072
997;0.25024;0.02272;0.282752
998;0.286272;0.026624;0.312064
999;0.269888;0.023552;0.265216
1000;0.272288;0.024576;0.274176
1001;0.225728;0.020704;0.245536
1002;0.785472;0.06144;0.692608
1003;0.199072;0.021504;0.23504
1004;0.261696;0.023552;0.284064
1005;0.619904;0.050176;0.546912
1006;0.640512;0.050176;0.540384
1007;0.271616;0.025792;0.30272
1008;0.036128;0.008224;0.03568
1009;0.266816;0.026624;0.275168
1010;0.285376;0.026624;0.303808
1011;0.266208;0.024576;0.267808
1012;0.259712;0.022528;0.283552
1013;0.27776;0.026624;0.293632
1014;0.269472;0.024576;0.284
1015;0.26224;0.024576;0.301632
1016;0.20896;0.02048;0.244704
1017;0.764608;0.06144;0.641408
1018;0.239776;0.021504;0.255456
1019;0.261344;0.023552;0.283872
1020;0.639616;0.049152;0.582496
1021;0.639456;0.050176;0.539008
1022;0.28048;0.0256;0.301664
1023;0.03616;0.008192;0.03568
1024;0.285248;0.02672;0.312512
1025;0.285376;0.026848;0.312864
1026;0.264;0.024576;0.287104
1027;0.252128;0.022816;0.301472
1028;0.286272;0.026624;0.284608
1029;0.26928;0.023648;0.304448
1030;0.262112;0.024576;0.292736
1031;0.216416;0.02048;0.244416
1032;0.79456;0.06144;0.706976
1033;0.20768;0.021504;0.244096
1034;0.263328;0.022528;0.293152
1035;0.638432;0.050176;0.58576
1036;0.6216;0.050176;0.55776
1037;0.270944;0.0256;0.3104
1038;0.036544;0.008224;0.03568
1039;0.2944;0.026624;0.310752
1040;0.285376;0.026624;0.29456
1041;0.274656;0.024576;0.305504
1042;0.25936;0.023552;0.254624
1043;0.29616;0.026624;0.312096
1044;0.260032;0.02368;0.38528
1045;0.271296;0.024576;0.301824
1046;0.211808;0.02048;0.25312
1047;0.75776;0.06144;0.632192
1048;0.199424;0.021504;0.245024
1049;0.260448;0.022528;0.29168
1050;0.611392;0.049152;0.556416
1051;0.61184;0.050176;0.538016
1052;0.268896;0.026624;0.304224
1053;0.03616;0.008192;0.03568
1054;0.262336;0.026624;0.311968
1055;0.295264;0.026624;0.313056
1056;0.265728;0.024608;0.287072
1057;0.259808;0.022816;0.282752
1058;0.286976;0.026624;0.274688
1059;0.260768;0.02368;0.3016
1060;0.28016;0.024576;0.283392
1061;0.207968;0.02048;0.2456
1062;0.780352;0.06144;0.701792
1063;0.207712;0.021504;0.243584
1064;0.261856;0.023552;0.28432
1065;0.638336;0.049152;0.556928
1066;0.629952;0.050176;0.539008
1067;0.271616;0.0256;0.302208
1068;0.036256;0.008224;0.035712
1069;0.285216;0.026624;0.310944
1070;0.29456;0.026624;0.31184
1071;0.329728;0.024576;0.34304
1072;0.260416;0.022816;0.292448
1073;0.286272;0.026624;0.284096
1074;0.260832;0.023648;0.283904
1075;0.262976;0.024576;0.292608
1076;0.20736;0.02048;0.245696
1077;0.77104;0.06144;0.66848
1078;0.19904;0.02048;0.243552
1079;0.261888;0.022528;0.284384
1080;0.639296;0.050176;0.584576
1081;0.640384;0.050176;0.580992
1082;0.280448;0.0256;0.303936
1083;0.036192;0.008224;0.03568
1084;0.266816;0.026624;0.282784
1085;0.29472;0.026624;0.296672
1086;0.265824;0.024576;0.295424
1087;0.260032;0.022528;0.272256
1088;0.28624;0.026624;0.312864
1089;0.269088;0.024576;0.274368
1090;0.271296;0.024576;0.292608
1091;0.207296;0.02048;0.245376
1092;0.786336;0.06144;0.669344
1250;0.036032;0.009216;0.035712
1251;0.285376;0.026624;0.312544
1252;0.2944;0.026912;0.303808
1253;0.256864;0.024576;0.287616
1254;0.270112;0.022528;0.264192
1255;0.29472;0.026624;0.304064
1256;0.25072;0.024576;0.264192
1257;0.269952;0.024576;0.302944
1258;0.207552;0.02048;0.243488
1259;0.808928;0.06144;0.660864
1260;0.207712;0.021504;0.225184
1261;0.261472;0.023552;0.274336
1262;0.637632;0.049152;0.630336
1263;0.6432;0.050176;0.593376
1264;0.270624;0.0256;0.30624
1265;0.036128;0.008192;0.03568
1266;0.277184;0.026624;0.312576
1267;0.296384;0.026624;0.275904
1268;0.264576;0.024576;0.29696
1269;0.270624;0.022528;0.274496
1270;0.285376;0.026624;0.30352
1271;0.271072;0.023552;0.28208
1272;0.279808;0.024576;0.292192
1273;0.199744;0.02048;0.244288
1274;0.796768;0.06144;0.629792
1275;0.199168;0.021504;0.235136
1276;0.251936;0.023552;0.293152
1277;0.645856;0.049344;0.584608
1278;0.620032;0.050176;0.642848
1279;0.28016;0.0256;0.2752
1280;0.036064;0.008192;0.035712
1281;0.276224;0.026624;0.312736
1282;0.294464;0.026624;0.303872
1283;0.273472;0.024576;0.28672
1284;0.270368;0.022528;0.292064
1285;0.286176;0.0256;0.304448
1286;0.256608;0.023808;0.291616
1287;0.269888;0.024576;0.293344
1288;0.20784;0.02048;0.252192
1289;0.790144;0.060416;0.631168
1290;0.199328;0.021504;0.244384
1291;0.318016;0.022528;0.310624
1292;0.646688;0.050176;0.557376
1293;0.6112;0.050176;0.560192
1294;0.270624;0.0256;0.305216
1295;0.036096;0.008224;0.03568
1296;0.28608;0.026624;0.312256
1297;0.28592;0.026624;0.31296
1298;0.264384;0.024576;0.288064
1299;0.260096;0.023552;0.283232
1300;0.303744;0.026624;0.322848
1301;0.251904;0.024576;0.282592
1302;0.26096;0.024576;0.28448
1303;0.199136;0.02048;0.243552
1304;0.796544;0.06144;0.630784
1305;0.199808;0.021504;0.252992
1306;0.26192;0.023552;0.291968
1307;0.62912;0.049152;0.567904
1308;0.629344;0.050176;0.568288
1309;0.270784;0.0256;0.3032
1310;0.036096;0.008192;0.035712
1311;0.295616;0.026624;0.312768
1312;0.28624;0.026624;0.302592
1313;0.264256;0.024576;0.296736
1314;0.25152;0.022528;0.283552
1315;0.285472;0.026624;0.313248
1316;0.250816;0.024576;0.300864
1317;0.261312;0.024576;0.293248
1318;0.198752;0.02048;0.243424
1319;0.759424;0.06144;0.629216
1320;0.199456;0.021504;0.24384
1321;0.252832;0.022528;0.284352
1322;0.629728;0.049152;0.593472
1323;0.620096;0.050176;0.595424
1324;0.280128;0.0256;0.305248
1325;0.03616;0.008192;0.035904
1326;0.286048;0.026624;0.312576
1327;0.286976;0.026624;0.284
1328;0.26528;0.024576;0.288288
1329;0.269216;0.023552;0.263904
1330;0.29456;0.027648;0.323808
1331;0.270432;0.02368;0.291648
1332;0.27952;0.024576;0.321696
1333;0.19824;0.02048;0.243456
1334;0.772544;0.06144;0.677696
1335;0.199424;0.021504;0.245184
1336;0.269632;0.023552;0.29296
1337;0.610592;0.049152;0.585472
1338;0.63968;0.050176;0.540128
1339;0.2712;0.0256;0.303392
1340;0.036096;0.008192;0.03568
1341;0.267648;0.026624;0.284704
1342;0.2864;0.026624;0.317024
1343;0.274176;0.024576;0.287328
1344;0.399968;0.022528;0.301152
1345;0.286496;0.02688;0.29456
1346;0.261088;0.023552;0.291296
1347;0.270208;0.024576;0.266112
1348;0.198144;0.02048;0.243296
1349;0.7792;0.06144;0.678368
1350;0.196896;0.021504;0.244704
1351;0.259264;0.023552;0.293472
1352;0.64752;0.049152;0.547552
1353;0.639456;0.050176;0.558528
1354;0.271904;0.0256;0.29312
1355;0.03616;0.008192;0.035712
1356;0.267936;0.026624;0.285088
1357;0.30032;0.026624;0.311616
1358;0.264608;0.024576;0.288064
1359;0.2608;0.022528;0.284064
1360;0.285344;0.026624;0.313056
1361;0.261088;0.023552;0.299776
1362;0.27056;0.024576;0.30304
1363;0.200064;0.02048;0.234272
1364;0.775584;0.06144;0.630656
1365;0.205056;0.021504;0.769344
1366;0.261568;0.023552;0.338304
1367;0.638368;0.049248;1.98531
1368;0.640544;0.050176;0.557984
1369;0.270944;0.0256;0.305216
1370;0.036096;0.008192;0.03568
1371;0.280928;0.026624;0.313024
1372;0.285952;0.026624;0.302528
1373;0.255968;0.024576;0.288096
1374;0.270624;0.023552;0.291744
1375;0.28608;0.026624;0.312544
1376;0.261472;0.024576;0.282048
1377;0.27024;0.024576;0.293952
1378;0.19808;0.02048;0.243008
1379;0.781664;0.06144;0.991136
1380;0.20848;0.021504;0.8616
1381;0.27072;0.022688;0.330528
1382;0.630816;0.050176;1.84912
1383;0.639456;0.050176;0.567328
1384;0.270912;0.0256;0.302656
1385;0.036096;0.008192;0.03568
1386;0.266944;0.026624;0.286112
1387;0.284192;0.026848;0.303264
1388;0.274336;0.024576;0.277504
1389;0.261088;0.023552;0.283232
1390;0.285376;0.026624;0.313056
1391;0.261376;0.023552;0.30288
1392;0.279872;0.024576;0.303232
1393;0.20368;0.02048;0.242944
1394;0.77712;0.06144;0.816416
1395;0.250592;0.021504;1.12445
1396;0.271424;0.022528;0.330592
1397;0.649408;0.049152;1.89309
1398;0.640512;0.050176;0.62304
1399;0.26992;0.0256;0.302144
1400;0.036064;0.008224;0.035712
1401;0.281216;0.026368;0.303872
1402;0.285216;0.026624;0.283808
1403;0.264736;0.024576;0.29552
1404;0.242976;0.022528;0.264832
1405;0.260448;0.022528;0.284992
1562;0.202912;0.021504;0.842592
1563;0.260192;0.023552;0.33072
1564;0.637536;0.050176;1.85456
1565;0.630272;0.050176;0.548736
1566;0.331008;0.0256;0.420416
1567;0.036192;0.008192;0.035712
1568;0.285216;0.026656;0.312928
1569;0.285376;0.026624;0.304128
1570;0.266016;0.024576;0.28624
1571;0.260672;0.023552;0.283072
1572;0.304672;0.026624;0.310688
1573;0.269312;0.023552;0.283104
1574;0.271264;0.0256;0.310304
1575;0.202528;0.021504;0.24288
1576;0.780544;0.06144;0.72176
1577;0.203936;0.021504;0.972416
1578;0.270592;0.022528;0.303328
1579;0.638272;0.049152;1.96973
1580;0.630016;0.050176;0.64352
1581;0.279424;0.0256;0.28224
1582;0.03616;0.008192;0.035872
1583;0.27776;0.026624;0.303296
1584;0.295232;0.026624;0.30336
1585;0.265696;0.024576;0.29472
1586;0.259328;0.023552;0.291232
1587;0.295584;0.026624;0.301344
1588;0.270016;0.023552;0.302848
1589;0.271232;0.024576;0.310336
1590;0.207232;0.02048;0.242848
1591;0.775872;0.06144;0.67776
1592;0.248992;0.021504;0.941344
1593;0.262048;0.022528;0.329376
1594;0.631808;0.050176;2.2073
1595;0.658144;0.050176;0.59584
1596;0.27104;0.0256;0.307008
1597;0.03616;0.008192;0.035712
1598;0.276032;0.026624;0.303264
1599;0.286208;0.026624;0.302496
1600;0.257024;0.024576;0.277344
1601;0.259936;0.023552;0.292832
1602;0.28624;0.026624;0.302624
1603;0.250816;0.023552;0.2928
1604;0.270912;0.024576;0.291616
1605;0.207872;0.02048;0.243392
1606;0.782272;0.06144;0.685728
1607;0.199104;0.021504;0.990528
1608;0.270496;0.022528;0.321536
1609;0.6472;0.050176;1.67222
1610;0.648672;0.050176;0.58496
1611;0.271648;0.0256;0.30688
1612;0.036352;0.008256;0.035712
1613;0.26752;0.026624;0.284544
1614;0.2864;0.026624;0.312864
1615;0.26128;0.024576;0.268096
1616;0.2608;0.022816;0.282304
1617;0.286368;0.026624;0.311776
1618;0.261088;0.023648;0.283072
1619;0.269856;0.024576;0.292608
1620;0.257856;0.02048;0.366048
1621;0.781792;0.06144;0.677536
1622;0.207712;0.021504;0.806816
1623;0.265248;0.022528;0.339136
1624;0.62192;0.050176;2.06173
1625;0.668512;0.050176;0.584896
1626;0.270944;0.0256;0.311104
1627;0.03616;0.008224;0.035712
1628;0.271584;0.027648;0.284
1629;0.296032;0.026624;0.30384
1630;0.256032;0.024576;0.285728
1631;0.260288;0.022528;0.282752
1632;0.286944;0.027648;0.312384
1633;0.26032;0.023552;0.28208
1634;0.270912;0.024576;0.301824
1635;0.198784;0.02048;0.24352
1636;0.777152;0.06144;0.678592
1637;0.204064;0.021504;0.980928
1638;0.260768;0.022528;0.339136
1639;0.628832;0.049152;2.05139
1640;0.649728;0.050176;0.607136
1641;0.271008;0.0256;0.310912
1642;0.036288;0.009216;0.035712
1643;0.276736;0.026624;0.29632
1644;0.295328;0.026624;0.313088
1645;0.26512;0.024576;0.28656
1646;0.260384;0.023552;0.274048
1647;0.284928;0.026624;0.30336
1648;0.260128;0.023552;0.284096
1649;0.270592;0.024576;0.302176
1650;0.198016;0.02048;0.24336
1651;0.783008;0.06144;0.695008
1652;0.207712;0.021504;0.722816
1653;0.260512;0.022528;0.33888
1654;0.62912;0.049408;1.91286
1655;0.632544;0.050176;0.54672
1656;0.270944;0.0256;0.2944
1657;0.036256;0.008192;0.03568
1658;0.26752;0.026624;0.302432
1659;0.29632;0.026624;0.313344
1660;0.266048;0.024576;0.287136
1661;0.25936;0.02272;0.28304
1662;0.30528;0.027648;0.312032
1663;0.251616;0.02384;0.28368
1664;0.262208;0.024576;0.31072
1665;0.20768;0.02048;0.24464
1666;0.772064;0.06144;0.67808
1667;0.20832;0.02048;1.00794
1668;0.317888;0.023552;0.455392
1669;0.647968;0.049312;1.93926
1670;0.6312;0.050176;0.549408
1671;0.270144;0.0256;0.313984
1672;0.036224;0.008192;0.035744
1673;0.296448;0.026624;0.312128
1674;0.295264;0.026624;0.285184
1675;0.266016;0.024576;0.307072
1676;0.25952;0.022528;0.274624
1677;0.286272;0.026624;0.302496
1678;0.260448;0.023552;0.283616
1679;0.271744;0.024576;0.264544
1680;0.207328;0.021504;0.252064
1681;0.780352;0.06144;0.71568
1682;0.198144;0.02048;0.833568
1683;0.260256;0.022528;0.338752
1684;0.637984;0.049152;2.08992
1685;0.64544;0.050176;0.594592
1686;0.271936;0.0256;0.274208
1687;0.03616;0.008192;0.03568
1688;0.276032;0.027648;0.311936
1689;0.295424;0.026624;0.312832
1690;0.256512;0.027648;0.286912
1691;0.268896;0.022528;0.282944
1692;0.28688;0.026624;0.302624
1693;0.27872;0.023552;0.264672
1694;0.335776;0.024576;0.326208
1695;0.212736;0.02048;0.243456
1696;0.773184;0.06144;0.737472
1697;0.198112;0.021504;0.916064
1698;0.260384;0.023552;0.3384
1699;0.639136;0.049152;1.75446
1700;0.637568;0.050176;0.568736
1701;0.27168;0.0256;0.301696
1702;0.03616;0.008192;0.03568
1703;0.295488;0.026624;0.303072
1704;0.295584;0.026624;0.304832
1705;0.256096;0.0256;0.295264
1706;0.26848;0.023552;0.26384
1707;0.297152;0.026656;0.311872
1708;0.269152;0.024576;0.29424
1709;0.271552;0.024576;0.291712
1710;0.207136;0.02048;0.243264
1711;0.77296;0.06144;0.668512
1712;0.202944;0.021504;0.768864
1713;0.27024;0.022528;0.32928
1714;0.647424;0.050176;2.07014
1715;0.640352;0.050176;0.53856
1716;0.28032;0.0256;0.301888
1717;0.257568;0.023552;0.292192
1875;0.270848;0.02368;0.301312
1876;0.279968;0.024576;0.264992
1877;0.197504;0.02048;0.2528
1878;0.79536;0.06144;1.6976
1879;0.208608;0.021504;0.888448
1880;0.26112;0.022528;0.320416
1881;0.61856;0.04944;2.06877
1882;0.630784;0.050176;0.5944
1883;0.267744;0.0256;0.274688
1884;0.03616;0.008224;0.035712
1885;0.295328;0.026368;0.313376
1886;0.279776;0.026624;0.292
1887;0.264544;0.024576;0.305312
1888;0.242176;0.022528;0.25616
1889;0.29456;0.026624;0.303872
1890;0.333824;0.023552;0.349184
1891;0.270752;0.024576;0.302176
1892;0.198944;0.02048;0.224032
1893;0.736768;0.06144;0.696608
1894;0.204128;0.021504;0.998848
1895;0.26944;0.022688;0.347328
1896;0.66464;0.050176;1.98534
1897;0.629952;0.050176;0.566176
1898;0.26976;0.0256;0.293728
1899;0.036064;0.008192;0.03568
1900;0.285376;0.026624;0.313056
1901;0.305408;0.026624;0.293184
1902;0.264704;0.024576;0.28736
1903;0.260544;0.022816;0.28352
1904;0.2864;0.026624;0.312736
1905;0.260928;0.023648;0.291872
1906;0.269888;0.024576;0.2928
1907;0.198592;0.020608;0.242816
1908;0.743648;0.06144;0.668448
1909;0.208544;0.021504;0.860288
1910;0.242912;0.022528;0.302208
1911;0.655232;0.049152;2.10406
1912;0.644448;0.050176;0.632768
1913;0.33568;0.0256;0.414432
1914;0.036096;0.008192;0.035712
1915;0.27616;0.026624;0.285632
1916;0.295456;0.026624;0.311968
1917;0.273312;0.024576;0.287552
1918;0.261984;0.022528;0.28304
1919;0.29456;0.026624;0.304288
1920;0.27936;0.024576;0.300416
1921;0.271104;0.024576;0.294176
1922;0.196192;0.020512;0.232224
1923;0.763424;0.06144;0.687392
1924;0.207584;0.021504;0.971712
1925;0.270912;0.022528;0.329376
1926;0.638176;0.050176;1.88784
1927;0.636192;0.050176;0.58704
1928;0.288672;0.0256;0.316512
1929;0.036096;0.008192;0.035712
1930;0.29456;0.026624;0.31328
1931;0.295456;0.026624;0.275296
1932;0.273504;0.024576;0.296224
1933;0.268736;0.022528;0.28304
1934;0.303776;0.026624;0.322208
1935;0.268864;0.023552;0.291168
1936;0.279648;0.024576;0.302464
1937;0.18944;0.02048;0.224
1938;0.790624;0.06144;0.686848
1939;0.25088;0.021504;0.94512
1940;0.261344;0.023552;0.3392
1941;0.643008;0.050176;2.23363
1942;0.6288;0.050176;0.614336
1943;0.27024;0.0256;0.306272
1944;0.036096;0.008192;0.03568
1945;0.271488;0.026624;0.28512
1946;0.286944;0.026624;0.312512
1947;0.265088;0.024576;0.29632
1948;0.270656;0.023552;0.292768
1949;0.304832;0.026624;0.293056
1950;0.260864;0.023552;0.2912
1951;0.270656;0.024672;0.293536
1952;0.197728;0.02048;0.224544
1953;0.790752;0.06144;0.68688
1954;0.20304;0.021504;0.989824
1955;0.262048;0.022528;0.339072
1956;0.648288;0.050176;2.10509
1957;0.668032;0.050176;0.548832
1958;0.279968;0.0256;0.30256
1959;0.036128;0.008224;0.03568
1960;0.273856;0.026624;0.284896
1961;0.295456;0.026624;0.311936
1962;0.272992;0.024576;0.287264
1963;0.260992;0.023552;0.292736
1964;0.482272;0.026624;0.313632
1965;0.27088;0.023552;0.272896
1966;0.28;0.024576;0.292672
1967;0.202656;0.02048;0.251936
1968;0.777376;0.06144;0.676896
1969;0.200032;0.021504;0.823936
1970;0.270272;0.022816;0.301408
1971;0.652736;0.049152;1.94038
1972;0.638272;0.050176;0.612832
1973;0.279552;0.0256;0.274656
1974;0.036064;0.008192;0.035744
1975;0.285376;0.026624;0.312832
1976;0.29616;0.026624;0.309888
1977;0.274688;0.024576;0.296256
1978;0.261408;0.022528;0.271968
1979;0.29472;0.026624;0.304448
1980;0.2688;0.024576;0.281568
1981;0.28032;0.0256;0.283488
1982;0.204736;0.02048;0.243072
1983;0.808608;0.06144;0.686304
1984;0.21744;0.021504;0.9072
1985;0.27056;0.023552;0.339296
1986;0.636896;0.050176;1.99402
1987;0.629408;0.050176;0.5488
1988;0.27904;0.0256;0.283904
1989;0.036064;0.008192;0.035712
1990;0.276384;0.026624;0.313024
1991;0.296192;0.026624;0.283776
1992;0.264384;0.0256;0.29664
1993;0.269792;0.022688;0.272576
1994;0.285376;0.026624;0.304352
1995;0.26176;0.023552;0.272672
1996;0.279488;0.024576;0.311104
1997;0.202688;0.021504;0.23376
1998;0.786144;0.06144;0.71472
1999;0.203072;0.02048;0.851808
2000;0.26032;0.023552;0.320576
2001;0.66496;0.050176;2.0647
2002;0.656704;0.050304;0.578016
2003;0.270112;0.0256;0.29344
2004;0.036096;0.008224;0.035712
2005;0.276864;0.026624;0.30384
2006;0.295168;0.026624;0.293728
2007;0.273088;0.024576;0.29632
2008;0.269856;0.022528;0.282784
2009;0.294688;0.02688;0.303328
2010;0.262112;0.023552;0.282016
2011;0.270784;0.024576;0.303328
2012;0.19792;0.02048;0.242432
2013;0.734592;0.06144;0.676128
2014;0.203072;0.021504;0.990176
2015;0.270528;0.022528;0.293024
2016;0.657696;0.049152;1.90288
2017;0.643104;0.050176;0.539168
2018;0.279296;0.0256;0.324128
2019;0.036064;0.008192;0.03568
2020;0.277888;0.027648;0.28512
2021;0.295456;0.02672;0.311488
2022;0.263776;0.024576;0.305504
2023;0.269184;0.022528;0.282656
2024;0.285376;0.026624;0.31408
2025;0.26096;0.023552;0.291648
2026;0.278976;0.024576;0.29296
2027;0.198208;0.021504;0.242976
2028;0.773664;0.06144;0.70448
2029;0.295424;0.026624;0.801472
2030;0.295552;0.026624;0.285056
2187;0.272768;0.026624;0.285536
2188;0.447328;0.026624;0.374592
2189;0.257632;0.024576;0.29424
2190;0.260192;0.023552;0.283072
2191;0.285888;0.026624;0.302624
2192;0.26912;0.02384;0.282752
2193;0.280992;0.024576;0.299776
2194;0.198624;0.02048;0.243488
2195;0.796448;0.06144;0.67792
2196;0.213152;0.021504;1.04483
2197;0.269504;0.023552;0.264608
2198;0.638144;0.049152;2.32608
2199;0.62208;0.050176;0.547232
2200;0.271552;0.0256;0.29984
2201;0.03616;0.008192;0.03568
2202;0.267488;0.027392;0.283488
2203;0.295296;0.026624;0.304768
2204;0.266944;0.024576;0.294784
2205;0.268576;0.022528;0.26416
2206;0.277024;0.026624;0.283904
2207;0.251424;0.023552;0.264448
2208;0.271232;0.024576;0.29264
2209;0.206816;0.02048;0.252576
2210;0.781184;0.06144;0.686816
2211;0.198272;0.021504;0.907104
2212;0.260448;0.022688;0.28352
2213;0.628672;0.049152;2.01219
2214;0.630176;0.050176;0.53904
2215;0.262592;0.0256;0.282432
2216;0.036192;0.008192;0.035712
2217;0.271392;0.026624;0.283904
2218;0.277888;0.026624;0.294592
2219;0.2664;0.024576;0.267776
2220;0.259552;0.022816;0.282784
2221;0.296192;0.026624;0.330016
2222;0.269184;0.023552;0.29216
2223;0.271744;0.024576;0.300096
2224;0.196096;0.021504;0.224448
2225;0.766912;0.06144;0.727968
2226;0.202912;0.021504;0.972672
2227;0.269184;0.022528;0.283328
2228;0.605856;0.049152;2.3952
2229;0.622976;0.050176;0.529408
2230;0.271072;0.0256;0.303232
2231;0.036128;0.008192;0.03568
2232;0.266816;0.026624;0.283776
2233;0.296064;0.026624;0.322048
2234;0.2752;0.024576;0.26736
2235;0.260256;0.022528;0.292352
2236;0.295904;0.026624;0.302304
2237;0.250848;0.023552;0.292608
2238;0.270912;0.024576;0.302144
2239;0.190016;0.02048;0.224704
2240;0.76096;0.06144;0.66944
2241;0.207232;0.021504;1.03616
2242;0.26048;0.022816;0.292544
2243;0.610272;0.050176;2.24522
2244;0.668128;0.050176;0.610016
2245;0.263008;0.0256;0.282944
2246;0.03616;0.008224;0.03568
2247;0.276448;0.027392;0.28384
2248;0.29456;0.026624;0.312832
2249;0.264832;0.024576;0.285728
2250;0.259936;0.022528;0.283584
2251;0.286208;0.026624;0.312032
2252;0.251392;0.023552;0.264576
2253;0.280992;0.024576;0.30112
2254;0.197984;0.02048;0.243392
2255;0.798784;0.060416;0.67824
2256;0.208128;0.021504;1.01155
2257;0.260992;0.022528;0.303072
2258;0.656576;0.050176;2.21651
2259;0.666944;0.050176;0.546688
2260;0.289536;0.0256;0.324256
2261;0.036192;0.008192;0.035712
2262;0.271328;0.026624;0.284032
2263;0.304512;0.026624;0.312512
2264;0.320576;0.024576;0.307776
2265;0.260896;0.023552;0.291744
2266;0.304704;0.026624;0.274848
2267;0.260832;0.023552;0.292448
2268;0.280896;0.024576;0.283392
2269;0.202688;0.02048;0.2432
2270;0.783392;0.06144;0.770368
2271;0.213184;0.021504;0.722496
2272;0.26096;0.023552;0.294048
2273;0.65664;0.050176;2.16797
2274;0.647552;0.050176;0.557472
2275;0.280224;0.0256;0.304224
2276;0.036128;0.008192;0.03568
2277;0.294464;0.026624;0.284
2278;0.296256;0.026624;0.313024
2279;0.264832;0.024576;0.267264
2280;0.261152;0.023552;0.282688
2281;0.304224;0.026624;0.294112
2282;0.260128;0.023552;0.292576
2283;0.280032;0.024576;0.290848
2284;0.208608;0.020704;0.242848
2285;0.789792;0.06144;2.44854
2286;0.212096;0.02048;0.253824
2287;0.269216;0.022528;0.303232
2288;0.639232;0.049248;0.537408
2289;0.620992;0.050176;0.593152
2290;0.26256;0.0256;0.292
2291;0.03616;0.008192;0.03568
2292;0.276736;0.026624;0.28512
2293;0.294592;0.026624;0.32224
2294;0.275104;0.024576;0.27648
2295;0.268736;0.022816;0.295904
2296;0.287296;0.026624;0.302496
2297;0.279008;0.023552;0.328288
2298;0.279296;0.024576;0.292608
2299;0.207168;0.020608;0.252576
2300;0.768224;0.06144;0.676768
2301;0.198272;0.021504;0.244064
2302;0.26992;0.022528;0.303936
2303;0.637952;0.050176;0.565248
2304;0.633728;0.050176;0.566144
2305;0.281056;0.0256;0.304768
2306;0.03616;0.008192;0.035712
2307;0.2944;0.026624;0.302432
2308;0.2952;0.026624;0.285152
2309;0.275296;0.024576;0.287392
2310;0.268736;0.022528;0.307552
2311;0.296192;0.026624;0.321792
2312;0.26896;0.023552;0.311424
2313;0.280512;0.024576;0.301152
2314;0.207488;0.02048;0.242656
2315;0.784832;0.06144;0.676256
2316;0.208288;0.021504;0.243552
2317;0.269184;0.022656;0.265088
2318;0.614624;0.050176;0.594272
2319;0.621376;0.050176;0.593792
2320;0.280896;0.0256;0.274208
2321;0.036288;0.008192;0.03568
2322;0.295488;0.026624;0.31184
2323;0.295296;0.026624;0.303552
2324;0.275104;0.024576;0.295584
2325;0.259904;0.022528;0.311776
2326;0.29632;0.026688;0.302496
2327;0.2784;0.023552;0.3096
2328;0.280832;0.024576;0.301088
2329;0.207808;0.02048;0.243456
2330;0.761088;0.06144;0.666464
2331;0.208736;0.021504;0.257984
2332;0.257984;0.022528;0.293824
2333;0.63024;0.049152;0.55664
2334;0.612704;0.050176;0.538016
2335;0.271296;0.0256;0.301856
2336;0.03616;0.008192;0.035712
2337;0.276032;0.026624;0.28448
2338;0.304832;0.026624;0.313024
2339;0.274816;0.024576;0.287072
2340;0.25984;0.023552;0.29552
2341;0.27024;0.023552;0.283648
2342;0.614688;0.050176;0.594208
2500;0.28608;0.026624;0.313024
2501;0.252224;0.023552;0.290624
2502;0.260704;0.024576;0.275392
2503;0.19872;0.02048;0.243968
2504;0.7816;0.06144;0.696032
2505;0.199776;0.021504;0.234752
2506;0.316576;0.023552;0.315424
2507;0.609728;0.049152;0.528192
2508;0.638048;0.050176;0.539936
2509;0.270624;0.0256;0.293056
2510;0.036064;0.008192;0.035744
2511;0.27616;0.026624;0.284864
2512;0.28608;0.026624;0.303232
2513;0.273952;0.024576;0.296832
2514;0.262016;0.023552;0.283552
2515;0.286656;0.026624;0.302304
2516;0.261472;0.023552;0.291424
2517;0.28944;0.024576;0.29296
2518;0.199808;0.020672;0.225056
2519;0.735392;0.060416;0.631264
2520;0.199136;0.021504;0.234112
2521;0.261472;0.022784;0.283776
2522;0.61888;0.050176;0.529184
2523;0.610784;0.050176;0.53856
2524;0.270944;0.0256;0.293952
2525;0.036096;0.008224;0.035712
2526;0.272576;0.026624;0.28512
2527;0.296192;0.026624;0.302752
2528;0.264672;0.024576;0.287264
2529;0.26944;0.023552;0.255552
2530;0.29456;0.026624;0.30352
2531;0.270688;0.023552;0.301408
2532;0.288608;0.024576;0.294016
2533;0.231328;0.02048;0.250336
2534;0.768448;0.06144;0.631264
2535;0.208736;0.021504;0.244704
2536;0.2704;0.022528;0.29408
2537;0.63728;0.049152;0.531072
2538;0.578752;0.050176;0.529888
2539;0.270688;0.0256;0.304224
2540;0.036352;0.008224;0.035776
2541;0.276864;0.026624;0.28512
2542;0.28752;0.026624;0.302784
2543;0.264992;0.024576;0.277504
2544;0.279072;0.023552;0.2832
2545;0.287648;0.026624;0.313056
2546;0.280224;0.024576;0.283232
2547;0.271552;0.024576;0.302752
2548;0.19808;0.021504;0.263424
2549;0.768256;0.06144;0.629088
2550;0.20304;0.021504;0.263808
2551;0.262176;0.022528;0.274272
2552;0.627776;0.050176;0.537888
2553;0.594016;0.050176;0.5304
2554;0.270944;0.026624;0.303168
2555;0.036064;0.008192;0.03568
2556;0.27616;0.026624;0.28512
2557;0.28624;0.026624;0.303232
2558;0.27424;0.024576;0.260608
2559;0.326368;0.022528;0.327552
2560;0.28608;0.026624;0.304032
2561;0.261824;0.023552;0.301024
2562;0.28032;0.024576;0.293696
2563;0.199136;0.02064;0.243488
2564;0.754048;0.06144;0.6952
2565;0.209088;0.02048;0.2432
2566;0.26144;0.023552;0.284
2567;0.618912;0.049152;0.53824
2568;0.621056;0.050176;0.539584
2569;0.288608;0.0256;0.30352
2570;0.036064;0.008192;0.035968
2571;0.27616;0.026624;0.285632
2572;0.295456;0.026624;0.30128
2573;0.273952;0.024576;0.287584
2574;0.269632;0.022528;0.283552
2575;0.29632;0.026624;0.303008
2576;0.271008;0.023552;0.29168
2577;0.270912;0.024576;0.294048
2578;0.199072;0.02048;0.243296
2579;0.7496;0.06144;0.676288
2580;0.20912;0.021504;0.244128
2581;0.262528;0.022528;0.283616
2582;0.619712;0.049152;0.52816
2583;0.619776;0.050176;0.5304
2584;0.335648;0.0256;0.35824
2585;0.036096;0.008192;0.03568
2586;0.309088;0.026624;0.303456
2587;0.29616;0.026624;0.293216
2588;0.273536;0.024576;0.28752
2589;0.260736;0.022528;0.280448
2590;0.304512;0.026624;0.303264
2591;0.26192;0.023552;0.300704
2592;0.280448;0.024576;0.292704
2593;0.199136;0.02048;0.244416
2594;0.749728;0.06144;0.69632
2595;0.208672;0.021504;0.242624
2596;0.262208;0.022528;0.28384
2597;0.620896;0.050176;0.536256
2598;0.620992;0.050176;0.539584
2599;0.279424;0.0256;0.304192
2600;0.036096;0.008192;0.03568
2601;0.27616;0.026624;0.284864
2602;0.27808;0.026624;0.28448
2603;0.27392;0.024576;0.288064
2604;0.270656;0.023552;0.282688
2605;0.276832;0.026624;0.285696
2606;0.270688;0.023552;0.255648
2607;0.288608;0.024576;0.293216
2608;0.190624;0.02064;0.243232
2609;0.767872;0.06144;0.68784
2610;0.20768;0.021504;0.243328
2611;0.272064;0.022528;0.283552
2612;0.786176;0.050176;0.635232
2613;0.62208;0.050176;0.622848
2614;0.280192;0.0256;0.294656
2615;0.036096;0.008192;0.03568
2616;0.295616;0.027648;0.302336
2617;0.29616;0.026624;0.302432
2618;0.282688;0.024576;0.287232
2619;0.261408;0.023552;0.292448
2620;0.294592;0.026624;0.311552
2621;0.269696;0.023552;0.272896
2622;0.271936;0.024576;0.293728
2623;0.190144;0.02048;0.25616
2624;0.750176;0.06144;0.70496
2625;0.216512;0.021504;0.24368
2626;0.26224;0.023552;0.28432
2627;0.619712;0.050176;0.5512
2628;0.612512;0.050176;0.540128
2629;0.270944;0.0256;0.302464
2630;0.036096;0.008192;0.03568
2631;0.27616;0.026624;0.284096
2632;0.304384;0.026624;0.302432
2633;0.27424;0.024576;0.295968
2634;0.269696;0.022528;0.283232
2635;0.295296;0.026624;0.318624
2636;0.270368;0.023712;0.282592
2637;0.27088;0.024576;0.293984
2638;0.199232;0.02048;0.243808
2639;0.961024;0.06144;0.75152
2640;0.21328;0.021504;0.244064
2641;0.271488;0.022528;0.282496
2642;0.618912;0.049152;0.577024
2643;0.61184;0.050176;0.540128
2644;0.289376;0.0256;0.283904
2645;0.036064;0.008192;0.035712
2646;0.296032;0.026624;0.303552
2647;0.295424;0.026624;0.283968
2648;0.255712;0.024576;0.269312
2649;0.270656;0.022528;0.273376
2650;0.295648;0.026624;0.311232
2651;0.271072;0.023552;0.310752
2652;0.297856;0.024576;0.29312
2653;0.19904;0.02048;0.244544
2654;8.17725e-140;1.433e-284;0.77712
2655;1.87135e+84;8.73946e-19;0.250592
2812;4.23826e-293;2.59922e-236;0.207104
2813;3.08895e-110;9.43989e-241;0.782016
2814;1.11857e-96;-4.60522e-147;0.202976
2815;1.9983e-13;4.68946e-241;0.269408
2816;1.07843e+194;-5.45934e-06;0.639264
2817;-1.42008e-147;2.71242e-307;0.604352
2818;-6.22225e+133;6.64057e-303;0.271232
2819;1.69512e-192;2.30994e-245;0.03616
2820;1.73396e-255;1.73517e+199;0.268864
2821;-1.3456e+175;4.95386e+117;0.7992
2822;-6.08165e-46;4.70497e-294;0.202912
2823;5.42868e-236;-1.37722e-218;0.260192
2824;9.6218e-198;2.48644e-178;0.637536
2825;1.00343e-303;1.7104e-279;0.630272
2826;1.21663e-62;5.06809e-241;0.331008
2827;7.00272e-251;4.07522e+257;0.036192
2828;1.17967e-250;2.05327e+239;0.285216
2829;5.67283e-217;4.50477e-294;0.285376
2830;4.2238e-09;5.30011e+48;0.266016
2831;6.04855e-207;6.58116e-217;0.260672
2832;3.01655e-197;3.21599e-274;0.304672
2833;3.71983e-202;3.72403e-294;0.269312
2834;5.44669e-270;2.82764e-183;0.271264
2835;2.51191e-308;9.81353e+203;0.202528
2836;1.35512e-250;8.59589e-246;0.780544
2837;1.80307e-221;9.07803e+237;0.203936
2838;4.08972e-207;5.08135e-178;0.270592
2839;8.25695e-294;-2.04557e+235;0.638272
2840;1.69367e-231;-8.43855e-196;0.630016
2841;2.58598e-289;-2.86257e-289;0.279424
2842;1.77036e-207;-4.63456e-16;0.03616
2843;8.67907e-275;-6.9007e+274;0.27776
2844;1.26811e+26;-2.87483e+230;0.295232
2845;8.30956e-275;-206.339;0.265696
2846;3.32954e-294;-2.33188e+120;0.259328
2847;4.27694e+58;8.15364e+257;0.295584
2848;5.37911e-299;2.03053e-220;0.270016
2849;2.43757e-289;-1.0874e-85;0.271232
2850;7.29112e-304;1.12955e-129;0.207232
2851;7.75219e-304;0.00349876;0.775872
2852;4.19381e-309;7.85643e-294;0.248992
2853;2.43757e-289;-1.01416e+21;0.262048
2854;3.91746e-294;-6.705e-144;0.631808
2855;2.43757e-289;-0.768952;0.658144
2856;7.29114e-304;-3.96876e-137;0.27104
2857;9.91841e-280;5.06743e-59;0.03616
2858;1.08205e-114;2.9931e+184;0.276032
2859;3.59437e+55;7.38368e+199;0.286208
2860;-2.67813e+245;-4.06713e-247;0.257024
2861;0.0017851;-4.08485e-127;0.259936
2862;-3.38006e-138;2.17385e-207;0.28624
2863;-2.2447e-124;8.77989e+15;0.250816
2864;1.3245e+07;1.30907e+166;0.270912
2865;4.73684e-270;1.64915e+287;0.207872
2866;1.3241e-279;3.80559e-08;0.782272
2867;1.11426e-100;4.70726e+106;0.199104
2868;1.60595e-168;-6.4457e+89;0.270496
2869;1.47971e+282;6.99526e+44;0.6472
2870;-3.54201e+37;8.74481e-251;0.648672
2871;-1.49217e-63;2.83408e-110;0.271648
2872;5.02139e+289;1.32221e-221;0.036352
2873;-2.28142e-195;3.45934e+97;0.26752
2874;1.54611e-192;-4.62344e-274;0.2864
2875;3.70004e-245;1.4276e+54;0.26128
2876;1.05268e-177;-1.32902e-287;0.2608
2877;2.17162e-57;-6.73278e-225;0.286368
2878;9.31702e-299;2.91924e-138;0.261088
2879;1.4714e-168;3.67851e-165;0.269856
2880;-7.29709e+26;7.62127e-19;0.257856
2881;1.06778e+308;-2.77906e-205;0.781792
2882;6.99851e+190;4.66033e-279;0.207712
2883;1.32811e+288;9.13354e-304;0.265248
2884;1.32801e-79;2.18204e-289;0.62192
2885;8.21142e-304;-7.96721e+260;0.668512
2886;7.23066e-275;-2.38067e-82;0.270944
2887;9.66377e-50;4.3441e+189;0.03616
2888;6.78425e-192;-2.30026e+139;0.271584
2889;-1.76712e-277;5.65895e-125;0.296032
2890;3.30944e-149;2.75746e+170;0.256032
2891;1.40936e-149;-8.22435e+114;0.260288
2892;2.67134e-288;5.93922e-255;0.286944
2893;1.81615e-81;-8.06882e+177;0.26032
2894;4.31775e+10;-5.00792e-180;0.270912
2895;-1.39952e+36;2.87067e-110;0.198784
2896;5.27395e+150;0.000352567;0.777152
2897;-4.10946e+126;5.2485e-304;0.204064
2898;-3.00451e+196;2.34019e+127;0.260768
2899;-2.08436e+247;1.08011e-211;0.628832
2900;1.53312e-226;1.58504e+198;0.649728
2901;2.67476e-269;-1.58765e-170;0.271008
2902;-7.28322e-18;3.24078e-231;0.036288
2903;4.04084e-231;1.62896e-269;0.276736
2904;3.7154e-212;2.93005e-115;0.295328
2905;3.05308e-260;1.73551e-255;0.26512
2906;6.76963e+102;2.44414e-260;0.260384
2907;4.8801e-241;3.97447e-202;0.284928
2908;1.03312e-245;-8.02812e-220;0.260128
2909;3.1771e-154;7.78599e-299;0.270592
2910;7.29514e-96;1.59489e+63;0.198016
2911;2.19056e-250;3.79508e-270;0.783008
2912;2.12291e-168;7.16207e-284;0.207712
2913;1.18946e-303;2.69813e-289;0.260512
2914;3.2655e-265;5.1408e-159;0.62912
2915;3.49194e-308;1.37712e+199;0.632544
2916;0.000680124;9.39412e-275;0.270944
2917;3.31861e-207;3.54356e+207;0.036256
2918;1.09721e-192;1.74442e-146;0.26752
2919;3.26707e-260;2.7802e-169;0.29632
2920;2.21624e-236;-1.44367e-231;0.266048
2921;3.94205e-294;-3.87759e-156;0.25936
2922;3.44456e-212;-9.13165e+286;0.30528
2923;2.02142e-284;1.9766e+304;0.251616
2924;2.95123e+16;1.72351e-289;0.262208
2925;2.56786e-289;-3.59835e+199;0.20768
2926;1.68253e-284;8.53397e+213;0.772064
2927;7.1021e+146;3.47588e+141;0.20832
2928;2.79768e-309;2.61439e-230;0.317888
2929;2.56684e-289;-2.61102e-18;0.647968
2930;5.07695e-299;2.42086e-192;0.6312
2931;9.12106e-304;2.69329e+195;0.270144
2932;7.75219e-304;9.22675e+129;0.036224
2933;3.91745e-294;-1.92961e-277;0.296448
2934;1.40705e-309;1.5644e+97;0.295264
2935;3.91668e-294;-4.1534e-270;0.266016
2936;3.13152e-294;-1.41646e-301;0.25952
2937;1.04671e-279;1.62119e-27;0.286272
2938;1.28186e-192;4.92116e+135;0.260448
2939;-2.75661e+60;-1.95658e+124;0.271744
2940;-1.29536e-301;-1.38846e-234;0.207328
2941;-7.06628e+83;-1.97866e-84;0.780352
2942;1.67822e-195;4.89871e-188;0.198144
2943;5.07278e+160;-6.13341e-286;0.260256
2944;6.05303e+26;1.6624e-134;0.637984
2945;5.21007e-270;-1.42787e+284;0.64544
2946;7.59456e-275;9.03467e-144;0.271936
2947;3.41308e+93;8.77765e+174;0.03616
2948;1.43615e-158;1.99777e+30;0.276032
2949;-9.00129e-70;6.42975e-37;0.295424
2950;5.55784e-255;1.85099e-284;0.256512
2951;2.22579e+166;-4.42739e-237;0.268896
2952;-1.0457e-261;2.36038e-183;0.28688
2953;2.07464e+79;9.57716e+39;0.27872
2954;1.09439e-269;-4.46614e-168;0.335776
2955;3.7488e-105;4.56696e+73;0.212736
2956;3.83293e-202;1.10878e-99;0.773184
2957;4.91963e+97;5.64181e-209;0.198112
2958;3.87555e-202;-1.47419e-286;0.260384
2959;2.45189e-163;7.01429e-156;0.639136
2960;2.00725e-164;7.52891e-14;0.637568
2961;3.6304e+286;-3.53455e-268;0.27168
2962;-8.22025e-243;-2.86438e-286;0.03616
2963;-3.33766e-58;4.51467e-294;0.295488
2964;-7.68309e-200;2.56685e-289;0.295584
2965;7.30006e-304;1.70225e+190;0.256096
2966;2.56885e-289;6.76033e-211;0.26848
2967;1.27591e+90;-1.90761e-301;0.297152
3125;3.32953e-294;-7.03385e-303;0.333472
3126;4.97346e-270;5.01792e+64;0.28624
3127;3.8627e+62;2.30261e-28;0.260704
3128;-1.53972e-302;7.52208e-241;0.275936
3129;7.52919e+301;9.86841e+213;0.1976
3130;4.32523e-178;-6.93022e-190;0.808576
3131;6.3645e-47;6.27981e-53;0.20496
3132;7.1978e-255;1.63346e-86;0.260384
3133;9.83696e-101;1.70076e+166;0.260448
3134;6.27053e-120;3.28088e+141;0.291232
3135;2.82688e-164;2.49547e+84;0.270848
3136;6.06381e+213;2.7643e-274;0.279968
3137;-2.16672e-185;2.52061e-308;0.197504
3138;-2.74838e+249;1.01071e-187;0.79536
3139;-8.75089e+108;3.32395e-207;0.208608
3140;4.31938e-207;2.82598e-183;0.26112
3141;1.0705e+59;-1.43832e+85;0.61856
3142;2.7135e-154;-1.54661e-267;0.630784
3143;1.18107e-288;-3.26078e-252;0.267744
3144;8.3009e-246;9.24976e+73;0.03616
3145;3.80982e+15;3.06403e-149;0.295328
3146;5.90482e-183;5.75264e+20;0.279776
3147;3.91183e-207;2.01121e-91;0.264544
3148;1.34663e-284;2.34764e-207;0.242176
3149;2.0842e-76;3.79055e-270;0.29456
3150;9.15123e-111;3.17377e+29;0.333824
3151;3.95063e-236;3.26125e-265;0.270752
3152;6.93518e-222;1.24176e-235;0.198944
3153;6.28326e-299;6.16301e-270;0.736768
3154;3.73251e-294;1.11109e-226;0.204128
3155;4.19387e-309;3.3023e+194;0.26944
3156;1.78933e-81;3.20192e-236;0.66464
3157;1.00126e-216;4.62491e+164;0.629952
3158;1.53337e-255;1.31241e-37;0.26976
3159;4.29576e-207;-1.04182e-131;0.036064
3160;1.82585e+190;1.78726e+229;0.285376
3161;5.50012e-294;-0.000240853;0.305408
3162;4.53658e-241;2.16504e-66;0.264704
3163;1.85296e-284;2.50181e+142;0.260544
3164;2.53134e+60;5.89855e+98;0.2864
3165;1.22348e-250;1.26137e+71;0.260928
3166;1.26815e-279;1.76885e-67;0.269888
3167;8.44437e+16;8.59896e-13;0.198592
3168;2.31081e-289;3.44962e-115;0.743648
3169;2.43908e-289;-2.94994e+92;0.208544
3170;9.12105e-304;4.49647e+06;0.242912
3171;5.67541e-299;4.99293e+07;0.655232
3172;1.59749e-284;-1.98468e-146;0.644448
3173;3.13152e-294;1.11585e+108;0.33568
3174;7.75038e-304;1.76243e-105;0.036096
3175;5.97639e-299;1.13575e-269;0.27616
3176;2.56684e-289;1.79678e-139;0.295456
3177;8.73622e-251;4.08067e+20;0.273312
3178;1.37532e-278;4.40207e+136;0.261984
3179;5.8912e+122;7.06377e+194;0.29456
3180;8.00506e-87;-9.78648e+197;0.27936
3181;-4.63825e-32;-8.83058e-235;0.271104
3182;2.3924e+126;2.5668e-250;0.196192
3183;-3.49435e+105;4.50937e-241;0.763424
3184;6.23047e-32;6.627e-270;0.207584
3185;2.69562e-289;1.65806e-303;0.270912
3186;2.31031e-289;5.965e+15;0.638176
3187;3.02588e+112;4.54358e+188;0.636192
3188;1.25398e+207;1.25086e+244;0.288672
3189;-7.75535e-45;2.2168e-149;0.036096
3190;-1.19939e-228;5.89927e-183;0.29456
3191;1.99476e-42;9.27252e+20;0.295456
3192;1.27602e-120;-4.08794e-298;0.273504
3193;-1.17862e-141;1.60509e-158;0.268736
3194;1.06621e-47;-2.93309e-209;0.303776
3195;5.11559e-260;3.49947e+218;0.268864
3196;1.41539e-182;1.05792e+218;0.279648
3197;0.000869039;1.37621e-65;0.18944
3198;1.90717e-162;-19780.9;0.790624
3199;6.30707e+44;-1.27407e-135;0.25088
3200;9.49071e+101;1.22439e-149;0.261344
3201;-1.14755e+70;5.98338e+174;0.643008
3202;2.00035e+35;2.1711e+277;0.6288
3203;2.36303e-197;4.85957e+98;0.27024
3204;1.36616e-173;6.11906e+300;0.036096
3205;2.56734e-289;-1.97131e-59;0.271488
3206;1.93571e-284;-2.03536e-214;0.286944
3207;2.89311e-15;3.43745e-226;0.265088
3208;2.78779e-28;1.04886e-274;0.270656
3209;1.22209e+263;6.77569e-154;0.304832
3210;4.71984e-183;7.0359e+189;0.260864
3211;7.03769e+137;-6.3514e-103;0.270656
3212;1.37755e-235;-1.95819e-278;0.197728
3213;7.38857e-96;-6.43552e-94;0.790752
3214;9.2822e-248;-1.48524e-199;0.20304
3215;1.72046e+152;8.69866e-110;0.262048
3216;7.49973e+242;1.74895e-250;0.648288
3217;2.13812e-273;3.4941e-308;0.668032
3218;-2.43122e+278;4.54372e-110;0.279968
3219;-8.01521e+32;1.08906e-129;0.036128
3220;2.69966e-202;1.84173e-250;0.273856
3221;-2.19912e-279;9.33876e-193;0.295456
3222;4.80989e+06;-5.41141e+201;0.272992
3223;8.80697e-284;-5.33165e-258;0.260992
3224;3.02352e-207;-17376.7;0.482272
3225;5.28649e-52;3.38836e+49;0.27088
3226;6.053e-111;-2.14313e+40;0.28
3227;3.46878e-260;2.55834e-115;0.202656
3228;2.35634e-284;8.89129e-246;0.777376
3229;5.76164e-67;1.4002e-255;0.200032
3230;6.91341e+58;5.927e-05;0.270272
3231;1.25597e-197;3.91978e-294;0.652736
3232;8.32644e-222;4.02502e-255;0.638272
3233;3.08194e-289;2.91241e-231;0.279552
3234;9.60359e-304;1.05873e-226;0.036064
3235;1.40158e-309;2.83561e+35;0.285376
3236;1.09602e-105;8.32648e-275;0.29616
3237;2.17562e-110;1.49505e-33;0.274688
3238;2.74642e-139;7.93434e-116;0.261408
3239;2.33328e-226;-4.55572e-226;0.29472
3240;1.47242e-168;-2.98417e-131;0.2688
3241;9.78648e-275;-1.85724e-76;0.28032
3242;4.81907e-212;-4.00912e+41;0.204736
3243;6.4024e-270;6.19678e+128;0.808608
3244;3.79195e+50;8.03981e-56;0.21744
3245;4.78299e-299;4.25195e+273;0.27056
3246;2.43758e-289;1.60375e-158;0.636896
3247;4.66729e+16;1.024e-254;0.629408
3248;1.59848e-284;1.05881e-225;0.27904
3249;2.30981e-289;-1.16462e-120;0.036064
3250;1.40705e-309;-2.17392e-209;0.276384
3251;5.97639e-299;2.788e+59;0.296192
3252;1.6822e-284;5.42677e-183;0.264384
3253;4.77831e-299;3.99907e-125;0.269792
3254;3.72021e-294;2.13489e-260;0.285376
3255;5.37795e-299;1.83727e-250;0.26176
3256;2.43757e-289;4.11547e-294;0.279488
3257;2.03406e-260;9.17582e-246;0.202688
3258;8.29055e+146;4.88209e-241;0.786144
3259;5.73309e+204;2.00192e-255;0.203072
3260;2.75217e+210;6.32365e-163;0.26032
3261;-6.64287e+50;-2.46537e+85;0.66496
3262;4.26937e-139;3.08027e-284;0.656704
3263;-3.26527e-141;1.05159e+88;0.270112
3264;4.0785e-27;4.81817e+15;0.036096
3265;7.5875e-275;1.27592e-129;0.276864
3266;1.26794e-279;3.5181e-09;0.295168
3267;4.49525e-23;7.04583e+241;0.273088
3268;-6.95981e-06;5.28617e-158;0.269856
3269;-5.9378e-273;2.30487e+162;0.294688
3270;2.07097e-168;2.25224e+11;0.262112
3271;7.93415e-115;2.98043e-67;0.270784
3272;2.58008e+281;-7.40743e-125;0.19792
3273;-7.29094e-278;5.20667e-96;0.734592
3274;-417.423;9.07998e-17;0.203072
3275;2.48414e-182;2.2643e+252;0.270528
3276;9.33734e-173;1.59535e+116;0.657696
3277;8.43624e+25;5.70703e-37;0.643104
3278;6.86293e-71;-7.18217e+87;0.279296
3279;8.90169e-100;-6.23146e+93;0.036064
3280;1.6725e+153;3.28139e-159;0.277888
3437;1.2729e-138;2.37337e-104;0.026624
3438;6.47004e-270;4.72773e+51;0.024576
3439;1.13895e-250;-2.90967e-175;0.022528
3440;-1.36846e-264;2.91393e-120;0.026624
3441;-3.37031e+252;6.26822e-19;0.023552
3442;2.32783e+185;3.28126e+228;0.024576
3443;9.27344e+121;4.47729e-100;0.02048
3444;2.54411e-207;9.23263e+126;0.06144
3445;2.56684e-289;-2.21034e-277;0.021504
3446;5.38146e-299;1.58985e-27;0.023552
3447;2.98808e+138;15.5959;0.049152
3448;-2.58866e+92;1.37671e-187;0.050176
3449;1.30101e+162;2.84626e-173;0.0256
3450;2.64796e-158;1.86926e-221;0.008192
3451;8.80423e+154;2.79785e-265;0.026624
3452;3.74025e-221;4.82935e+38;0.027648
3453;6.83247e+44;9.01989e-183;0.024576
3454;3.2135e+234;1.68254e-284;0.023552
3455;7.24572e+46;3.04463e-284;0.026624
3456;3.84708e+243;2.35931e-284;0.024576
3457;-8.26773e+219;4.18859e-309;0.024576
3458;-3.8423e+118;4.2134e+122;0.02048
3459;5.8644e+126;3.50182e+223;0.06144
3460;1.93558e-255;1.1417e-71;0.021504
3461;1.32037e-52;4.31587e-294;0.022528
3462;4.40962e+24;2.85153e+103;0.050176
3463;1.87338e-245;4.41453e-62;0.050176
3464;3.34881e+170;2.44013e-289;0.0256
3465;2.36991e-221;0.000399418;0.008192
3466;4.49119e-43;1.0396e-10;0.024576
3467;2.10508e-279;-5.37213e-166;0.02064
3468;2.12414e-183;1.15189e+12;0.06144
3469;3.07409e-158;1.16697e+268;0.021504
3470;2.74518e-139;2.31002e+268;0.023552
3471;5.59569e-265;1.00072e-216;0.049152
3472;3.32057e-202;2.0987e-197;0.050176
3473;1.60045e-284;4.11242e-294;0.0256
3474;4.90603e-294;6.88912e-246;0.008192
3475;0;8.05183e-246;0.026624
3476;4.4621e-212;4.89408e-202;0.026624
3477;1.54093e-192;4.32231e-77;0.024576
3478;1.69432e-226;3.64572e+25;0.023552
3479;3.46874e-289;2.34185e+11;0.026624
3480;6.37811e-299;3.48898e-221;0.023552
3481;7.84445e-284;1.25914e+75;0.024576
3482;1.66961e-221;1.65101e+128;0.02048
3483;2.34052e-260;3.41849e-62;0.06144
3484;1.06618e-81;-8.16522e-138;0.021504
3485;3.91898e-294;4.09763e-304;0.022528
3486;2.78682e-309;1.46542e-104;0.050176
3487;5.63243e+45;2.56339e-62;0.050176
3488;1.76561e-284;1.15371e-192;0.0256
3489;7.29113e-304;5.51611e+106;0.008192
3490;2.18254e-289;1.77473e-144;0.026624
3491;2.56734e-289;2.94137e-149;0.026624
3492;5.58441e-309;6.28381e-159;0.024576
3493;3.91745e-294;3.55951e-149;0.023552
3494;5.58446e-309;1.26867e-250;0.026624
3495;3.91823e-294;4.73318e-270;0.023552
3496;2.43758e-289;3.92206e-294;0.024576
3497;8.29976e-251;1.54597e-279;0.021504
3498;-1.3809e-98;2.31283e-289;0.06144
3499;9.9391e-225;6.86822e-275;0.021504
3500;1.73611e-274;2.70181e-284;0.022528
3501;-8.15905e+219;6.1287e-188;0.050176
3502;-1.50861e-243;1.00563e-269;0.050176
3503;-9.40329e-244;-6.52363e-172;0.0256
3504;4.19619e-32;1.91016e+15;0.008192
3505;1.26837e-279;2.30576e-192;0.026624
3506;3.9167e-294;1.29876e+11;0.026624
3507;1.06353e-86;-2.04267e-302;0.024576
3508;1.15791e-187;-7.25975e-74;0.023552
3509;-1.20309e-175;-9.40761e-299;0.026624
3510;-1.05587e-267;-5.93788e-226;0.024576
3511;1.00911e-153;-2.11115e-171;0.024576
3512;1.41746e+161;-1.21278e+250;0.020512
3513;2.49812e-98;4.97656e-164;0.06144
3514;2.56702e+26;-4.5915e-256;0.021504
3515;2.48501e+257;-5.84424e-158;0.023552
3516;4.15348e-134;2.08557e+34;0.050176
3517;2.19276e-182;4.40885e-157;0.050176
3518;1.3644e-250;7.87942e+10;0.0256
3519;5.82368e-231;1.79964e-66;0.008192
3520;7.42347e-42;8.65819e-188;0.026624
3521;-1.81131e+172;2.46888e-96;0.026624
3522;26.1448;-6.76984e-249;0.024576
3523;-2.60465e+92;1.53322e-27;0.023552
3524;2.51793e-154;9.92153e+126;0.026624
3525;2.69611e-289;1.03805e+204;0.02384
3526;2.18205e-289;3.2351e+88;0.024576
3527;1.36329e+148;2.69819e-202;0.021504
3528;-3.49444e-174;5.22188e-197;0.06144
3529;6.18974e+75;6.33946e-130;0.021504
3530;2.05624e-120;4.87901e-207;0.023552
3531;1.39198e+116;3.88243e-260;0.049152
3532;6.55638e-226;2.68522e-106;0.050176
3533;6.6211e+102;3.09683e-289;0.0256
3534;3.10949e-257;1.2135e-279;0.008224
3535;1.37188e-35;2.95225e-260;0.026624
3536;2.83743e+257;5.97757e-299;0.026624
3537;3.92045e-173;3.06983e-308;0.024576
3538;-2.31068e-36;1.76106e-197;0.023552
3539;1.09321e+243;2.32608e-149;0.026624
3540;1.35614e-250;2.3108e-245;0.024576
3541;8.51564e-53;-3.27526e+182;0.024576
3542;4.17965e-182;1.59791e-168;0.02048
3543;1.97799e-221;-3.62687e-185;0.06144
3544;1.30393e-143;2.93837e-178;0.02048
3545;7.47085e-299;8.04463e-91;0.022528
3546;1.89187e-139;4.02704e-57;0.049152
3547;2.44046e-226;2.19534e+49;0.050176
3548;3.85104e-159;4.72257e+131;0.0256
3549;8.34375e-144;4.53722e+132;0.008192
3550;3.25542e-43;3.75465e+174;0.026624
3551;4.03265e-231;1.7943e-168;0.026624
3552;1.4832e-163;5.45902e-207;0.0256
3553;3.57561e-265;3.72642e-265;0.022528
3554;2.19053e-284;2.39712e-178;0.026624
3555;4.94066e-324;2.35325e-260;0.023552
3556;4.26365e-270;7.05878e-120;0.024576
3557;1.48055e-226;2.52213e-120;0.020544
3558;9.76146e-246;2.44338e-284;0.06144
3559;6.35715e-217;8.01811e-91;0.021504
3560;6.70029e-270;1.81604e-226;0.022528
3561;3.00831e-264;-1.50256e-89;0.050176
3562;2.65234e-226;2.41366e+61;0.050176
3563;3.69191e-236;2.70841e-197;0.0256
3564;2.39743e-81;8.5798e+49;0.008192
3565;8.31097e-275;2.21586e-149;0.026624
3566;2.56584e-289;6.05083e+301;0.026624
3567;-7.04787e-282;1.70316e-192;0.024576
3568;6.87818e-299;1.7247e-173;0.022528
3569;3.32877e-294;1.82791e-62;0.026752
3570;2.05378e-289;3.09168e-91;0.024576
3571;3.91746e-294;7.60864e-270;0.024576
3572;8.66533e-304;1.90175e-139;0.02048
3573;2.80311e-309;1.48655e-192;0.06144
3574;4.19374e-309;1.7337e-255;0.021504
3575;2.56786e-289;2.69764e-289;0.023552
3576;3.91669e-294;1.26794e-279;0.049152
3577;3.10312e-265;3.15589e-260;0.050176
3578;1.51545e-07;5.38148e-299;0.0256
3579;6.75725e-196;1.26859e-279;0.008192
3580;1.86405e-47;1.23038e-274;0.026624
3581;-147.009;1.60323e-14;0.026624
3582;-3.70495e+236;8.93822e-246;0.024576
3583;-2.40431e-161;6.87963e-246;0.023552
3584;1.68912e-51;5.09256e-294;0.026624
3585;4.97254e-270;3.07142e-144;0.023648
3586;6.50296e-275;1.94173e-250;0.024576
3587;44.3128;-3.12395e-273;0.02048
3588;7.38288e+281;9.23096e-39;0.06144
3589;-6.61947e-224;-5.35684e+69;0.021504
3590;4.37618e+112;2.08311e+275;0.023552
3591;1.7093e-182;1.67041e-168;0.050176
3592;2.37827e+281;8.09801e-187;0.050176
3750;-6.14284e-268;1.79924e-255;0.023552
3751;3.49657e+78;-2.0686e-190;0.024576
3752;3.99313e+15;1.95027e-205;0.02048
3753;1.5217e-182;-6.39903e+190;0.06144
3754;3.16123e-163;8.8241e-124;0.021504
3755;2.52215e-120;1.89733e+199;0.023552
3756;2.11979e-81;1.14367e-38;0.049152
3757;-5.52943e-230;3.19691e-176;0.050176
3758;8.80382e-77;1.65669e-93;0.0256
3759;1.38089e-105;7.65344e+140;0.008192
3760;-1.80299e+273;8.69471e-275;0.026624
3761;1.22191e-129;9.26137e-34;0.026624
3762;2.51964e-133;3.7902e-09;0.024576
3763;-7.42273e-132;-3.32805e-276;0.022528
3764;1.69778e+59;3.3841e+69;0.027648
3765;5.97875e-299;1.24765e+103;0.024576
3766;2.56684e-289;5.99906e-226;0.024576
3767;-6.98201e-214;1.04102e-42;0.02048
3768;2.45542e-293;2.35203e-293;0.06144
3769;2.27477e-250;2.94017e-173;0.021504
3770;3.33461e-207;1.87029e-255;0.023552
3771;1.29289e-57;3.7252e-265;0.049408
3772;2.75222e-269;3.37245e-48;0.050176
3773;4.63218e+145;1.0139e-250;0.0256
3774;-1.47524e-218;7.29293e-304;0.008192
3775;128170;4.77833e-299;0.026624
3776;-5.28794e-288;3.56892e-265;0.026624
3777;8.43683e+93;2.37286e-308;0.024576
3778;-4.86966e-304;8.95134e+20;0.022528
3779;8.04419e+197;-4.71055e-215;0.023552
3780;3.46168e-202;7.80132e-77;0.049152
3781;5.61131e+59;3.22531e-144;0.050176
3782;6.54604e-162;2.09018e-18;0.0256
3783;2.13023e+151;5.74001e-14;0.008192
3784;2.75341e-260;0.000864549;0.026624
3785;7.80076e-265;-9.10051e-215;0.027648
3786;6.5829e-217;-2.12352e+270;0.024576
3787;1.83512e-28;3.87986e-173;0.023552
3788;4.65461e-173;1.29759e+297;0.026624
3789;1.42705e-192;4.45746e-212;0.024576
3790;1.06496e+131;28.2235;0.024576
3791;4.81236e-57;6.20836e+121;0.02048
3792;1.54124e-124;-6.24089e-297;0.06144
3793;3.72886e-265;8.31404e-168;0.021504
3794;1.54577e-279;7.81007e-163;0.023552
3795;1.11635e-308;3.15875e-52;0.050176
3796;1.93572e-284;3.73913e-231;0.050176
3797;5.72539e-246;1.60226e-149;0.0256
3798;1.09357e-250;5.04343e+06;0.008192
3799;1.11139e-226;-2.56718e-16;0.026624
3800;1.0207e-274;3.23076e+63;0.026624
3801;3.423e-192;-1.03823e+251;0.024576
3802;5.08056e-241;3.48605e-160;0.023552
3803;2.6466e-260;-1.03764e+254;0.026624
3804;1.07775e-100;2.90467e+06;0.024576
3805;3.91593e-294;3.16419e+68;0.024576
3806;1.13567e-250;9.68434e+262;0.020736
3807;8.31805e-275;2.80224e-09;0.06144
3808;4.50212e-270;6.18729e-58;0.021504
3809;2.43807e-289;-4.89871e-250;0.022528
3810;2.95214e-289;1.38499e-134;0.04928
3811;3.71944e-294;2.67287e-255;0.050176
3812;3.13382e-294;5.83044e-241;0.0256
3813;1.51442e-284;3.13472e-212;0.008192
3814;3.5245e-294;5.44854e-270;0.026624
3815;2.43858e-289;1.00289e-303;0.026624
3816;7.59172e-275;1.46572e-255;0.024576
3817;1.19958e-255;1.25433e-308;0.023552
3818;7.01475e+34;4.34607e-265;0.026624
3819;6.47984e-101;1.40068e-255;0.023552
3820;1.5857e+293;4.04263e-265;0.024576
3821;1.35348e+63;4.45225e+125;0.02048
3822;1.70323e+235;2.11213e-273;0.06144
3823;-4.04916e-180;3.37294e-148;0.02048
3824;2.86863e-46;1.21351e-56;0.022528
3825;3.5245e-294;2.69935e-195;0.050176
3826;8.31522e-275;1.10582e-62;0.050176
3827;1.09526e+35;-1.77522e-99;0.0256
3828;2.15503e-13;-2.20388e-269;0.008192
3829;-4.80471e-176;-1.03493e-65;0.026624
3830;-5.26878e-224;0.00022957;0.026624
3831;1.98054e+132;-1.64837e-261;0.024576
3832;2.07745e-72;2.02807e-258;0.023552
3833;2.79936e-67;-5.51092e-156;0.026624
3834;3.55387e-149;3.77874e-46;0.024576
3835;1.53226e-144;5.20974e+146;0.024576
3836;1.07407e-100;2.40304e-14;0.021504
3837;3.68592e+189;2.37198e-248;0.06144
3838;1.40237e-134;2.51473e+239;0.021504
3839;2.41873e-153;8.75726e+246;0.022528
3840;3.4709e+222;5.57601e-188;0.049152
3841;-2.22101e-268;1.10046e+179;0.050176
3842;9.65438e+247;1.28228e+30;0.0256
3843;-6.16236e-12;-2.67852e-11;0.008192
3844;6.59497e-153;4.60039e+59;0.026624
3845;9.11928e-304;1.82778e+64;0.026624
3846;3.72174e-294;7.20257e-115;0.024576
3847;-2.23589e-21;2.08123e-91;0.023552
3848;3.40079e-284;2.02669e-240;0.026624
3849;3.72947e-265;1.26753e-250;0.024576
3850;9.853e+25;2.34413e-260;0.024576
3851;6.02476e-67;5.82088e-241;0.02048
3852;2.37288e-269;1.80624e-110;0.06144
3853;1.20424e+184;3.60042e-212;0.021504
3854;2.47677e-172;4.77831e-299;0.023552
3855;1.2457e+73;3.13153e-294;0.049152
3856;2.68618e+280;4.73592e-270;0.050176
3857;6.29554e+103;2.23216e-308;0.0256
3858;-1.10151e-254;3.45779e-135;0.008192
3859;3.62144e+101;162.699;0.026624
3860;1.03626e-245;8.85453e-159;0.026624
3861;3.60669e-168;2.14487e-101;0.024576
3862;-5.06e-185;6.18871e-231;0.023552
3863;5.71049e-178;2.82278e-202;0.026624
3864;1.93538e-284;1.37276e-187;0.02368
3865;1.39519e-221;2.93227e-62;0.024576
3866;1.20229e-245;6.37411e-217;0.02048
3867;1.49761e+243;-6.95179e+288;0.06144
3868;1.03598e-18;0.000292729;0.021504
3869;3.33189e-168;2.45931e-250;0.022656
3870;5.99094e+261;7.03758e+54;0.050176
3871;3.22278e-144;1.05886e-81;0.050176
3872;1.3504e-153;-2.58617e+211;0.0256
3873;2.69713e-289;-3.29486e+08;0.008192
3874;7.73779e-246;4.56743e-08;0.026624
3875;1.53683e-308;-8.55962e-20;0.026624
3876;1.10375e-279;8.14064e-43;0.024576
3877;2.03486e-260;2.66694e-158;0.023552
3878;4.99647e-217;1.5484e-177;0.026624
3879;1.05924e-226;-1.0062e-203;0.023552
3880;2.46652e-260;2.13408e-35;0.024576
3881;1.88988e-259;-1.64501e+83;0.02048
3882;6.04165e-246;-1.25291e-307;0.06144
3883;1.93505e-284;-9.99093e-125;0.021504
3884;8.49363e-96;3.50105e+189;0.023552
3885;2.82438e-289;-6.60331e-65;0.050176
3886;7.75579e-304;-9.12528e+105;0.050176
3887;5.45314e-270;1.81247e+155;0.0256
3888;9.38929e-280;5.02092e-101;0.008192
3889;8.21145e-304;-8.3381e-149;0.026624
3890;1.43035e-284;3.12162e-120;0.026624
3891;5.37911e-299;6.85531e-212;0.024576
3892;4.78067e-299;5.82972e-241;0.022528
3893;7.22643e-275;3.96779e-188;0.026624
3894;2.30981e-289;1.31129e-250;0.023552
3895;3.91669e-294;2.95166e-289;0.024576
3896;2.56735e-289;2.03327e-260;0.02048
3897;2.21331e-236;7.17332e-299;0.06144
3898;9.7893e-149;5.44482e-270;0.021504
3899;4.40399e+49;6.58798e-246;0.023552
3900;2.30033e-172;7.59457e-275;0.050176
3901;-4.28013e-215;2.86096e+154;0.050176
3902;8.48331e+217;5.77866e-201;0.0256
3903;4.79288e+229;1.50629e-177;0.008192
3904;2.01872e-75;1.82397e+54;0.026624
3905;3.9167e-294;2.52414e-160;0.026624
4062;-1.39242e-132;1.83818e-268;0.02688
4063;3.01115e+153;7.16793e-236;0.026624
4064;2.45029e-61;3.94486e-236;0.024576
4065;1.59847e-284;8.43523e+284;0.023552
4066;2.56785e-289;6.44154e-24;0.026624
4067;2.7852e-76;-1.28707e+196;0.024576
4068;6.48412e-57;1.55455e+254;0.024576
4069;9.75356e-188;-5.5001e-38;0.021504
4070;2.61157e-100;1.4235e-66;0.06144
4071;1.09168e-66;-1.21439e+11;0.021504
4072;2.30449e+239;-5.37936e+298;0.022528
4073;-4.38203e+217;1.48093e+262;0.050176
4074;1.36116e+214;6.88058e+301;0.050176
4075;2.01321e-178;5.28357e+155;0.0256
4076;3.20866e-14;1.75143e+63;0.008192
4077;5.65772e-168;1.70901e-218;0.026624
4078;3.19089e-260;-1.88114e-301;0.026624
4079;3.18777e-250;3.59459e+232;0.024576
4080;2.0993e+35;4.13157e-241;0.022528
4081;1.51616e+199;-1.59425e-191;0.026624
4082;1.50096e+296;7.1162e-62;0.023712
4083;1.26258e+49;1.07331e-27;0.024576
4084;4.04095e-231;3.93223e+25;0.02048
4085;2.31232e-289;2.948e-62;0.06144
4086;7.22644e-275;1.8099e-95;0.021504
4087;1.57803e+16;1.45178e+131;0.023552
4088;6.51145e-275;-1.06541e-127;0.050176
4089;1.43987e+56;2.8565e-226;0.050176
4090;-8.53088e-147;1.72759e-202;0.0256
4091;4.15168e-159;3.08394e-289;0.023552
4092;1.61082e-211;1.09646e-80;0.024576
4093;2.11765e-18;2.35995e-260;0.02048
4094;-3.85884e+24;1.68254e-284;0.06144
4095;1.53502e-176;3.72021e-294;0.021504
4096;1.34426e+23;2.18054e-289;0.022528
4097;1.61999e-319;1.61999e-319;1.61999e-319
4098;0.022528;1.21037e+10;5.82244e+09
4099;0.023552;1.56661e+10;6.19374e+09
4100;0.050176;1.51543e+10;6.51378e+09
4101;0.050176;1.55879e+10;7.2349e+09
4102;0.0256;1.65865e+10;6.3811e+09
4103;0.008448;2.54642e+10;2.58065e+10
4104;0.026624;1.72313e+10;1.6254e+10
4105;0.026624;1.71812e+10;1.71774e+10
4106;0.024576;1.43765e+10;1.46123e+10
4107;0.022528;1.61367e+10;1.58804e+10
4108;0.026688;1.15541e+10;1.4447e+10
4109;0.024576;1.67408e+10;1.59271e+10
4110;0.024576;1.76952e+10;1.64061e+10
4111;0.020672;1.35087e+10;1.45823e+10
4112;0.06144;1.36929e+10;6.89872e+09
4113;0.021504;1.85139e+10;1.5175e+10
4114;0.023552;1.47083e+10;1.54308e+10
4115;0.050176;1.51805e+10;1.73397e+10
4116;0.0512;1.52735e+10;1.70677e+10
4117;0.0256;1.65675e+10;1.53487e+10
4118;0.008192;2.54642e+10;2.58296e+10
4119;0.026624;1.66342e+10;1.53171e+10
4120;0.026624;1.66848e+10;1.56991e+10
4121;0.024576;1.35451e+10;1.56054e+10
4122;0.023552;1.56466e+10;1.48553e+10
4123;0.026624;1.20926e+10;1.24696e+10
4124;0.024576;1.23624e+10;1.18087e+10
4125;0.024576;1.55232e+10;1.38063e+10
4126;0.021504;1.59424e+10;1.28637e+10
4127;0.06144;1.40263e+10;1.76993e+10
4128;0.021504;1.69772e+10;1.23235e+10
4129;0.023552;1.52042e+10;1.59328e+10
4130;0.050176;1.47339e+10;1.46943e+10
4131;0.050176;1.47129e+10;1.79621e+10
4132;0.0256;1.65467e+10;1.35835e+10
4133;0.008192;2.55093e+10;2.58065e+10
4134;0.026624;1.83754e+10;1.78128e+10
4135;0.026816;1.72275e+10;1.52775e+10
4136;0.024576;1.6832e+10;1.5588e+10
4137;0.023552;1.67612e+10;1.53672e+10
4138;0.026624;1.71678e+10;1.67156e+10
4139;0.024576;1.67613e+10;1.49163e+10
4140;0.024576;1.70554e+10;1.69436e+10
4141;0.02048;1.77805e+10;1.55649e+10
4142;0.061536;1.52602e+10;1.81453e+10
4143;0.021504;1.77915e+10;1.46806e+10
4144;0.023552;1.67945e+10;1.49382e+10
4145;0.050176;1.55763e+10;1.70361e+10
4146;0.050176;1.57702e+10;1.83022e+10
4147;0.025824;1.71584e+10;1.57717e+10
4148;0.008192;2.53076e+10;2.58065e+10
4149;0.026624;1.84217e+10;1.67448e+10
4150;0.026624;1.72275e+10;1.61752e+10
4151;0.0256;1.43059e+10;1.39477e+10
4152;0.023552;1.67035e+10;1.53707e+10
4153;0.026624;1.71716e+10;1.62111e+10
4154;0.024576;1.67572e+10;1.53652e+10
4155;0.024576;1.60728e+10;1.58355e+10
4156;0.021504;1.65811e+10;1.56198e+10
4157;0.06144;1.58364e+10;1.89415e+10
4158;0.02048;1.77778e+10;1.42985e+10
4159;0.022528;1.61513e+10;1.59032e+10
4160;0.04944;1.58004e+10;1.57492e+10
4161;0.050176;1.60652e+10;1.63228e+10
4162;0.0256;1.71767e+10;1.6114e+10
4163;0.008192;2.55093e+10;2.58065e+10
4164;0.026624;1.77634e+10;1.62522e+10
4165;0.026624;1.66288e+10;1.61735e+10
4166;0.024576;1.68299e+10;1.5095e+10
4167;0.022528;1.62117e+10;1.44114e+10
4168;0.026624;1.71716e+10;1.58025e+10
4169;0.023552;1.6782e+10;1.43284e+10
4170;0.024576;1.74416e+10;1.53732e+10
4171;0.02048;1.73855e+10;1.50813e+10
4172;0.06144;1.4846e+10;1.86804e+10
4173;0.021504;1.80645e+10;1.51232e+10
4174;0.022528;1.6741e+10;1.49923e+10
4175;0.049152;1.53747e+10;1.73388e+10
4176;0.050176;1.63671e+10;1.82565e+10
4177;0.025696;1.42003e+10;1.3797e+10
4178;0.008224;2.54867e+10;2.58296e+10
4179;0.026624;1.66522e+10;1.62111e+10
4180;0.026624;1.71851e+10;1.56975e+10
4181;0.024576;1.68991e+10;1.56368e+10
4182;0.023552;1.73116e+10;1.64948e+10
4183;0.026624;1.71908e+10;1.62471e+10
4184;0.023552;1.6784e+10;1.5929e+10
4185;0.024576;1.70453e+10;1.58598e+10
4186;0.02048;1.843e+10;1.55187e+10
4187;0.06144;1.56323e+10;1.83906e+10
4188;0.021504;1.77341e+10;1.57402e+10
4189;0.022528;1.68069e+10;1.54815e+10
4190;0.049152;1.58004e+10;1.76371e+10
4191;0.050176;1.60913e+10;1.7343e+10
4192;0.0256;1.70393e+10;1.57769e+10
4193;0.008192;2.54867e+10;2.58065e+10
4194;0.026624;1.84239e+10;1.58073e+10
4195;0.026624;1.84151e+10;1.73031e+10
4196;0.024576;1.68706e+10;1.56351e+10
4197;0.022528;1.67035e+10;1.44374e+10
4198;0.026624;1.71295e+10;1.57733e+10
4199;0.023552;1.66997e+10;1.49114e+10
4200;0.024576;1.70956e+10;1.75473e+10
4201;0.021504;1.77668e+10;1.5032e+10
4202;0.06144;1.60355e+10;1.89357e+10
4203;0.021504;1.86095e+10;1.51232e+10
4204;0.023552;1.6811e+10;1.52824e+10
4205;0.050176;1.55487e+10;1.81941e+10
4206;0.050176;1.60434e+10;1.82685e+10
4207;0.0256;1.65884e+10;1.52823e+10
4208;0.008192;2.55093e+10;2.58296e+10
4209;0.026624;1.77613e+10;1.67284e+10
4210;0.026624;1.80897e+10;1.61565e+10
4211;0.024576;1.62832e+10;1.66754e+10
4212;0.023552;1.67839e+10;1.53672e+10
4213;0.026624;1.71295e+10;1.62111e+10
4214;0.023776;1.61593e+10;1.53895e+10
4215;0.024576;1.70493e+10;1.5865e+10
4216;0.021504;1.7775e+10;1.50655e+10
4217;0.06144;1.53715e+10;1.69318e+10
4375;0.02048;1.72992e+10;1.50026e+10
4376;0.06144;1.50245e+10;1.84357e+10
4377;0.021504;1.86546e+10;1.50797e+10
4378;0.023552;1.67492e+10;1.49382e+10
4379;0.050176;1.557e+10;1.72558e+10
4380;0.050176;1.58425e+10;1.82674e+10
4381;0.0256;1.70735e+10;1.53033e+10
4382;0.008256;2.54867e+10;2.57143e+10
4383;0.026624;1.72313e+10;1.67338e+10
4384;0.026624;1.7212e+10;1.57425e+10
4385;0.024576;1.68971e+10;1.67113e+10
4386;0.023552;1.67241e+10;1.53655e+10
4387;0.026624;1.60939e+10;1.56895e+10
4388;0.024576;1.73966e+10;1.4931e+10
4389;0.024576;1.66055e+10;1.63505e+10
4390;0.02064;1.77613e+10;1.64015e+10
4391;0.06144;1.5176e+10;1.83915e+10
4392;0.021504;1.86486e+10;1.51232e+10
4393;0.023552;1.67986e+10;1.49187e+10
4394;0.050176;1.55724e+10;1.7628e+10
4395;0.050176;1.58303e+10;1.82685e+10
4396;0.026624;1.70614e+10;1.52969e+10
4397;0.008192;2.54417e+10;2.58296e+10
4398;0.026624;1.77408e+10;1.67722e+10
4399;0.026624;1.72236e+10;1.56895e+10
4400;0.024576;1.68767e+10;1.61553e+10
4401;0.022528;1.67674e+10;1.49123e+10
4402;0.026624;1.60669e+10;1.5308e+10
4403;0.023808;1.6782e+10;1.5393e+10
4404;0.024576;1.76887e+10;1.58113e+10
4405;0.02048;1.77998e+10;1.50124e+10
4406;0.06144;1.449e+10;1.76467e+10
4407;0.021504;1.86486e+10;1.5155e+10
4408;0.022656;1.73643e+10;1.49973e+10
4409;0.050176;1.525e+10;1.60192e+10
4410;0.050176;1.53451e+10;1.73607e+10
4411;0.0256;1.77169e+10;1.68961e+10
4412;0.008224;2.54867e+10;2.56228e+10
4413;0.026624;1.6654e+10;1.57571e+10
4414;0.026624;1.71812e+10;1.57119e+10
4415;0.0256;1.68543e+10;1.5588e+10
4416;0.023552;1.67199e+10;1.59157e+10
4417;0.026624;1.66342e+10;1.57635e+10
4418;0.023552;1.62054e+10;1.41176e+10
4419;0.024576;1.70493e+10;1.54043e+10
4420;0.02048;1.73018e+10;1.45786e+10
4421;0.06144;1.48328e+10;1.81605e+10
4422;0.021504;1.86065e+10;1.51252e+10
4423;0.022528;1.74108e+10;1.66208e+10
4424;0.050176;1.49211e+10;1.73329e+10
4425;0.050176;1.58442e+10;1.79485e+10
4426;0.0256;1.70916e+10;1.5705e+10
4427;0.008192;2.55093e+10;2.58065e+10
4428;0.026624;1.65911e+10;1.52805e+10
4429;0.026624;1.81068e+10;1.7241e+10
4430;0.024576;1.69318e+10;1.51391e+10
4431;0.023552;1.68546e+10;1.64928e+10
4432;0.026624;1.71716e+10;1.62454e+10
4433;0.023808;1.6782e+10;1.59401e+10
4434;0.024576;1.70594e+10;1.58338e+10
4435;0.02048;1.7775e+10;1.50754e+10
4436;0.06144;1.52545e+10;1.83915e+10
4437;0.021504;1.77368e+10;1.50483e+10
4438;0.022528;1.67472e+10;1.54047e+10
4439;0.049152;1.582e+10;1.76351e+10
4440;0.0512;1.61014e+10;1.82489e+10
4441;0.0256;1.70614e+10;1.53601e+10
4442;0.008224;2.54642e+10;2.58528e+10
4443;0.026624;1.80261e+10;1.72759e+10
4444;0.027648;1.71563e+10;1.56767e+10
4445;0.024576;1.68665e+10;1.66734e+10
4446;0.023552;1.61789e+10;1.54178e+10
4447;0.026624;1.66811e+10;1.58041e+10
4448;0.023552;1.32517e+10;1.25306e+10
4449;0.024576;1.71706e+10;1.54289e+10
4450;0.02048;1.76985e+10;1.50007e+10
4451;0.06144;1.53876e+10;1.69912e+10
4452;0.021504;1.78025e+10;1.56484e+10
4453;0.023552;1.73489e+10;1.65264e+10
4454;0.050176;1.58814e+10;1.7056e+10
4455;0.050176;1.63064e+10;1.83011e+10
4456;0.0256;1.70353e+10;1.53325e+10
4457;0.008192;2.55093e+10;2.58296e+10
4458;0.026624;1.8382e+10;1.61735e+10
4459;0.026624;1.6645e+10;1.56911e+10
4460;0.024576;1.67734e+10;1.46706e+10
4461;0.022528;1.7327e+10;1.53864e+10
4462;0.026624;1.70952e+10;1.62609e+10
4463;0.024576;1.67923e+10;1.59345e+10
4464;0.024576;1.76823e+10;1.58182e+10
4465;0.02048;1.77613e+10;1.49831e+10
4466;0.06144;1.53696e+10;1.86587e+10
4467;0.021504;1.85825e+10;1.49663e+10
4468;0.022528;1.60885e+10;1.5377e+10
4469;0.050176;1.53447e+10;1.76452e+10
4470;0.050176;1.58605e+10;1.70082e+10
4471;0.0256;1.76435e+10;1.53325e+10
4472;0.008192;2.54642e+10;2.58528e+10
4473;0.026624;1.80113e+10;1.72565e+10
4474;0.026624;1.32964e+10;1.45303e+10
4475;0.024576;1.68665e+10;1.51195e+10
4476;0.022816;1.6177e+10;1.64649e+10
4477;0.026624;1.72333e+10;1.62316e+10
4478;0.024576;1.67675e+10;1.59551e+10
4479;0.024576;1.70896e+10;1.48971e+10
4480;0.021504;1.77613e+10;1.50537e+10
4481;0.06144;1.50067e+10;1.64962e+10
4482;0.021504;1.86035e+10;1.52552e+10
4483;0.023552;1.67883e+10;1.7012e+10
4484;0.050176;1.5105e+10;1.60142e+10
4485;0.050176;1.56945e+10;1.79611e+10
4486;0.0256;1.66017e+10;1.45703e+10
4487;0.008192;2.54192e+10;2.58296e+10
4488;0.026624;1.72313e+10;1.58236e+10
4489;0.026624;1.66703e+10;1.52034e+10
4490;0.024576;1.74255e+10;1.55759e+10
4491;0.023552;1.6757e+10;1.49123e+10
4492;0.026624;1.71697e+10;1.52958e+10
4493;0.023552;1.67696e+10;1.53947e+10
4494;0.024576;1.70815e+10;1.53618e+10
4495;0.021504;1.77888e+10;1.5105e+10
4496;0.06144;1.50767e+10;1.73928e+10
4497;0.021504;1.81956e+10;1.5157e+10
4498;0.023552;1.67246e+10;1.49105e+10
4499;0.050176;1.53709e+10;1.60949e+10
4500;0.050176;1.58409e+10;1.76578e+10
4501;0.0256;1.76736e+10;1.53748e+10
4502;0.008224;2.54867e+10;2.58528e+10
4503;0.026624;1.77613e+10;1.7309e+10
4504;0.026624;1.72139e+10;1.57023e+10
4505;0.024576;1.74734e+10;1.55637e+10
4506;0.022528;1.66933e+10;1.53464e+10
4507;0.026624;1.77122e+10;1.78087e+10
4508;0.024576;1.67861e+10;1.58328e+10
4509;0.024576;1.76134e+10;1.53357e+10
4510;0.02048;1.70027e+10;1.43513e+10
4511;0.06144;1.53364e+10;1.7645e+10
4512;0.021504;1.77696e+10;1.49993e+10
4513;0.023552;1.6203e+10;1.59124e+10
4514;0.050176;1.57792e+10;1.55558e+10
4515;0.050176;1.58376e+10;1.63211e+10
4516;0.0256;1.70313e+10;1.63653e+10
4517;0.008192;2.54642e+10;2.58296e+10
4518;0.026624;1.72352e+10;1.57716e+10
4519;0.027648;1.66234e+10;1.62196e+10
4520;0.024576;1.62889e+10;1.46307e+10
4521;0.022528;1.67736e+10;1.5362e+10
4522;0.026624;1.71678e+10;1.53646e+10
4523;0.024576;1.67944e+10;1.64857e+10
4524;0.024576;1.6524e+10;1.53944e+10
4525;0.02048;1.69751e+10;1.49325e+10
4526;0.06144;1.57572e+10;1.84062e+10
4527;0.021504;1.7797e+10;1.54991e+10
4528;0.022784;1.3858e+10;1.09461e+10
4529;0.050176;1.5042e+10;1.65593e+10
4530;0.050176;1.58238e+10;1.73744e+10
4687;0.023552;1.63994e+10;1.52995e+10
4688;0.050176;1.58151e+10;1.72938e+10
4689;0.050176;1.55666e+10;1.78942e+10
4690;0.0256;1.66036e+10;1.48956e+10
4691;0.008192;2.55546e+10;2.58296e+10
4692;0.026624;1.83425e+10;1.72101e+10
4693;0.026624;1.71276e+10;1.62248e+10
4694;0.024576;1.69114e+10;1.55533e+10
4695;0.022528;1.61233e+10;1.44129e+10
4696;0.026624;1.77306e+10;1.5728e+10
4697;0.023552;1.66406e+10;1.4499e+10
4698;0.024576;1.77342e+10;1.52952e+10
4699;0.020672;1.76767e+10;1.45639e+10
4700;0.06144;1.49756e+10;1.65346e+10
4701;0.021504;1.85079e+10;1.57359e+10
4702;0.022528;1.67348e+10;1.64448e+10
4703;0.050176;1.5624e+10;1.67649e+10
4704;0.050176;1.53928e+10;1.7344e+10
4705;0.0256;1.70433e+10;1.52309e+10
4706;0.008192;2.55546e+10;2.58065e+10
4707;0.026624;1.83425e+10;1.66252e+10
4708;0.026624;1.6636e+10;1.72876e+10
4709;0.024576;1.69318e+10;1.45986e+10
4710;0.022528;1.6755e+10;1.5343e+10
4711;0.026624;1.66468e+10;1.57119e+10
4712;0.024576;1.67018e+10;1.59569e+10
4713;0.024576;1.77429e+10;1.68333e+10
4714;0.02048;1.76686e+10;1.45106e+10
4715;0.06144;1.54443e+10;1.84468e+10
4716;0.021504;1.06529e+10;1.26118e+10
4717;0.022528;1.67205e+10;1.64984e+10
4718;0.050176;1.55993e+10;1.6036e+10
4719;0.050176;1.56172e+10;1.75992e+10
4720;0.0256;1.65751e+10;1.52678e+10
4721;0.008192;2.55546e+10;2.58296e+10
4722;0.026624;1.71831e+10;1.57039e+10
4723;0.06144;1.58031e+10;1.87174e+10
4724;0.021504;1.80815e+10;1.51371e+10
4725;0.022528;1.61094e+10;1.49464e+10
4726;0.050176;1.5624e+10;1.75171e+10
4727;0.050176;1.58156e+10;1.79088e+10
4728;0.0256;1.65998e+10;1.53082e+10
4729;0.008192;2.53968e+10;2.58296e+10
4730;0.026624;1.66054e+10;1.52139e+10
4731;0.026624;1.72333e+10;1.7307e+10
4732;0.024576;1.68828e+10;1.5562e+10
4733;0.022528;1.67694e+10;1.49352e+10
4734;0.026624;1.6627e+10;1.57184e+10
4735;0.023552;1.66406e+10;1.65116e+10
4736;0.024576;1.65599e+10;1.57648e+10
4737;0.02048;1.68953e+10;1.50932e+10
4738;0.06144;1.5323e+10;1.76425e+10
4739;0.021504;1.80787e+10;1.58049e+10
4740;0.023552;1.66777e+10;1.53632e+10
4741;0.049152;1.58216e+10;1.50612e+10
4742;0.050176;1.58099e+10;1.82316e+10
4743;0.0256;1.77516e+10;1.53357e+10
4744;0.008192;2.55319e+10;2.58296e+10
4745;0.026624;1.72236e+10;1.72526e+10
4746;0.026624;1.71716e+10;1.62111e+10
4747;0.024576;1.69339e+10;1.6068e+10
4748;0.022528;1.67117e+10;1.48132e+10
4749;0.026624;1.72236e+10;1.57119e+10
4750;0.024576;1.66895e+10;1.5433e+10
4751;0.024576;1.65429e+10;1.6345e+10
4752;0.02048;1.77586e+10;1.50242e+10
4753;0.06144;1.51716e+10;1.84191e+10
4754;0.021504;1.85079e+10;1.50502e+10
4755;0.022528;1.68069e+10;1.49008e+10
4756;0.049152;1.5802e+10;1.67796e+10
4757;0.050176;1.56426e+10;1.7343e+10
4758;0.0256;1.71706e+10;1.52839e+10
4759;0.008192;2.55319e+10;2.58065e+10
4760;0.026624;1.8404e+10;1.73148e+10
4761;0.026624;1.71639e+10;1.58073e+10
4762;0.024576;1.75436e+10;1.5493e+10
4763;0.022528;1.66442e+10;1.53499e+10
4764;0.026624;1.6627e+10;1.52684e+10
4765;0.023552;1.6661e+10;1.49294e+10
4766;0.024576;1.71037e+10;1.53163e+10
4767;0.02048;1.69426e+10;1.51588e+10
4768;0.061472;1.56329e+10;1.75234e+10
4769;0.021504;1.52957e+10;1.03713e+10
4770;0.022528;1.67205e+10;1.44562e+10
4771;0.050176;1.55384e+10;1.73006e+10
4772;0.050176;1.58679e+10;1.85832e+10
4773;0.0256;1.71037e+10;1.52823e+10
4774;0.008192;2.55546e+10;2.58296e+10
4775;0.026624;1.72236e+10;1.53141e+10
4776;0.026688;1.65803e+10;1.56751e+10
4777;0.024576;1.69257e+10;1.55361e+10
4778;0.022528;1.66892e+10;1.53655e+10
4779;0.026624;1.76694e+10;1.57248e+10
4780;0.023552;1.67079e+10;1.65457e+10
4781;0.024576;1.65732e+10;1.52952e+10
4782;0.02048;1.69525e+10;1.49753e+10
4783;0.06144;1.50656e+10;1.67115e+10
4784;0.021504;1.80872e+10;1.50738e+10
4785;0.022592;1.6809e+10;1.66249e+10
4786;0.050176;1.50007e+10;1.55211e+10
4787;0.050176;1.58425e+10;1.7345e+10
4788;0.0256;1.70956e+10;1.6215e+10
4789;0.009216;2.55546e+10;2.58296e+10
4790;0.027648;1.71831e+10;1.6148e+10
4791;0.026624;1.6692e+10;1.67759e+10
4792;0.024576;1.82202e+10;1.66456e+10
4793;0.022784;1.66646e+10;1.5336e+10
4794;0.026624;1.72236e+10;1.61769e+10
4795;0.023552;1.67038e+10;1.49539e+10
4796;0.024576;1.07132e+10;1.52791e+10
4797;0.02048;1.69226e+10;1.43872e+10
4798;0.06144;1.50748e+10;1.78657e+10
4799;0.021504;1.84931e+10;1.51391e+10
4800;0.023552;1.67205e+10;1.53787e+10
4801;0.050176;1.57955e+10;1.65049e+10
4802;0.050176;1.58687e+10;1.76295e+10
4803;0.0256;1.71219e+10;1.51275e+10
4804;0.008192;2.55319e+10;2.58065e+10
4805;0.026624;1.77984e+10;1.61463e+10
4806;0.026656;1.71716e+10;1.73207e+10
4807;0.024576;1.69216e+10;1.5095e+10
4808;0.023552;1.61157e+10;1.53655e+10
4809;0.026624;1.66902e+10;1.52684e+10
4810;0.023776;1.67264e+10;1.59551e+10
4811;0.024576;1.71625e+10;1.53179e+10
4812;0.02048;1.68928e+10;1.50892e+10
4813;0.06144;1.5563e+10;1.78475e+10
4814;0.021504;1.85675e+10;1.6412e+10
4815;0.022688;1.61742e+10;1.54256e+10
4816;0.050176;1.55922e+10;1.75452e+10
4817;0.050176;1.67405e+10;1.82316e+10
4818;0.0256;1.77669e+10;1.62532e+10
4819;0.008192;2.55319e+10;2.56e+10
4820;0.026624;1.77326e+10;1.72391e+10
4821;0.026624;1.71697e+10;1.53019e+10
4822;0.109568;1.63594e+10;1.40205e+10
4823;0.022528;1.65935e+10;1.53499e+10
4824;0.026784;1.71812e+10;1.61991e+10
4825;0.023808;1.73193e+10;1.53999e+10
4826;0.024576;1.71706e+10;1.57597e+10
4827;0.020544;1.77039e+10;1.50085e+10
4828;0.06144;1.47604e+10;1.84016e+10
4829;0.021504;1.85377e+10;1.51312e+10
4830;0.023552;1.61647e+10;1.49203e+10
4831;0.050176;1.53701e+10;1.70475e+10
4832;0.050176;1.58654e+10;1.79213e+10
4833;0.0256;1.71057e+10;1.52277e+10
4834;0.008192;2.54867e+10;2.58296e+10
4835;0.026624;1.71793e+10;1.66721e+10
4836;0.026624;1.76755e+10;1.67594e+10
4837;0.024576;1.68685e+10;1.51113e+10
4838;0.022528;1.66463e+10;1.49631e+10
4839;0.026624;1.76897e+10;1.72313e+10
4840;0.023552;1.60433e+10;1.4949e+10
4841;0.024704;1.83733e+10;1.62971e+10
4842;0.02048;1.84211e+10;1.57223e+10
4843;0.06144;1.50367e+10;1.78787e+10
4844;0.021504;1.76553e+10;1.5151e+10
4845;0.022528;1.56053e+10;1.54553e+10
4846;0.050176;1.53886e+10;1.65049e+10
4847;0.050176;1.58679e+10;1.85316e+10
4848;0.0256;1.41933e+10;1.38406e+10
4849;0.008192;2.55319e+10;2.58296e+10
4850;0.02688;1.77716e+10;1.72391e+10
4851;0.026624;1.71448e+10;1.61786e+10
4852;0.024576;1.69073e+10;1.55516e+10
4853;0.023552;1.60909e+10;1.48796e+10
4854;0.026624;1.66884e+10;1.61872e+10
4855;0.024576;1.61402e+10;1.65136e+10
4856;0.024576;1.71098e+10;1.5758e+10
4857;0.021504;1.76334e+10;1.50892e+10
4858;0.06144;1.55367e+10;1.86804e+10
4859;0.021504;1.85258e+10;1.5169e+10
4860;0.022528;1.74219e+10;1.53632e+10
4861;0.050176;1.56224e+10;1.72938e+10
4862;0.050176;1.60904e+10;1.79328e+10
4863;0.0256;1.71686e+10;1.52985e+10
4864;0.008192;2.55546e+10;2.57373e+10
4865;0.026624;1.7749e+10;1.7241e+10
4866;0.026624;1.71716e+10;1.57555e+10
4867;0.024576;1.69298e+10;1.60791e+10
4868;0.022528;1.67158e+10;1.40076e+10
4869;0.026624;1.66848e+10;1.67029e+10
4870;0.023712;1.73193e+10;1.54208e+10
4871;0.024576;1.71503e+10;1.48072e+10
4872;0.02048;1.77039e+10;1.43406e+10
4873;0.06144;1.49988e+10;1.79012e+10
4874;0.021504;1.86335e+10;1.51391e+10
4875;0.023552;1.66736e+10;1.54658e+10
4876;0.050176;1.56144e+10;1.78591e+10
4877;0.050176;1.58605e+10;1.82241e+10
4878;0.0256;1.71544e+10;1.48589e+10
4879;0.023552;1.66589e+10;1.58622e+10
4880;0.024576;1.65184e+10;1.53001e+10
4881;0.02048;1.70052e+10;1.51229e+10
4882;0.06144;1.56065e+10;1.87317e+10
4883;0.021504;1.7808e+10;1.50542e+10
4884;0.022528;1.67123e+10;1.54221e+10
4885;0.049152;1.60873e+10;1.79081e+10
4886;0.050176;1.58466e+10;1.76305e+10
4887;0.0256;1.71057e+10;1.53325e+10
4888;0.008192;2.55319e+10;2.57833e+10
4889;0.026624;1.77716e+10;1.72701e+10
4890;0.026624;1.71276e+10;1.61531e+10
4891;0.024576;1.68421e+10;1.55326e+10
4892;0.022528;1.72567e+10;1.59064e+10
4893;0.02672;1.66288e+10;1.72526e+10
4894;0.023552;1.61402e+10;1.49277e+10
4895;0.024576;1.71402e+10;1.6321e+10
4896;0.02048;1.77039e+10;1.43477e+10
4897;0.06144;1.50779e+10;1.86719e+10
4898;0.021504;1.85109e+10;1.56974e+10
4899;0.022528;1.67451e+10;1.4971e+10
4900;0.050176;1.56192e+10;1.75653e+10
4901;0.050176;1.58409e+10;1.82327e+10
4902;0.0256;1.77039e+10;1.47349e+10
4903;0.008192;2.55319e+10;2.58065e+10
4904;0.026624;1.71985e+10;1.71754e+10
4905;0.026624;1.65946e+10;1.5311e+10
4906;0.024576;1.63384e+10;1.50901e+10
4907;0.022528;1.61176e+10;1.54038e+10
4908;0.026624;1.7118e+10;1.57136e+10
4909;0.023552;1.73391e+10;1.49605e+10
4910;0.024576;1.71239e+10;1.58633e+10
4911;0.02048;1.76523e+10;1.50497e+10
4912;0.06144;1.51517e+10;1.76349e+10
4913;0.021504;1.86395e+10;1.5149e+10
4914;0.022816;1.56106e+10;1.44486e+10
4915;0.049152;1.56136e+10;1.76178e+10
4916;0.050176;1.58156e+10;1.82327e+10
4917;0.0256;1.70835e+10;1.5292e+10
4918;0.008192;2.55319e+10;2.58065e+10
4919;0.027392;1.83447e+10;1.7187e+10
4920;0.026656;1.71028e+10;1.57652e+10
4921;0.024576;1.63174e+10;1.66456e+10
4922;0.022816;1.70021e+10;1.48407e+10
4923;0.026624;1.66775e+10;1.7786e+10
4924;0.023552;1.73391e+10;1.54628e+10
4925;0.024576;1.71037e+10;1.53699e+10
4926;0.02048;1.76985e+10;1.50046e+10
4927;0.06144;1.52532e+10;1.78891e+10
4928;0.021504;1.809e+10;1.51411e+10
4929;0.023552;1.66858e+10;1.4948e+10
4930;0.050176;1.55969e+10;1.78581e+10
4931;0.050176;1.54098e+10;1.82143e+10
4932;0.0256;1.71037e+10;1.52245e+10
4933;0.008192;2.55546e+10;2.56456e+10
4934;0.026624;1.80324e+10;1.72391e+10
4935;0.026624;1.71697e+10;1.57216e+10
4936;0.024576;1.68971e+10;1.55481e+10
4937;0.022528;1.73006e+10;1.53759e+10
4938;0.026624;1.72236e+10;1.52623e+10
4939;0.024576;1.67284e+10;1.44913e+10
4940;0.024576;1.77342e+10;1.53504e+10
4941;0.02048;1.7294e+10;1.50793e+10
4942;0.06144;1.55295e+10;1.84385e+10
4943;0.021504;1.84901e+10;1.57338e+10
4944;0.023552;1.55804e+10;1.40374e+10
4945;0.049152;1.53478e+10;1.46993e+10
4946;0.050176;1.58499e+10;1.6277e+10
4947;0.0256;1.65808e+10;1.50786e+10
4948;0.008192;2.55319e+10;2.58296e+10
4949;0.026624;1.72255e+10;1.57023e+10
4950;0.026624;1.71697e+10;1.7309e+10
4951;0.024576;1.68198e+10;1.55154e+10
4952;0.022528;1.66708e+10;1.69894e+10
4953;0.026624;1.66848e+10;1.57264e+10
4954;0.023552;1.67717e+10;1.64956e+10
4955;0.024576;1.71666e+10;1.53309e+10
4956;0.02048;1.76957e+10;1.45326e+10
4957;0.06144;1.49096e+10;1.69101e+10
4958;0.021504;1.84872e+10;1.56952e+10
4959;0.022528;1.56196e+10;1.44531e+10
4960;0.049152;1.5624e+10;1.62202e+10
4961;0.050176;1.56299e+10;1.78755e+10
4962;0.0256;1.77516e+10;1.53098e+10
4963;0.008192;2.55093e+10;2.58296e+10
4964;0.026624;1.72024e+10;1.52608e+10
4965;0.026624;1.83031e+10;1.67175e+10
4966;0.024576;1.63556e+10;1.51473e+10
4967;0.022816;1.67015e+10;1.64192e+10
4968;0.026624;1.8077e+10;1.72101e+10
4969;0.023552;1.66671e+10;1.55191e+10
4970;0.024576;1.65372e+10;1.68627e+10
4971;0.02048;1.6873e+10;1.50576e+10
4972;0.06144;1.50122e+10;1.84044e+10
4973;0.021504;1.8056e+10;1.50995e+10
4974;0.022528;1.73247e+10;1.59944e+10
4975;0.050176;1.53424e+10;1.69429e+10
4976;0.050176;1.5402e+10;1.82143e+10
4977;0.025632;1.71706e+10;1.52727e+10
4978;0.008224;2.55319e+10;2.58065e+10
4979;0.026624;1.83644e+10;1.7272e+10
4980;0.026624;1.71697e+10;1.57555e+10
4981;0.024576;1.69093e+10;1.6616e+10
4982;0.022528;1.67138e+10;1.53759e+10
4983;0.026624;1.6627e+10;1.61889e+10
4984;0.024576;1.67284e+10;1.53843e+10
4985;0.024576;1.71706e+10;1.57751e+10
4986;0.02048;1.77012e+10;1.48515e+10
4987;0.06144;1.51791e+10;1.87165e+10
4988;0.021504;1.86035e+10;1.50758e+10
4989;0.022528;1.67246e+10;1.49154e+10
4990;0.049152;1.5776e+10;1.79427e+10
4991;0.050176;1.56355e+10;1.82652e+10
4992;0.0256;1.71686e+10;1.52566e+10
4993;0.008192;2.54417e+10;2.58296e+10
4994;0.026688;1.84129e+10;1.61226e+10
4995;0.026624;1.71639e+10;1.53034e+10
4996;0.024576;1.68482e+10;1.55793e+10
4997;0.023552;1.66483e+10;1.48911e+10
4998;0.026624;1.72043e+10;1.61667e+10
4999;0.023552;1.61574e+10;1.49605e+10
